0 376.968 376.968
1 329.994 376.968
2 440.503 440.503
3 351.245 440.503
4 452.791 452.791
5 515.119 515.119
6 381.429 515.119
7 366.758 515.119
8 440.214 515.119
9 358.727 515.119
10 334.999 515.119
11 339.748 515.119
12 342.735 515.119
13 338.113 515.119
14 337.129 515.119
15 337.209 515.119
16 553.424 553.424
17 434.782 553.424
18 324.578 553.424
19 361.225 553.424
20 296.389 553.424
21 391.853 553.424
22 276.258 553.424
23 375.802 553.424
24 393.046 553.424
25 414.768 553.424
26 306.43 553.424
27 343.614 553.424
28 363.685 553.424
29 349.721 553.424
30 366.687 553.424
31 284.113 553.424
32 362.638 553.424
33 322.547 553.424
34 318.52 553.424
35 308.066 553.424
36 389.577 553.424
37 296.04 553.424
38 349.101 553.424
39 359.852 553.424
40 392.073 553.424
41 344.305 553.424
42 423.221 553.424
43 306.066 553.424
44 387.929 553.424
45 334.485 553.424
46 300.986 553.424
47 419.095 553.424
48 394.814 553.424
49 316.681 553.424
50 339.884 553.424
51 420.898 553.424
52 405.845 553.424
53 413.583 553.424
54 429.611 553.424
55 419.24 553.424
56 322.56 553.424
57 263.014 553.424
58 289.843 553.424
59 379.801 553.424
60 341.981 553.424
61 379.522 553.424
62 373.226 553.424
63 334.463 553.424
64 399.925 553.424
65 395.792 553.424
66 309.704 553.424
67 472.2 553.424
68 313.071 553.424
69 437.075 553.424
70 450.798 553.424
71 330.213 553.424
72 284.787 553.424
73 357.804 553.424
74 438.681 553.424
75 271.763 553.424
76 342.382 553.424
77 307.787 553.424
78 402.642 553.424
79 398.893 553.424
80 395.042 553.424
81 347.741 553.424
82 220.065 553.424
83 371.633 553.424
84 358.417 553.424
85 319.804 553.424
86 411.279 553.424
87 436.879 553.424
88 365.079 553.424
89 364.115 553.424
90 301.602 553.424
91 421.956 553.424
92 302.541 553.424
93 416.556 553.424
94 380.386 553.424
95 293.231 553.424
96 297.028 553.424
97 400.544 553.424
98 308.684 553.424
99 386.198 553.424
100 333.179 553.424
101 298.814 553.424
102 377.68 553.424
103 464.944 553.424
104 373.507 553.424
105 344.479 553.424
106 344.831 553.424
107 367.06 553.424
108 361.459 553.424
109 377.368 553.424
110 318.803 553.424
111 364.698 553.424
112 365.764 553.424
113 354.374 553.424
114 331.929 553.424
115 325.639 553.424
116 374.4 553.424
117 454.755 553.424
118 395.152 553.424
119 340.304 553.424
120 304.638 553.424
121 389.45 553.424
122 502.208 553.424
123 420.619 553.424
124 359.199 553.424
125 421.35 553.424
126 463.67 553.424
127 393.275 553.424
128 422.408 553.424
129 401.194 553.424
130 367.764 553.424
131 312.443 553.424
132 306.591 553.424
133 385.229 553.424
134 409.815 553.424
135 302.831 553.424
136 400.733 553.424
137 429.8 553.424
138 454.71 553.424
139 424.741 553.424
140 365.062 553.424
141 364.717 553.424
142 335.37 553.424
143 373.475 553.424
144 333.694 553.424
145 395.973 553.424
146 406.628 553.424
147 438.303 553.424
148 369.313 553.424
149 409.514 553.424
150 394.882 553.424
151 386.598 553.424
152 340.504 553.424
153 264.991 553.424
154 355.758 553.424
155 481.589 553.424
156 358.12 553.424
157 349.473 553.424
158 405.418 553.424
159 415.398 553.424
160 337.111 553.424
161 389.342 553.424
162 230.538 553.424
163 367.68 553.424
164 314.255 553.424
165 452.606 553.424
166 361.336 553.424
167 351.571 553.424
168 416.292 553.424
169 410.328 553.424
170 358.456 553.424
171 349.619 553.424
172 393.588 553.424
173 417.563 553.424
174 285.239 553.424
175 404.478 553.424
176 312.035 553.424
177 345.635 553.424
178 371.44 553.424
179 312.138 553.424
180 424.618 553.424
181 303.927 553.424
182 349.469 553.424
183 511.959 553.424
184 501.343 553.424
185 359.13 553.424
186 317.232 553.424
187 441.833 553.424
188 333.681 553.424
189 398.214 553.424
190 361.153 553.424
191 444.126 553.424
192 450.729 553.424
193 352.651 553.424
194 339.199 553.424
195 428.405 553.424
196 379.047 553.424
197 360.488 553.424
198 437.547 553.424
199 423.691 553.424
200 381.199 553.424
201 352.287 553.424
202 357.049 553.424
203 264.451 553.424
204 408.67 553.424
205 368.217 553.424
206 323.931 553.424
207 409.475 553.424
208 406.283 553.424
209 462.883 553.424
210 342.944 553.424
211 286.35 553.424
212 448.912 553.424
213 372.498 553.424
214 271.896 553.424
215 424.688 553.424
216 397.227 553.424
217 516.511 553.424
218 466.519 553.424
219 336.075 553.424
220 421.354 553.424
221 456.171 553.424
222 434.26 553.424
223 301.89 553.424
224 335.396 553.424
225 335.075 553.424
226 396.768 553.424
227 397.729 553.424
228 399.684 553.424
229 403.894 553.424
230 318.2 553.424
231 409.863 553.424
232 334.535 553.424
233 303.894 553.424
234 404.535 553.424
235 313.965 553.424
236 390.132 553.424
237 391.005 553.424
238 394.918 553.424
239 285.01 553.424
240 412.852 553.424
241 361.947 553.424
242 368.367 553.424
243 375.19 553.424
244 366.781 553.424
245 420.802 553.424
246 488.372 553.424
247 409.051 553.424
248 393.699 553.424
249 380.417 553.424
250 303.988 553.424
251 468.057 553.424
252 377.45 553.424
253 397.164 553.424
254 366.348 553.424
255 370.302 553.424
256 333.012 553.424
257 382.033 553.424
258 447.702 553.424
259 404.87 553.424
260 463.409 553.424
261 419.742 553.424
262 347.823 553.424
263 406.54 553.424
264 385.894 553.424
265 357.521 553.424
266 429.842 553.424
267 305.966 553.424
268 414.16 553.424
269 330.609 553.424
270 445.746 553.424
271 458.676 553.424
272 356.681 553.424
273 243.461 553.424
274 360.246 553.424
275 384.109 553.424
276 424.093 553.424
277 327.674 553.424
278 278.719 553.424
279 317.024 553.424
280 441.366 553.424
281 377.533 553.424
282 334.149 553.424
283 275.105 553.424
284 410.664 553.424
285 351.315 553.424
286 461.741 553.424
287 362.802 553.424
288 296.934 553.424
289 373.415 553.424
290 398.944 553.424
291 362.675 553.424
292 196.058 553.424
293 370.131 553.424
294 387.393 553.424
295 314.39 553.424
296 373.963 553.424
297 433.314 553.424
298 402.514 553.424
299 463.365 553.424
300 385.447 553.424
301 389.697 553.424
302 453.216 553.424
303 313.822 553.424
304 389.107 553.424
305 290.629 553.424
306 351.809 553.424
307 385.523 553.424
308 401.01 553.424
309 259.447 553.424
310 409.405 553.424
311 319.752 553.424
312 374.684 553.424
313 438.159 553.424
314 496.132 553.424
315 372.838 553.424
316 434.125 553.424
317 435.787 553.424
318 373.577 553.424
319 403.957 553.424
320 368.313 553.424
321 346.132 553.424
322 263.878 553.424
323 378.089 553.424
324 387.603 553.424
325 377.943 553.424
326 421.293 553.424
327 325.921 553.424
328 340.78 553.424
329 384.42 553.424
330 327.448 553.424
331 280.407 553.424
332 402.005 553.424
333 379.815 553.424
334 425.946 553.424
335 431.746 553.424
336 438.522 553.424
337 314.92 553.424
338 289.968 553.424
339 417.345 553.424
340 255.466 553.424
341 378.765 553.424
342 408.51 553.424
343 433.822 553.424
344 360.866 553.424
345 362.86 553.424
346 290.897 553.424
347 409.212 553.424
348 482.648 553.424
349 306.129 553.424
350 371.565 553.424
351 335.257 553.424
352 414.184 553.424
353 467.471 553.424
354 335.215 553.424
355 408.765 553.424
356 387.984 553.424
357 289.727 553.424
358 346.758 553.424
359 292.831 553.424
360 349.544 553.424
361 258.716 553.424
362 346.901 553.424
363 383.465 553.424
364 376.643 553.424
365 352.777 553.424
366 371.228 553.424
367 433.811 553.424
368 344.433 553.424
369 444.103 553.424
370 369.951 553.424
371 400.36 553.424
372 280.939 553.424
373 428.632 553.424
374 312.019 553.424
375 444.321 553.424
376 431.262 553.424
377 303.097 553.424
378 276.855 553.424
379 444.209 553.424
380 323.439 553.424
381 255.207 553.424
382 368.24 553.424
383 242.416 553.424
384 418.803 553.424
385 435.21 553.424
386 416.595 553.424
387 327.442 553.424
388 374.875 553.424
389 339.496 553.424
390 404.44 553.424
391 344.954 553.424
392 323.766 553.424
393 344.999 553.424
394 393.947 553.424
395 392.924 553.424
396 346.307 553.424
397 407.794 553.424
398 342.057 553.424
399 490.777 553.424
400 322.274 553.424
401 401.582 553.424
402 376.966 553.424
403 335.684 553.424
404 403.888 553.424
405 428.162 553.424
406 481.604 553.424
407 251.538 553.424
408 351.72 553.424
409 405.666 553.424
410 400.255 553.424
411 424.461 553.424
412 377.409 553.424
413 386.268 553.424
414 402.743 553.424
415 247.39 553.424
416 482.575 553.424
417 462.518 553.424
418 425.404 553.424
419 325.726 553.424
420 332.652 553.424
421 370.306 553.424
422 368.354 553.424
423 409.871 553.424
424 449.781 553.424
425 403.589 553.424
426 506.895 553.424
427 349.825 553.424
428 348.819 553.424
429 280.951 553.424
430 398.15 553.424
431 335.442 553.424
432 429.027 553.424
433 438.437 553.424
434 409.007 553.424
435 350.856 553.424
436 388.642 553.424
437 364.656 553.424
438 477.704 553.424
439 420.628 553.424
440 416.449 553.424
441 321.806 553.424
442 415.18 553.424
443 334.159 553.424
444 323.112 553.424
445 393.904 553.424
446 326.007 553.424
447 362.125 553.424
448 439.011 553.424
449 408.12 553.424
450 448.891 553.424
451 287.665 553.424
452 335.153 553.424
453 335.732 553.424
454 336.987 553.424
455 345.173 553.424
456 444.826 553.424
457 414.834 553.424
458 269.737 553.424
459 389.004 553.424
460 361.679 553.424
461 311.769 553.424
462 376.712 553.424
463 449.806 553.424
464 400.068 553.424
465 395.752 553.424
466 328.781 553.424
467 402.371 553.424
468 453.482 553.424
469 311.508 553.424
470 366.414 553.424
471 316.518 553.424
472 316.929 553.424
473 350.927 553.424
474 485.127 553.424
475 457.883 553.424
476 276.394 553.424
477 425.438 553.424
478 376.293 553.424
479 349.262 553.424
480 410.42 553.424
481 323.603 553.424
482 344.87 553.424
483 379.491 553.424
484 403.509 553.424
485 372.027 553.424
486 405.694 553.424
487 284.202 553.424
488 337.76 553.424
489 462.654 553.424
490 374.802 553.424
491 307.908 553.424
492 397.992 553.424
493 377.948 553.424
494 382.916 553.424
495 374.735 553.424
496 345.659 553.424
497 361.605 553.424
498 337.082 553.424
499 371.141 553.424
500 308.391 553.424
501 429.665 553.424
502 346.592 553.424
503 352.294 553.424
504 371.352 553.424
505 493.365 553.424
506 352.298 553.424
507 416.225 553.424
508 274.3 553.424
509 361.558 553.424
510 397.082 553.424
511 330.059 553.424
512 344.975 553.424
513 472.112 553.424
514 334.87 553.424
515 504.653 553.424
516 404.319 553.424
517 350.706 553.424
518 358.947 553.424
519 286.55 553.424
520 348.009 553.424
521 376.134 553.424
522 254.407 553.424
523 314.233 553.424
524 460.636 553.424
525 466.681 553.424
526 388.873 553.424
527 441.016 553.424
528 393.283 553.424
529 342.302 553.424
530 456.176 553.424
531 338.887 553.424
532 563.16 563.16
533 352.256 563.16
534 299.58 563.16
535 339.298 563.16
536 301.004 563.16
537 345.001 563.16
538 358.837 563.16
539 338.384 563.16
540 309.249 563.16
541 308.062 563.16
542 387.608 563.16
543 361.995 563.16
544 395.818 563.16
545 367.925 563.16
546 316.707 563.16
547 444.853 563.16
548 502.351 563.16
549 283.744 563.16
550 368.235 563.16
551 400.527 563.16
552 396.26 563.16
553 288.848 563.16
554 395.08 563.16
555 300.553 563.16
556 354.471 563.16
557 316.492 563.16
558 337.091 563.16
559 370.626 563.16
560 369.566 563.16
561 355.804 563.16
562 361.662 563.16
563 439.54 563.16
564 443.405 563.16
565 406.24 563.16
566 425.077 563.16
567 427.189 563.16
568 321.435 563.16
569 474.365 563.16
570 383.156 563.16
571 333.148 563.16
572 391.617 563.16
573 424.232 563.16
574 410.027 563.16
575 325.303 563.16
576 412.14 563.16
577 393.208 563.16
578 402.723 563.16
579 290.021 563.16
580 462.539 563.16
581 407.989 563.16
582 391.945 563.16
583 410.08 563.16
584 295.659 563.16
585 374.386 563.16
586 229.252 563.16
587 413.246 563.16
588 317.234 563.16
589 331.155 563.16
590 347.03 563.16
591 409.313 563.16
592 453.289 563.16
593 431.596 563.16
594 307.945 563.16
595 393.459 563.16
596 366.48 563.16
597 337.757 563.16
598 412.99 563.16
599 432.468 563.16
600 367.457 563.16
601 358.244 563.16
602 393.93 563.16
603 402.561 563.16
604 350.488 563.16
605 332.823 563.16
606 509.681 563.16
607 444.966 563.16
608 397.089 563.16
609 403.62 563.16
610 378.31 563.16
611 440.879 563.16
612 366.861 563.16
613 426.071 563.16
614 333.632 563.16
615 395.433 563.16
616 341.178 563.16
617 317.517 563.16
618 319.863 563.16
619 323.284 563.16
620 375.347 563.16
621 390.389 563.16
622 543.429 563.16
623 242.642 563.16
624 278.014 563.16
625 355.216 563.16
626 317.887 563.16
627 503.552 563.16
628 391.456 563.16
629 401.74 563.16
630 355.992 563.16
631 322.614 563.16
632 323.454 563.16
633 333.861 563.16
634 385.644 563.16
635 349.047 563.16
636 385.877 563.16
637 351.319 563.16
638 369.24 563.16
639 456.259 563.16
640 402.719 563.16
641 311.881 563.16
642 352.031 563.16
643 378.089 563.16
644 426.632 563.16
645 418.279 563.16
646 383.28 563.16
647 413.034 563.16
648 289.134 563.16
649 478.33 563.16
650 359.279 563.16
651 303.983 563.16
652 430.663 563.16
653 363.138 563.16
654 484.781 563.16
655 442.931 563.16
656 237.531 563.16
657 319.04 563.16
658 483.554 563.16
659 257.263 563.16
660 323.631 563.16
661 404.397 563.16
662 386.761 563.16
663 285.951 563.16
664 340.519 563.16
665 360.226 563.16
666 452.935 563.16
667 359.685 563.16
668 326.799 563.16
669 444.398 563.16
670 439.513 563.16
671 377.742 563.16
672 329.549 563.16
673 437.331 563.16
674 446.053 563.16
675 371.073 563.16
676 315.868 563.16
677 385.421 563.16
678 426.385 563.16
679 286.672 563.16
680 363.575 563.16
681 302.872 563.16
682 338.738 563.16
683 285.998 563.16
684 328.746 563.16
685 387.436 563.16
686 353.174 563.16
687 401.136 563.16
688 273.036 563.16
689 378.981 563.16
690 301.396 563.16
691 394.515 563.16
692 359.831 563.16
693 386.655 563.16
694 356.556 563.16
695 299.607 563.16
696 281.786 563.16
697 352.168 563.16
698 318.422 563.16
699 433.904 563.16
700 343.715 563.16
701 303.301 563.16
702 335.418 563.16
703 320.211 563.16
704 396.655 563.16
705 427.259 563.16
706 414.459 563.16
707 358.853 563.16
708 411.188 563.16
709 343.586 563.16
710 456.215 563.16
711 402.203 563.16
712 256.404 563.16
713 381.875 563.16
714 303.241 563.16
715 423.049 563.16
716 374.016 563.16
717 403.708 563.16
718 455.012 563.16
719 417.083 563.16
720 364.2 563.16
721 338.467 563.16
722 224.832 563.16
723 398.058 563.16
724 299.629 563.16
725 398.886 563.16
726 458.386 563.16
727 424.611 563.16
728 369.539 563.16
729 387.944 563.16
730 353.718 563.16
731 456.296 563.16
732 389.737 563.16
733 357.421 563.16
734 400.176 563.16
735 391.503 563.16
736 360.246 563.16
737 365.273 563.16
738 386.042 563.16
739 429.368 563.16
740 397.37 563.16
741 442.083 563.16
742 418.688 563.16
743 429.031 563.16
744 403.059 563.16
745 443.074 563.16
746 433.05 563.16
747 298.102 563.16
748 396.636 563.16
749 321.049 563.16
750 338.918 563.16
751 365.665 563.16
752 370.996 563.16
753 339.793 563.16
754 377.669 563.16
755 430.875 563.16
756 388.996 563.16
757 325.49 563.16
758 430.338 563.16
759 383.356 563.16
760 268.193 563.16
761 365.666 563.16
762 422.32 563.16
763 462.164 563.16
764 440.605 563.16
765 349.834 563.16
766 265.861 563.16
767 439.6 563.16
768 363.63 563.16
769 346.997 563.16
770 318.723 563.16
771 301.402 563.16
772 410.181 563.16
773 316.088 563.16
774 303.718 563.16
775 336.05 563.16
776 298.383 563.16
777 362.965 563.16
778 486.504 563.16
779 442.889 563.16
780 319.884 563.16
781 341.158 563.16
782 330.614 563.16
783 400.099 563.16
784 391.905 563.16
785 341.726 563.16
786 365.033 563.16
787 335.904 563.16
788 381.08 563.16
789 444.604 563.16
790 477.441 563.16
791 439.362 563.16
792 246.635 563.16
793 314.036 563.16
794 343.14 563.16
795 490.261 563.16
796 377.651 563.16
797 255.811 563.16
798 362.447 563.16
799 337.27 563.16
800 497.184 563.16
801 312.029 563.16
802 488.996 563.16
803 389.502 563.16
804 372.024 563.16
805 392.985 563.16
806 307.606 563.16
807 294.506 563.16
808 379.22 563.16
809 480.45 563.16
810 309.891 563.16
811 307.404 563.16
812 345.009 563.16
813 394.919 563.16
814 415.51 563.16
815 289.059 563.16
816 383.714 563.16
817 305.436 563.16
818 394.589 563.16
819 298.428 563.16
820 391.79 563.16
821 370.242 563.16
822 340.6 563.16
823 328.78 563.16
824 368.46 563.16
825 303.714 563.16
826 335.299 563.16
827 336.83 563.16
828 402.088 563.16
829 366.484 563.16
830 416.784 563.16
831 388.405 563.16
832 440.188 563.16
833 304.587 563.16
834 420.006 563.16
835 368.739 563.16
836 445.227 563.16
837 368.714 563.16
838 367.713 563.16
839 484.062 563.16
840 342.754 563.16
841 362.977 563.16
842 397.903 563.16
843 267.127 563.16
844 343.025 563.16
845 343.895 563.16
846 365.297 563.16
847 283.869 563.16
848 345.294 563.16
849 366.59 563.16
850 351.099 563.16
851 365.375 563.16
852 442.455 563.16
853 356.641 563.16
854 395.781 563.16
855 380.265 563.16
856 261.744 563.16
857 354.009 563.16
858 340.86 563.16
859 332.843 563.16
860 288.94 563.16
861 368.038 563.16
862 416.633 563.16
863 424.55 563.16
864 481.604 563.16
865 348.511 563.16
866 375.79 563.16
867 370.241 563.16
868 394.864 563.16
869 393.527 563.16
870 472.86 563.16
871 356.187 563.16
872 431.851 563.16
873 482.357 563.16
874 410.687 563.16
875 467.713 563.16
876 348.024 563.16
877 316.461 563.16
878 340.163 563.16
879 313.235 563.16
880 446.441 563.16
881 289.862 563.16
882 363.297 563.16
883 372.322 563.16
884 424.251 563.16
885 417.591 563.16
886 353.019 563.16
887 358.751 563.16
888 427.905 563.16
889 368.089 563.16
890 359.067 563.16
891 404.539 563.16
892 465.28 563.16
893 406.961 563.16
894 286.053 563.16
895 333.671 563.16
896 295.163 563.16
897 271.889 563.16
898 442.819 563.16
899 349.986 563.16
900 179.848 563.16
901 274.197 563.16
902 283.624 563.16
903 341.498 563.16
904 294.756 563.16
905 321.826 563.16
906 297.66 563.16
907 468.859 563.16
908 380.772 563.16
909 331.044 563.16
910 326.058 563.16
911 469.789 563.16
912 368.368 563.16
913 488.938 563.16
914 371.859 563.16
915 286.91 563.16
916 313.078 563.16
917 448.508 563.16
918 378.877 563.16
919 384.71 563.16
920 398.092 563.16
921 473.86 563.16
922 325.595 563.16
923 361.424 563.16
924 379.684 563.16
925 371.941 563.16
926 431.271 563.16
927 374.415 563.16
928 332.515 563.16
929 501.224 563.16
930 421.892 563.16
931 427.991 563.16
932 405.236 563.16
933 323.446 563.16
934 486.561 563.16
935 342.205 563.16
936 406.368 563.16
937 340.997 563.16
938 437.751 563.16
939 355.906 563.16
940 273.027 563.16
941 451.28 563.16
942 473.335 563.16
943 357.071 563.16
944 370.838 563.16
945 367.571 563.16
946 404.939 563.16
947 287.408 563.16
948 424.198 563.16
949 360.186 563.16
950 440.646 563.16
951 390.311 563.16
952 335.231 563.16
953 390.904 563.16
954 437.905 563.16
955 320.759 563.16
956 447.26 563.16
957 328.266 563.16
958 462.38 563.16
959 351.793 563.16
960 319.559 563.16
961 418.467 563.16
962 397.359 563.16
963 396.613 563.16
964 420.495 563.16
965 431.006 563.16
966 353.736 563.16
967 378.713 563.16
968 448.249 563.16
969 369.118 563.16
970 334.404 563.16
971 281.691 563.16
972 318.447 563.16
973 426.196 563.16
974 353.439 563.16
975 351.731 563.16
976 404.321 563.16
977 402.945 563.16
978 445.683 563.16
979 360.086 563.16
980 417.399 563.16
981 361.995 563.16
982 400.261 563.16
983 340.779 563.16
984 335.192 563.16
985 402.912 563.16
986 446.54 563.16
987 374.643 563.16
988 424.21 563.16
989 471.404 563.16
990 389.916 563.16
991 245.734 563.16
992 410.625 563.16
993 510.315 563.16
994 309.096 563.16
995 249.945 563.16
996 376.732 563.16
997 463.987 563.16
998 373.763 563.16
999 384.065 563.16
