0 912.814 912.814
1 802.359 912.814
2 592.491 912.814
3 756.218 912.814
4 702.557 912.814
5 864.727 912.814
6 892.13 912.814
7 777.54 912.814
8 938.018 938.018
9 863.497 938.018
10 720.965 938.018
11 685.444 938.018
12 839.409 938.018
13 762.738 938.018
14 816.754 938.018
15 875.195 938.018
16 838.711 938.018
17 716.9 938.018
18 838.479 938.018
19 799.299 938.018
20 846.477 938.018
21 835.474 938.018
22 746.331 938.018
23 847.232 938.018
24 785.268 938.018
25 930.901 938.018
26 963.807 963.807
27 780.882 963.807
28 780.141 963.807
29 750.804 963.807
30 688.339 963.807
31 959.543 963.807
32 667.892 963.807
33 650.503 963.807
34 698.041 963.807
35 766.839 963.807
36 739.731 963.807
37 767.292 963.807
38 752.348 963.807
39 783.041 963.807
40 915.361 963.807
41 760.287 963.807
42 825.424 963.807
43 856.497 963.807
44 648.617 963.807
45 927.919 963.807
46 674.528 963.807
47 694.332 963.807
48 719.804 963.807
49 776.45 963.807
50 757.871 963.807
51 780.403 963.807
52 627.207 963.807
53 783.86 963.807
54 812.778 963.807
55 796.227 963.807
56 831.374 963.807
57 881.564 963.807
58 647.903 963.807
59 780.717 963.807
60 791.322 963.807
61 849.146 963.807
62 933.39 963.807
63 888.56 963.807
64 773.29 963.807
65 780.599 963.807
66 834.342 963.807
67 894.082 963.807
68 665.741 963.807
69 742.279 963.807
70 908.596 963.807
71 746.245 963.807
72 898.747 963.807
73 784.067 963.807
74 856.267 963.807
75 684.872 963.807
76 915.94 963.807
77 952.51 963.807
78 713.597 963.807
79 772.327 963.807
80 826.062 963.807
81 843.292 963.807
82 666.374 963.807
83 709.05 963.807
84 808.823 963.807
85 689.757 963.807
86 839.236 963.807
87 876.37 963.807
88 841.8 963.807
89 666.314 963.807
90 846.481 963.807
91 889.104 963.807
92 702.45 963.807
93 775.921 963.807
94 747.358 963.807
95 935.017 963.807
96 815.232 963.807
97 695.131 963.807
98 817.97 963.807
99 827.212 963.807
100 748.99 963.807
101 805.02 963.807
102 752.146 963.807
103 702.359 963.807
104 868.199 963.807
105 804.411 963.807
106 695.036 963.807
107 777.996 963.807
108 694.526 963.807
109 905.311 963.807
110 753.81 963.807
111 878.186 963.807
112 649.731 963.807
113 808.274 963.807
114 884.466 963.807
115 658.323 963.807
116 699.834 963.807
117 755.272 963.807
118 692.419 963.807
119 738.066 963.807
120 746.325 963.807
121 866.149 963.807
122 801.794 963.807
123 885.276 963.807
124 736.579 963.807
125 695.838 963.807
126 754.069 963.807
127 774.398 963.807
128 749.615 963.807
129 895.987 963.807
130 701.345 963.807
131 779.811 963.807
132 634.166 963.807
133 813.112 963.807
134 953.298 963.807
135 804.244 963.807
136 698.923 963.807
137 797.038 963.807
138 859.66 963.807
139 749.185 963.807
140 836.293 963.807
141 857.394 963.807
142 999.449 999.449
143 708.8 999.449
144 732.094 999.449
145 801.929 999.449
146 579.048 999.449
147 736.97 999.449
148 823.26 999.449
149 766.783 999.449
150 649.736 999.449
151 924.215 999.449
152 806.592 999.449
153 670.889 999.449
154 899.162 999.449
155 766.924 999.449
156 774.399 999.449
157 765.725 999.449
158 928.86 999.449
159 675.634 999.449
160 877.718 999.449
161 905.435 999.449
162 695.348 999.449
163 843.416 999.449
164 748.363 999.449
165 994.855 999.449
166 784.41 999.449
167 766.978 999.449
168 737.679 999.449
169 902.45 999.449
170 845.273 999.449
171 829.921 999.449
172 790.944 999.449
173 821.461 999.449
174 699.392 999.449
175 917.733 999.449
176 708.882 999.449
177 877.437 999.449
178 798.869 999.449
179 790.964 999.449
180 676.464 999.449
181 744.749 999.449
182 820.603 999.449
183 835.974 999.449
184 695.298 999.449
185 674.479 999.449
186 811.615 999.449
187 752.954 999.449
188 780.932 999.449
189 696.943 999.449
190 663.52 999.449
191 879.983 999.449
192 728.428 999.449
193 892.415 999.449
194 809.773 999.449
195 772.897 999.449
196 836.547 999.449
197 705.132 999.449
198 821.841 999.449
199 715.81 999.449
200 932.688 999.449
201 795.739 999.449
202 706.625 999.449
203 761.226 999.449
204 993.357 999.449
205 884.861 999.449
206 839.2 999.449
207 617.314 999.449
208 734.93 999.449
209 625.288 999.449
210 767.192 999.449
211 760.58 999.449
212 792.454 999.449
213 893.968 999.449
214 811.892 999.449
215 743.094 999.449
216 713.779 999.449
217 712.068 999.449
218 780.866 999.449
219 669.247 999.449
220 696.26 999.449
221 701.993 999.449
222 1010.03 1010.03
223 863.101 1010.03
224 888.564 1010.03
225 948.48 1010.03
226 830.43 1010.03
227 681.205 1010.03
228 689.148 1010.03
229 858.046 1010.03
230 888.105 1010.03
231 734.978 1010.03
232 947.295 1010.03
233 884.484 1010.03
234 770.06 1010.03
235 880.044 1010.03
236 778.533 1010.03
237 746.358 1010.03
238 796.83 1010.03
239 805.287 1010.03
240 593.763 1010.03
241 760.276 1010.03
242 853.548 1010.03
243 773.337 1010.03
244 762.455 1010.03
245 723.18 1010.03
246 749.644 1010.03
247 938.466 1010.03
248 859.47 1010.03
249 935.077 1010.03
250 688.942 1010.03
251 594.819 1010.03
252 705.45 1010.03
253 679.817 1010.03
254 700.054 1010.03
255 709.387 1010.03
256 708.259 1010.03
257 776.318 1010.03
258 842.637 1010.03
259 780.634 1010.03
260 837.334 1010.03
261 783.148 1010.03
262 1057.89 1057.89
263 849.278 1057.89
264 753.104 1057.89
265 875.785 1057.89
266 869.538 1057.89
267 835.681 1057.89
268 587.407 1057.89
269 881.135 1057.89
270 924.963 1057.89
271 937.385 1057.89
272 809.068 1057.89
273 919.819 1057.89
274 744.544 1057.89
275 756.777 1057.89
276 760.204 1057.89
277 647.416 1057.89
278 675.444 1057.89
279 708.927 1057.89
280 791.944 1057.89
281 781.182 1057.89
282 760.123 1057.89
283 813.682 1057.89
284 807.325 1057.89
285 452.902 1057.89
286 808.004 1057.89
287 741.836 1057.89
288 782.925 1057.89
289 606.895 1057.89
290 895.771 1057.89
291 736.667 1057.89
292 825.894 1057.89
293 895.372 1057.89
294 870.914 1057.89
295 982.795 1057.89
296 975.847 1057.89
297 616.801 1057.89
298 740.436 1057.89
299 833.158 1057.89
300 729.262 1057.89
301 793.248 1057.89
302 777.612 1057.89
303 661.236 1057.89
304 751.976 1057.89
305 732.036 1057.89
306 747.552 1057.89
307 774.543 1057.89
308 870.892 1057.89
309 911.864 1057.89
310 701.229 1057.89
311 644.199 1057.89
312 727.056 1057.89
313 974.847 1057.89
314 821.487 1057.89
315 872.184 1057.89
316 849.082 1057.89
317 726.564 1057.89
318 847.068 1057.89
319 632.781 1057.89
320 736.033 1057.89
321 860.995 1057.89
322 784.541 1057.89
323 721.908 1057.89
324 850.957 1057.89
325 808.589 1057.89
326 672.716 1057.89
327 679.869 1057.89
328 740.812 1057.89
329 777.462 1057.89
330 988.515 1057.89
331 932.623 1057.89
332 979.225 1057.89
333 790.257 1057.89
334 823.71 1057.89
335 616.111 1057.89
336 712.71 1057.89
337 875.929 1057.89
338 982.584 1057.89
339 703.12 1057.89
340 797.878 1057.89
341 722.788 1057.89
342 682.546 1057.89
343 882.507 1057.89
344 764.479 1057.89
345 704.124 1057.89
346 771.873 1057.89
347 653.466 1057.89
348 666.156 1057.89
349 819.655 1057.89
350 793.655 1057.89
351 711.39 1057.89
352 811.603 1057.89
353 856.277 1057.89
354 870.437 1057.89
355 843.511 1057.89
356 822.934 1057.89
357 756.633 1057.89
358 936.279 1057.89
359 750.166 1057.89
360 795 1057.89
361 857.305 1057.89
362 892.696 1057.89
363 793.565 1057.89
364 799.671 1057.89
365 839.1 1057.89
366 744.276 1057.89
367 844.093 1057.89
368 751.596 1057.89
369 740.333 1057.89
370 902.441 1057.89
371 864.072 1057.89
372 673.797 1057.89
373 682.283 1057.89
374 800.062 1057.89
375 723.592 1057.89
376 801.195 1057.89
377 834.927 1057.89
378 843.948 1057.89
379 697.878 1057.89
380 849.844 1057.89
381 826.82 1057.89
382 818.098 1057.89
383 854.411 1057.89
384 782.557 1057.89
385 932.156 1057.89
386 727.195 1057.89
387 839.77 1057.89
388 673.182 1057.89
389 651.266 1057.89
390 616.984 1057.89
391 881.24 1057.89
392 682.192 1057.89
393 820.936 1057.89
394 924.028 1057.89
395 817.306 1057.89
396 961.604 1057.89
397 778.421 1057.89
398 765.879 1057.89
399 690.578 1057.89
400 753.847 1057.89
401 748.494 1057.89
402 814.727 1057.89
403 919.709 1057.89
404 701.691 1057.89
405 936.803 1057.89
406 673.657 1057.89
407 831.91 1057.89
408 837.154 1057.89
409 711.135 1057.89
410 690.566 1057.89
411 807.156 1057.89
412 702.771 1057.89
413 863.461 1057.89
414 705.349 1057.89
415 588.321 1057.89
416 844.984 1057.89
417 778.507 1057.89
418 775.279 1057.89
419 802.045 1057.89
420 783.038 1057.89
421 754.868 1057.89
422 935.74 1057.89
423 656.542 1057.89
424 767.869 1057.89
425 661.22 1057.89
426 942.422 1057.89
427 666.58 1057.89
428 732.316 1057.89
429 584.161 1057.89
430 910.439 1057.89
431 603.701 1057.89
432 718.693 1057.89
433 774.55 1057.89
434 608.24 1057.89
435 797.876 1057.89
436 714.307 1057.89
437 720.125 1057.89
438 752.506 1057.89
439 644.181 1057.89
440 845.852 1057.89
441 679.566 1057.89
442 890.899 1057.89
443 648.526 1057.89
444 756.969 1057.89
445 552.217 1057.89
446 606.167 1057.89
447 865.299 1057.89
448 760.847 1057.89
449 827.437 1057.89
450 702.032 1057.89
451 857.858 1057.89
452 807.199 1057.89
453 804.43 1057.89
454 883.434 1057.89
455 797.419 1057.89
456 580.829 1057.89
457 801.481 1057.89
458 856.123 1057.89
459 669.566 1057.89
460 730.084 1057.89
461 747.776 1057.89
462 733.555 1057.89
463 852.884 1057.89
464 642.783 1057.89
465 715.035 1057.89
466 820.305 1057.89
467 863.744 1057.89
468 788.141 1057.89
469 760.154 1057.89
470 714.436 1057.89
471 777.44 1057.89
472 690.786 1057.89
473 706.291 1057.89
474 673.301 1057.89
475 579.207 1057.89
476 711.528 1057.89
477 594.941 1057.89
478 792.743 1057.89
479 805.05 1057.89
480 749.071 1057.89
481 737.608 1057.89
482 669.176 1057.89
483 875.45 1057.89
484 815.752 1057.89
485 910.578 1057.89
486 745.667 1057.89
487 728.058 1057.89
488 953.376 1057.89
489 801.358 1057.89
490 725.03 1057.89
491 781.695 1057.89
492 845.513 1057.89
493 651.869 1057.89
494 752.51 1057.89
495 750.708 1057.89
496 748.601 1057.89
497 713.02 1057.89
498 812.16 1057.89
499 951.902 1057.89
500 774.503 1057.89
501 798.044 1057.89
502 704.244 1057.89
503 717.648 1057.89
504 854.889 1057.89
505 823.199 1057.89
506 781.835 1057.89
507 806.805 1057.89
508 753.58 1057.89
509 699.55 1057.89
510 778.316 1057.89
511 784.039 1057.89
512 664.617 1057.89
513 886.526 1057.89
514 681.623 1057.89
515 748.822 1057.89
516 723.144 1057.89
517 826.033 1057.89
518 826.035 1057.89
519 692.007 1057.89
520 704.969 1057.89
521 802.265 1057.89
522 750.897 1057.89
523 759.242 1057.89
524 845.755 1057.89
525 753.933 1057.89
526 634.557 1057.89
527 765.469 1057.89
528 849.392 1057.89
529 785.299 1057.89
530 790.57 1057.89
531 882.348 1057.89
532 931.607 1057.89
533 776.521 1057.89
534 719.853 1057.89
535 746.826 1057.89
536 924.319 1057.89
537 683.784 1057.89
538 688.647 1057.89
539 806.899 1057.89
540 981.96 1057.89
541 758.906 1057.89
542 1041.02 1057.89
543 738.667 1057.89
544 819.363 1057.89
545 763.174 1057.89
546 734.624 1057.89
547 687.815 1057.89
548 942.994 1057.89
549 904.81 1057.89
550 751.194 1057.89
551 683.447 1057.89
552 666.33 1057.89
553 752.991 1057.89
554 767.733 1057.89
555 766.948 1057.89
556 833.552 1057.89
557 753.173 1057.89
558 827.878 1057.89
559 755.434 1057.89
560 731.387 1057.89
561 755.52 1057.89
562 607.144 1057.89
563 850.048 1057.89
564 898.951 1057.89
565 967.156 1057.89
566 798.883 1057.89
567 865.796 1057.89
568 744.338 1057.89
569 590.806 1057.89
570 728.275 1057.89
571 782.911 1057.89
572 835.172 1057.89
573 735.902 1057.89
574 836.612 1057.89
575 605.122 1057.89
576 864.798 1057.89
577 958.713 1057.89
578 854.829 1057.89
579 725.059 1057.89
580 865.808 1057.89
581 839.892 1057.89
582 922.79 1057.89
583 737.439 1057.89
584 523.296 1057.89
585 759.046 1057.89
586 757.401 1057.89
587 992.353 1057.89
588 738.531 1057.89
589 789.667 1057.89
590 825.008 1057.89
591 659.528 1057.89
592 889.038 1057.89
593 863.451 1057.89
594 755.581 1057.89
595 731.075 1057.89
596 670.836 1057.89
597 949.657 1057.89
598 743.148 1057.89
599 803.687 1057.89
600 636.766 1057.89
601 671.404 1057.89
602 662.149 1057.89
603 620.352 1057.89
604 690.162 1057.89
605 726.807 1057.89
606 763.597 1057.89
607 857.357 1057.89
608 816.289 1057.89
609 916.022 1057.89
610 717.119 1057.89
611 758.925 1057.89
612 673.142 1057.89
613 713.428 1057.89
614 739.472 1057.89
615 630.213 1057.89
616 826.339 1057.89
617 774.746 1057.89
618 739.54 1057.89
619 594.675 1057.89
620 891.484 1057.89
621 810.561 1057.89
622 790.746 1057.89
623 758.14 1057.89
624 690.382 1057.89
625 840.461 1057.89
626 854.444 1057.89
627 697.604 1057.89
628 681.467 1057.89
629 778.893 1057.89
630 548.023 1057.89
631 935.959 1057.89
632 737.454 1057.89
633 741.583 1057.89
634 711.701 1057.89
635 742.358 1057.89
636 724.736 1057.89
637 702.674 1057.89
638 714.717 1057.89
639 849.477 1057.89
640 676.628 1057.89
641 777.033 1057.89
642 915.59 1057.89
643 780.44 1057.89
644 903.479 1057.89
645 911.328 1057.89
646 743.731 1057.89
647 675.838 1057.89
648 822.461 1057.89
649 602.799 1057.89
650 838.28 1057.89
651 723.595 1057.89
652 776.801 1057.89
653 833.785 1057.89
654 872.031 1057.89
655 727.225 1057.89
656 942.184 1057.89
657 738.265 1057.89
658 793.279 1057.89
659 597.85 1057.89
660 511.794 1057.89
661 771.252 1057.89
662 674.517 1057.89
663 952.289 1057.89
664 776.902 1057.89
665 921.099 1057.89
666 797.43 1057.89
667 840.199 1057.89
668 836.2 1057.89
669 684.631 1057.89
670 829.027 1057.89
671 716.744 1057.89
672 849.8 1057.89
673 814.503 1057.89
674 893.114 1057.89
675 757.774 1057.89
676 917.937 1057.89
677 742.046 1057.89
678 858.265 1057.89
679 741.494 1057.89
680 885.713 1057.89
681 749.044 1057.89
682 657.75 1057.89
683 871.034 1057.89
684 836.97 1057.89
685 823.564 1057.89
686 659.49 1057.89
687 745.478 1057.89
688 675.834 1057.89
689 694.406 1057.89
690 875.346 1057.89
691 643.691 1057.89
692 686.147 1057.89
693 754.94 1057.89
694 790.957 1057.89
695 787.03 1057.89
696 750.085 1057.89
697 556.606 1057.89
698 815.563 1057.89
699 929.436 1057.89
700 741.602 1057.89
701 776.197 1057.89
702 754.356 1057.89
703 718.231 1057.89
704 752.068 1057.89
705 632.064 1057.89
706 759.385 1057.89
707 898.836 1057.89
708 822.264 1057.89
709 855.97 1057.89
710 762.426 1057.89
711 827.701 1057.89
712 769.465 1057.89
713 731.605 1057.89
714 739.94 1057.89
715 1015 1057.89
716 812.345 1057.89
717 647.993 1057.89
718 682.047 1057.89
719 835.237 1057.89
720 831.427 1057.89
721 648.446 1057.89
722 836.946 1057.89
723 614.241 1057.89
724 826.044 1057.89
725 882.737 1057.89
726 734.503 1057.89
727 733.552 1057.89
728 746.569 1057.89
729 765.882 1057.89
730 879.486 1057.89
731 772.895 1057.89
732 805.535 1057.89
733 669.633 1057.89
734 799.585 1057.89
735 830.767 1057.89
736 656.001 1057.89
737 851.547 1057.89
738 676.059 1057.89
739 784.06 1057.89
740 868.639 1057.89
741 708.778 1057.89
742 686.394 1057.89
743 835.956 1057.89
744 701.296 1057.89
745 704.771 1057.89
746 819.197 1057.89
747 1045.23 1057.89
748 607.789 1057.89
749 907.883 1057.89
750 786.103 1057.89
751 651.677 1057.89
752 819.188 1057.89
753 719.061 1057.89
754 778.729 1057.89
755 750.637 1057.89
756 730.529 1057.89
757 826.129 1057.89
758 968.688 1057.89
759 846.045 1057.89
760 755.867 1057.89
761 868.519 1057.89
762 676.906 1057.89
763 715.406 1057.89
764 744.671 1057.89
765 616.338 1057.89
766 853.986 1057.89
767 829.886 1057.89
768 799.174 1057.89
769 674.437 1057.89
770 806.291 1057.89
771 710.62 1057.89
772 785.02 1057.89
773 657.021 1057.89
774 686.748 1057.89
775 771.912 1057.89
776 741.861 1057.89
777 767.631 1057.89
778 660.702 1057.89
779 759.37 1057.89
780 725.996 1057.89
781 770.872 1057.89
782 634.584 1057.89
783 641.753 1057.89
784 898.621 1057.89
785 863.738 1057.89
786 946.873 1057.89
787 858.148 1057.89
788 812.717 1057.89
789 672.73 1057.89
790 665.176 1057.89
791 533.558 1057.89
792 839.857 1057.89
793 741.683 1057.89
794 686.427 1057.89
795 978.271 1057.89
796 721.754 1057.89
797 820.41 1057.89
798 849.994 1057.89
799 884.132 1057.89
800 667.931 1057.89
801 768.68 1057.89
802 570.423 1057.89
803 624.134 1057.89
804 600.125 1057.89
805 780.447 1057.89
806 645.627 1057.89
807 861.898 1057.89
808 885.061 1057.89
809 778.954 1057.89
810 818.201 1057.89
811 682.229 1057.89
812 683.691 1057.89
813 642.395 1057.89
814 747.461 1057.89
815 590.809 1057.89
816 841.251 1057.89
817 755.195 1057.89
818 880.263 1057.89
819 793.404 1057.89
820 776.376 1057.89
821 851.587 1057.89
822 837.233 1057.89
823 810.468 1057.89
824 811.859 1057.89
825 742.413 1057.89
826 789.988 1057.89
827 756.53 1057.89
828 935.239 1057.89
829 738.156 1057.89
830 670.463 1057.89
831 875.272 1057.89
832 721.588 1057.89
833 783.366 1057.89
834 756.317 1057.89
835 826.175 1057.89
836 738.89 1057.89
837 735.283 1057.89
838 938.94 1057.89
839 722.747 1057.89
840 790.919 1057.89
841 826.625 1057.89
842 914.986 1057.89
843 795.595 1057.89
844 839.977 1057.89
845 781.428 1057.89
846 658.817 1057.89
847 808.249 1057.89
848 615.545 1057.89
849 828.389 1057.89
850 808.024 1057.89
851 611.126 1057.89
852 855.546 1057.89
853 706.965 1057.89
854 776.2 1057.89
855 972.953 1057.89
856 655.022 1057.89
857 818.006 1057.89
858 936.281 1057.89
859 617.082 1057.89
860 802.315 1057.89
861 582.878 1057.89
862 740.278 1057.89
863 804.094 1057.89
864 637.139 1057.89
865 700.135 1057.89
866 919.791 1057.89
867 806.597 1057.89
868 717.835 1057.89
869 651.6 1057.89
870 680.466 1057.89
871 806.77 1057.89
872 723.695 1057.89
873 639.059 1057.89
874 734.975 1057.89
875 801.878 1057.89
876 473.269 1057.89
877 665.183 1057.89
878 717.691 1057.89
879 650.122 1057.89
880 929.368 1057.89
881 1042.88 1057.89
882 701.788 1057.89
883 903.284 1057.89
884 677.955 1057.89
885 722.652 1057.89
886 863.115 1057.89
887 843.809 1057.89
888 776.701 1057.89
889 704.951 1057.89
890 672.086 1057.89
891 756.51 1057.89
892 730.755 1057.89
893 866.824 1057.89
894 812.318 1057.89
895 741.442 1057.89
896 807.358 1057.89
897 767.617 1057.89
898 671.07 1057.89
899 831.723 1057.89
900 1034.29 1057.89
901 791.431 1057.89
902 667.587 1057.89
903 538.783 1057.89
904 905.555 1057.89
905 790.948 1057.89
906 617.197 1057.89
907 669.681 1057.89
908 822.34 1057.89
909 767.12 1057.89
910 782.774 1057.89
911 665.688 1057.89
912 896.452 1057.89
913 701.554 1057.89
914 886.783 1057.89
915 644.419 1057.89
916 797.979 1057.89
917 750.317 1057.89
918 828.719 1057.89
919 721.154 1057.89
920 673.223 1057.89
921 797.107 1057.89
922 641.788 1057.89
923 850.671 1057.89
924 633.753 1057.89
925 982.198 1057.89
926 819.608 1057.89
927 822.154 1057.89
928 789.802 1057.89
929 951.493 1057.89
930 804.373 1057.89
931 617.453 1057.89
932 873.521 1057.89
933 681.998 1057.89
934 719.937 1057.89
935 666.95 1057.89
936 768.055 1057.89
937 742.688 1057.89
938 797.864 1057.89
939 630.049 1057.89
940 765.103 1057.89
941 533.613 1057.89
942 725.348 1057.89
943 593.044 1057.89
944 860.006 1057.89
945 851.69 1057.89
946 854.164 1057.89
947 823.167 1057.89
948 749.422 1057.89
949 859.925 1057.89
950 737.369 1057.89
951 988.881 1057.89
952 923.436 1057.89
953 821.788 1057.89
954 940.836 1057.89
955 982.915 1057.89
956 727.725 1057.89
957 789.498 1057.89
958 797.716 1057.89
959 779.851 1057.89
960 669.298 1057.89
961 806.302 1057.89
962 835.715 1057.89
963 869.392 1057.89
964 827.441 1057.89
965 810.489 1057.89
966 717.006 1057.89
967 786.766 1057.89
968 696.365 1057.89
969 760.205 1057.89
970 665.672 1057.89
971 756.879 1057.89
972 712.748 1057.89
973 584.307 1057.89
974 839.192 1057.89
975 642.783 1057.89
976 703.433 1057.89
977 635.494 1057.89
978 719.572 1057.89
979 801.769 1057.89
980 747.828 1057.89
981 743.033 1057.89
982 846.859 1057.89
983 784.774 1057.89
984 849.35 1057.89
985 713.326 1057.89
986 797.474 1057.89
987 897.463 1057.89
988 893.832 1057.89
989 856.869 1057.89
990 752.887 1057.89
991 881.056 1057.89
992 853.269 1057.89
993 909.36 1057.89
994 874.213 1057.89
995 776.874 1057.89
996 815.11 1057.89
997 688.495 1057.89
998 820.396 1057.89
999 862.473 1057.89
