0 1452.23 1452.23
1 1491.18 1491.18
2 1561.6 1561.6
3 1635.14 1635.14
4 1654.01 1654.01
5 1471.75 1654.01
6 1567.32 1654.01
7 1582.89 1654.01
8 1573.22 1654.01
9 1629.94 1654.01
10 1539.87 1654.01
11 1526.45 1654.01
12 1510.42 1654.01
13 1672.62 1672.62
14 1638.93 1672.62
15 1595.36 1672.62
16 1627.92 1672.62
17 1666.99 1672.62
18 1684.2 1684.2
19 1614.57 1684.2
20 1440.63 1684.2
21 1432.06 1684.2
22 1546.52 1684.2
23 1618.49 1684.2
24 1705.15 1705.15
25 1551.52 1705.15
26 1613.36 1705.15
27 1551.81 1705.15
28 1565.6 1705.15
29 1606.58 1705.15
30 1510.46 1705.15
31 1597.95 1705.15
32 1662.47 1705.15
33 1461.71 1705.15
34 1493.96 1705.15
35 1462.42 1705.15
36 1474.03 1705.15
37 1696.43 1705.15
38 1696.86 1705.15
39 1584.96 1705.15
40 1572.12 1705.15
41 1524.01 1705.15
42 1630.2 1705.15
43 1655.23 1705.15
44 1564.85 1705.15
45 1538.26 1705.15
46 1494.98 1705.15
47 1582.15 1705.15
48 1536.06 1705.15
49 1507.52 1705.15
50 1555.25 1705.15
51 1567.04 1705.15
52 1796.61 1796.61
53 1684.59 1796.61
54 1698.61 1796.61
55 1679.93 1796.61
56 1553.51 1796.61
57 1617.92 1796.61
58 1590.29 1796.61
59 1515 1796.61
60 1563.85 1796.61
61 1583.95 1796.61
62 1598.22 1796.61
63 1359.86 1796.61
64 1617.26 1796.61
65 1551.18 1796.61
66 1564.41 1796.61
67 1716.56 1796.61
68 1593.17 1796.61
69 1447.65 1796.61
70 1630.8 1796.61
71 1587.49 1796.61
72 1561.96 1796.61
73 1699.92 1796.61
74 1542.65 1796.61
75 1541.36 1796.61
76 1721.83 1796.61
77 1433.35 1796.61
78 1488.06 1796.61
79 1603.54 1796.61
80 1572.97 1796.61
81 1621.65 1796.61
82 1664.03 1796.61
83 1465.52 1796.61
84 1505.28 1796.61
85 1606.77 1796.61
86 1678.11 1796.61
87 1619.4 1796.61
88 1565.75 1796.61
89 1554.86 1796.61
90 1602.14 1796.61
91 1660.7 1796.61
92 1616.82 1796.61
93 1605.46 1796.61
94 1653.15 1796.61
95 1685.4 1796.61
96 1702.84 1796.61
97 1538.43 1796.61
98 1625.9 1796.61
99 1609.1 1796.61
100 1602.77 1796.61
101 1650.49 1796.61
102 1512.59 1796.61
103 1706.72 1796.61
104 1618.63 1796.61
105 1738.79 1796.61
106 1560.36 1796.61
107 1667.24 1796.61
108 1538.89 1796.61
109 1557.26 1796.61
110 1498.3 1796.61
111 1665.7 1796.61
112 1660.13 1796.61
113 1625.37 1796.61
114 1535.39 1796.61
115 1613.48 1796.61
116 1722.43 1796.61
117 1508.61 1796.61
118 1668.69 1796.61
119 1635.35 1796.61
120 1530.51 1796.61
121 1606.27 1796.61
122 1468.42 1796.61
123 1679.4 1796.61
124 1656.11 1796.61
125 1575.6 1796.61
126 1479.31 1796.61
127 1489.41 1796.61
128 1456.77 1796.61
129 1596.71 1796.61
130 1667.06 1796.61
131 1533.38 1796.61
132 1573.69 1796.61
133 1618.01 1796.61
134 1486.7 1796.61
135 1486.66 1796.61
136 1594.52 1796.61
137 1472.19 1796.61
138 1663.82 1796.61
139 1658.52 1796.61
140 1480.45 1796.61
141 1659.8 1796.61
142 1648.52 1796.61
143 1578.71 1796.61
144 1466.56 1796.61
145 1587.13 1796.61
146 1589.13 1796.61
147 1586.41 1796.61
148 1546.03 1796.61
149 1588.58 1796.61
150 1495.12 1796.61
151 1436.16 1796.61
152 1576.17 1796.61
153 1570.33 1796.61
154 1559.09 1796.61
155 1465.25 1796.61
156 1598.81 1796.61
157 1635.75 1796.61
158 1698 1796.61
159 1566.13 1796.61
160 1682.03 1796.61
161 1612.82 1796.61
162 1647.03 1796.61
163 1661.92 1796.61
164 1537.96 1796.61
165 1430.01 1796.61
166 1645.7 1796.61
167 1626.79 1796.61
168 1709.66 1796.61
169 1537.91 1796.61
170 1482.87 1796.61
171 1460.48 1796.61
172 1651.67 1796.61
173 1472.19 1796.61
174 1489.55 1796.61
175 1558.67 1796.61
176 1593.94 1796.61
177 1599.83 1796.61
178 1565.69 1796.61
179 1586.35 1796.61
180 1597.66 1796.61
181 1547.76 1796.61
182 1680.1 1796.61
183 1491.76 1796.61
184 1687.98 1796.61
185 1623.21 1796.61
186 1555.18 1796.61
187 1653.17 1796.61
188 1531.16 1796.61
189 1577.26 1796.61
190 1648.12 1796.61
191 1618.24 1796.61
192 1543.77 1796.61
193 1602.37 1796.61
194 1473.7 1796.61
195 1697.82 1796.61
196 1713.75 1796.61
197 1527.04 1796.61
198 1664.63 1796.61
199 1590.94 1796.61
200 1635.56 1796.61
201 1576.38 1796.61
202 1647.7 1796.61
203 1553.14 1796.61
204 1605.25 1796.61
205 1652.18 1796.61
206 1654.73 1796.61
207 1544.77 1796.61
208 1560.11 1796.61
209 1589.19 1796.61
210 1509.3 1796.61
211 1709.93 1796.61
212 1505.72 1796.61
213 1597.58 1796.61
214 1562.32 1796.61
215 1640.61 1796.61
216 1579.64 1796.61
217 1645.12 1796.61
218 1579.46 1796.61
219 1494.42 1796.61
220 1456.77 1796.61
221 1468.39 1796.61
222 1504.49 1796.61
223 1564.9 1796.61
224 1543.47 1796.61
225 1485.29 1796.61
226 1648.2 1796.61
227 1617.86 1796.61
228 1447.19 1796.61
229 1625.97 1796.61
230 1655.7 1796.61
231 1587.39 1796.61
232 1567.1 1796.61
233 1574.21 1796.61
234 1494.36 1796.61
235 1551.18 1796.61
236 1573.55 1796.61
237 1538.23 1796.61
238 1570.3 1796.61
239 1565.23 1796.61
240 1392.19 1796.61
241 1519.1 1796.61
242 1558.4 1796.61
243 1572.59 1796.61
244 1496.08 1796.61
245 1620.06 1796.61
246 1447.9 1796.61
247 1455.27 1796.61
248 1518.47 1796.61
249 1615.34 1796.61
250 1554.75 1796.61
251 1611.5 1796.61
252 1664.06 1796.61
253 1610.03 1796.61
254 1555.96 1796.61
255 1459.36 1796.61
256 1518.07 1796.61
257 1598.44 1796.61
258 1497.14 1796.61
259 1644.12 1796.61
260 1618.87 1796.61
261 1568.97 1796.61
262 1543.66 1796.61
263 1504.8 1796.61
264 1533.26 1796.61
265 1528.07 1796.61
266 1531.2 1796.61
267 1628.97 1796.61
268 1499.43 1796.61
269 1603.32 1796.61
270 1648.17 1796.61
271 1769.53 1796.61
272 1576.16 1796.61
273 1630.28 1796.61
274 1514.13 1796.61
275 1384.26 1796.61
276 1642.61 1796.61
277 1665.3 1796.61
278 1580.47 1796.61
279 1508.88 1796.61
280 1629.77 1796.61
281 1654.96 1796.61
282 1669.86 1796.61
283 1403.62 1796.61
284 1567.07 1796.61
285 1691.66 1796.61
286 1600.12 1796.61
287 1627.18 1796.61
288 1599.09 1796.61
289 1593.66 1796.61
290 1509.74 1796.61
291 1530.33 1796.61
292 1686.1 1796.61
293 1563.45 1796.61
294 1527.01 1796.61
295 1569.67 1796.61
296 1495.45 1796.61
297 1469.7 1796.61
298 1641.07 1796.61
299 1757.41 1796.61
300 1615.42 1796.61
301 1653.38 1796.61
302 1771.7 1796.61
303 1747.17 1796.61
304 1634.15 1796.61
305 1670.87 1796.61
306 1585.66 1796.61
307 1503.94 1796.61
308 1578.72 1796.61
309 1794.84 1796.61
310 1584.81 1796.61
311 1602.96 1796.61
312 1823.16 1823.16
313 1658.15 1823.16
314 1610.74 1823.16
315 1504.29 1823.16
316 1574.48 1823.16
317 1637.59 1823.16
318 1552.88 1823.16
319 1582.07 1823.16
320 1541.71 1823.16
321 1651 1823.16
322 1774.37 1823.16
323 1700.42 1823.16
324 1542.87 1823.16
325 1693.35 1823.16
326 1584.22 1823.16
327 1537.55 1823.16
328 1738.18 1823.16
329 1529.12 1823.16
330 1626.51 1823.16
331 1572.92 1823.16
332 1739.69 1823.16
333 1589.02 1823.16
334 1579.29 1823.16
335 1498.38 1823.16
336 1558.55 1823.16
337 1745.03 1823.16
338 1560.48 1823.16
339 1469.95 1823.16
340 1433.22 1823.16
341 1645.24 1823.16
342 1540.13 1823.16
343 1608.96 1823.16
344 1716.14 1823.16
345 1599.7 1823.16
346 1636.7 1823.16
347 1571.31 1823.16
348 1584.7 1823.16
349 1640.59 1823.16
350 1529.75 1823.16
351 1657.1 1823.16
352 1545.38 1823.16
353 1707.31 1823.16
354 1584.69 1823.16
355 1450.3 1823.16
356 1606.35 1823.16
357 1431.25 1823.16
358 1637.95 1823.16
359 1516.16 1823.16
360 1582.02 1823.16
361 1649.44 1823.16
362 1587.2 1823.16
363 1490.8 1823.16
364 1654.47 1823.16
365 1683.87 1823.16
366 1476.22 1823.16
367 1574.51 1823.16
368 1614.85 1823.16
369 1561.56 1823.16
370 1698.49 1823.16
371 1683.81 1823.16
372 1526.24 1823.16
373 1580.68 1823.16
374 1549.61 1823.16
375 1609.46 1823.16
376 1662.69 1823.16
377 1560.07 1823.16
378 1676.51 1823.16
379 1618.36 1823.16
380 1502.85 1823.16
381 1686.83 1823.16
382 1475.6 1823.16
383 1697.71 1823.16
384 1546.51 1823.16
385 1574.88 1823.16
386 1635.67 1823.16
387 1530.5 1823.16
388 1625.73 1823.16
389 1671.02 1823.16
390 1517.68 1823.16
391 1615.8 1823.16
392 1616.37 1823.16
393 1549.25 1823.16
394 1519.87 1823.16
395 1587.46 1823.16
396 1584.06 1823.16
397 1473.83 1823.16
398 1657.52 1823.16
399 1793.76 1823.16
400 1734.67 1823.16
401 1519.48 1823.16
402 1698.22 1823.16
403 1695.14 1823.16
404 1573.28 1823.16
405 1538.34 1823.16
406 1712.81 1823.16
407 1473.24 1823.16
408 1574.45 1823.16
409 1535.87 1823.16
410 1618.36 1823.16
411 1734.2 1823.16
412 1649.64 1823.16
413 1550.87 1823.16
414 1479.13 1823.16
415 1588.32 1823.16
416 1604.49 1823.16
417 1671.84 1823.16
418 1539.35 1823.16
419 1582.4 1823.16
420 1565.57 1823.16
421 1602.88 1823.16
422 1626.65 1823.16
423 1606.52 1823.16
424 1515.64 1823.16
425 1560.46 1823.16
426 1539.2 1823.16
427 1548.97 1823.16
428 1569.16 1823.16
429 1702.78 1823.16
430 1662.18 1823.16
431 1641.41 1823.16
432 1626.74 1823.16
433 1600.81 1823.16
434 1515.31 1823.16
435 1540.79 1823.16
436 1598.04 1823.16
437 1495.55 1823.16
438 1514.69 1823.16
439 1559.97 1823.16
440 1535.54 1823.16
441 1620.57 1823.16
442 1657.21 1823.16
443 1603.43 1823.16
444 1597.5 1823.16
445 1460.86 1823.16
446 1692.42 1823.16
447 1632.51 1823.16
448 1482.76 1823.16
449 1626.19 1823.16
450 1488.84 1823.16
451 1468.51 1823.16
452 1484.99 1823.16
453 1636.88 1823.16
454 1446.73 1823.16
455 1716.27 1823.16
456 1633.55 1823.16
457 1496.34 1823.16
458 1618.03 1823.16
459 1528.88 1823.16
460 1695.73 1823.16
461 1429.79 1823.16
462 1710.65 1823.16
463 1484.08 1823.16
464 1725.1 1823.16
465 1680.46 1823.16
466 1660.69 1823.16
467 1630.24 1823.16
468 1655.67 1823.16
469 1759.75 1823.16
470 1526.4 1823.16
471 1614.17 1823.16
472 1513.09 1823.16
473 1652.52 1823.16
474 1578.93 1823.16
475 1566.87 1823.16
476 1688.89 1823.16
477 1675.28 1823.16
478 1691.4 1823.16
479 1588.63 1823.16
480 1422.93 1823.16
481 1635.49 1823.16
482 1635.74 1823.16
483 1664.76 1823.16
484 1610.94 1823.16
485 1690.38 1823.16
486 1536.03 1823.16
487 1612.74 1823.16
488 1548.39 1823.16
489 1700.31 1823.16
490 1741.5 1823.16
491 1464.03 1823.16
492 1635.88 1823.16
493 1492.35 1823.16
494 1615.76 1823.16
495 1548.74 1823.16
496 1618.7 1823.16
497 1666.07 1823.16
498 1596.39 1823.16
499 1609.63 1823.16
500 1680.78 1823.16
501 1515.62 1823.16
502 1585.2 1823.16
503 1550.17 1823.16
504 1728.54 1823.16
505 1688.87 1823.16
506 1549.87 1823.16
507 1619.37 1823.16
508 1557.7 1823.16
509 1438.57 1823.16
510 1594.61 1823.16
511 1631.01 1823.16
512 1617.7 1823.16
513 1643.13 1823.16
514 1615.99 1823.16
515 1579.95 1823.16
516 1549.53 1823.16
517 1557.65 1823.16
518 1712.46 1823.16
519 1694.63 1823.16
520 1581.36 1823.16
521 1514.06 1823.16
522 1676.52 1823.16
523 1554.47 1823.16
524 1676.71 1823.16
525 1503.18 1823.16
526 1601.05 1823.16
527 1554.15 1823.16
528 1521.49 1823.16
529 1647.5 1823.16
530 1661.05 1823.16
531 1588.4 1823.16
532 1606.66 1823.16
533 1666.03 1823.16
534 1516.44 1823.16
535 1523.73 1823.16
536 1595.48 1823.16
537 1484.72 1823.16
538 1613.89 1823.16
539 1530.83 1823.16
540 1511.53 1823.16
541 1619.14 1823.16
542 1685.29 1823.16
543 1515.14 1823.16
544 1597.65 1823.16
545 1608.68 1823.16
546 1317.89 1823.16
547 1617.9 1823.16
548 1503.8 1823.16
549 1668.58 1823.16
550 1769.43 1823.16
551 1560.39 1823.16
552 1538.72 1823.16
553 1628 1823.16
554 1476.71 1823.16
555 1552.52 1823.16
556 1616.51 1823.16
557 1662.58 1823.16
558 1560.88 1823.16
559 1557.77 1823.16
560 1552.81 1823.16
561 1392.44 1823.16
562 1534.24 1823.16
563 1525.23 1823.16
564 1619.56 1823.16
565 1562.3 1823.16
566 1578.53 1823.16
567 1612.34 1823.16
568 1417.14 1823.16
569 1739.88 1823.16
570 1753.11 1823.16
571 1504.16 1823.16
572 1497.79 1823.16
573 1524.94 1823.16
574 1538.81 1823.16
575 1558.55 1823.16
576 1696.48 1823.16
577 1589.5 1823.16
578 1597.1 1823.16
579 1645.26 1823.16
580 1581.51 1823.16
581 1548.8 1823.16
582 1466.87 1823.16
583 1476.58 1823.16
584 1555.02 1823.16
585 1524.52 1823.16
586 1701.26 1823.16
587 1535.82 1823.16
588 1736.7 1823.16
589 1623.3 1823.16
590 1528.05 1823.16
591 1532.2 1823.16
592 1580.17 1823.16
593 1731.86 1823.16
594 1577.85 1823.16
595 1825.68 1825.68
596 1493.52 1825.68
597 1606.23 1825.68
598 1501.21 1825.68
599 1625.33 1825.68
600 1531.22 1825.68
601 1428.02 1825.68
602 1596.64 1825.68
603 1542.72 1825.68
604 1761.09 1825.68
605 1647 1825.68
606 1538.89 1825.68
607 1549.09 1825.68
608 1592.09 1825.68
609 1510.56 1825.68
610 1619.61 1825.68
611 1532.32 1825.68
612 1580.4 1825.68
613 1620.53 1825.68
614 1784.09 1825.68
615 1622.71 1825.68
616 1407.96 1825.68
617 1567.69 1825.68
618 1571.37 1825.68
619 1710.18 1825.68
620 1603.96 1825.68
621 1495.24 1825.68
622 1538.92 1825.68
623 1593.95 1825.68
624 1491.48 1825.68
625 1574.46 1825.68
626 1550.25 1825.68
627 1647.54 1825.68
628 1407.84 1825.68
629 1605.19 1825.68
630 1768.12 1825.68
631 1633.03 1825.68
632 1466.3 1825.68
633 1660.49 1825.68
634 1524.43 1825.68
635 1594.69 1825.68
636 1570.82 1825.68
637 1685.44 1825.68
638 1619.13 1825.68
639 1666.99 1825.68
640 1611.64 1825.68
641 1630.08 1825.68
642 1464.94 1825.68
643 1536.43 1825.68
644 1624.08 1825.68
645 1759.41 1825.68
646 1580.25 1825.68
647 1660.49 1825.68
648 1641.55 1825.68
649 1548.85 1825.68
650 1560.21 1825.68
651 1555.76 1825.68
652 1685.42 1825.68
653 1647.62 1825.68
654 1720.98 1825.68
655 1553.69 1825.68
656 1554.72 1825.68
657 1687.12 1825.68
658 1575.37 1825.68
659 1651.75 1825.68
660 1534.18 1825.68
661 1606.17 1825.68
662 1546.52 1825.68
663 1578.05 1825.68
664 1675.8 1825.68
665 1622.23 1825.68
666 1650.58 1825.68
667 1573.5 1825.68
668 1625.97 1825.68
669 1592.79 1825.68
670 1488.68 1825.68
671 1588.15 1825.68
672 1577.44 1825.68
673 1498.36 1825.68
674 1696.69 1825.68
675 1593.68 1825.68
676 1458.5 1825.68
677 1721.64 1825.68
678 1634.11 1825.68
679 1570.47 1825.68
680 1662.84 1825.68
681 1551.53 1825.68
682 1532.7 1825.68
683 1495.89 1825.68
684 1429.11 1825.68
685 1580.37 1825.68
686 1698.3 1825.68
687 1633.32 1825.68
688 1511.4 1825.68
689 1629.81 1825.68
690 1641.29 1825.68
691 1604.45 1825.68
692 1640.16 1825.68
693 1651.57 1825.68
694 1584.86 1825.68
695 1630.14 1825.68
696 1564.61 1825.68
697 1641.31 1825.68
698 1510.91 1825.68
699 1492.4 1825.68
700 1394.18 1825.68
701 1561.85 1825.68
702 1728.27 1825.68
703 1634.82 1825.68
704 1530.02 1825.68
705 1594.16 1825.68
706 1552.54 1825.68
707 1502.23 1825.68
708 1567.54 1825.68
709 1612.42 1825.68
710 1655.9 1825.68
711 1496.11 1825.68
712 1673.34 1825.68
713 1533.99 1825.68
714 1723.42 1825.68
715 1661.46 1825.68
716 1592.94 1825.68
717 1530.8 1825.68
718 1559.93 1825.68
719 1515.51 1825.68
720 1557.28 1825.68
721 1706.67 1825.68
722 1607.52 1825.68
723 1733.79 1825.68
724 1620.22 1825.68
725 1590.59 1825.68
726 1683.51 1825.68
727 1574.46 1825.68
728 1554.1 1825.68
729 1622.95 1825.68
730 1466.57 1825.68
731 1462.4 1825.68
732 1721.75 1825.68
733 1679.36 1825.68
734 1578 1825.68
735 1534.07 1825.68
736 1602.36 1825.68
737 1603.96 1825.68
738 1575.59 1825.68
739 1500.21 1825.68
740 1584.91 1825.68
741 1496.9 1825.68
742 1649.56 1825.68
743 1530.06 1825.68
744 1699.59 1825.68
745 1490.15 1825.68
746 1675.19 1825.68
747 1491.3 1825.68
748 1481.54 1825.68
749 1495.24 1825.68
750 1617.22 1825.68
751 1567.53 1825.68
752 1629.64 1825.68
753 1498.57 1825.68
754 1424.74 1825.68
755 1582.6 1825.68
756 1540.42 1825.68
757 1572.2 1825.68
758 1495.69 1825.68
759 1567.5 1825.68
760 1599.11 1825.68
761 1550.12 1825.68
762 1592.11 1825.68
763 1542.48 1825.68
764 1548.82 1825.68
765 1628.97 1825.68
766 1641.3 1825.68
767 1456.53 1825.68
768 1715.63 1825.68
769 1472.5 1825.68
770 1565.76 1825.68
771 1639.02 1825.68
772 1626.17 1825.68
773 1475.45 1825.68
774 1565.44 1825.68
775 1718.48 1825.68
776 1576.29 1825.68
777 1577.19 1825.68
778 1561.94 1825.68
779 1658.5 1825.68
780 1394.4 1825.68
781 1652.69 1825.68
782 1707.27 1825.68
783 1624.27 1825.68
784 1679.4 1825.68
785 1618.59 1825.68
786 1536.86 1825.68
787 1667.66 1825.68
788 1559.94 1825.68
789 1409.76 1825.68
790 1717.72 1825.68
791 1599.5 1825.68
792 1521.9 1825.68
793 1507.22 1825.68
794 1617.07 1825.68
795 1435.91 1825.68
796 1589.53 1825.68
797 1442.46 1825.68
798 1608.53 1825.68
799 1601.64 1825.68
800 1601.18 1825.68
801 1702.72 1825.68
802 1696.33 1825.68
803 1586.44 1825.68
804 1558.69 1825.68
805 1475.8 1825.68
806 1549.27 1825.68
807 1581.32 1825.68
808 1421.69 1825.68
809 1513.65 1825.68
810 1491.31 1825.68
811 1582.65 1825.68
812 1669.23 1825.68
813 1534.18 1825.68
814 1564.99 1825.68
815 1645.63 1825.68
816 1641.4 1825.68
817 1631.45 1825.68
818 1729.12 1825.68
819 1711.39 1825.68
820 1819.94 1825.68
821 1628.98 1825.68
822 1686.91 1825.68
823 1515.68 1825.68
824 1531.51 1825.68
825 1522.29 1825.68
826 1602.48 1825.68
827 1632.78 1825.68
828 1566.18 1825.68
829 1574.36 1825.68
830 1554.27 1825.68
831 1546.96 1825.68
832 1531.34 1825.68
833 1541.03 1825.68
834 1572.87 1825.68
835 1619.81 1825.68
836 1646.08 1825.68
837 1564.1 1825.68
838 1519.31 1825.68
839 1705.22 1825.68
840 1541.85 1825.68
841 1594.82 1825.68
842 1657.63 1825.68
843 1770.12 1825.68
844 1519.41 1825.68
845 1570.92 1825.68
846 1413.15 1825.68
847 1668.14 1825.68
848 1592.6 1825.68
849 1669.8 1825.68
850 1683.9 1825.68
851 1507.03 1825.68
852 1634.24 1825.68
853 1574.17 1825.68
854 1566.18 1825.68
855 1541.52 1825.68
856 1583.66 1825.68
857 1617.34 1825.68
858 1600.1 1825.68
859 1569.68 1825.68
860 1603.87 1825.68
861 1678.9 1825.68
862 1784.13 1825.68
863 1600.5 1825.68
864 1507.5 1825.68
865 1455.66 1825.68
866 1649.48 1825.68
867 1554.09 1825.68
868 1648.27 1825.68
869 1579.12 1825.68
870 1730.27 1825.68
871 1516.24 1825.68
872 1466.6 1825.68
873 1530.25 1825.68
874 1546.22 1825.68
875 1597.81 1825.68
876 1482.73 1825.68
877 1537.15 1825.68
878 1483.69 1825.68
879 1600.23 1825.68
880 1554.35 1825.68
881 1663.91 1825.68
882 1634.12 1825.68
883 1651.78 1825.68
884 1655.73 1825.68
885 1717.72 1825.68
886 1504.11 1825.68
887 1539.09 1825.68
888 1519.2 1825.68
889 1527.65 1825.68
890 1703.08 1825.68
891 1546.14 1825.68
892 1737.3 1825.68
893 1553.54 1825.68
894 1527.31 1825.68
895 1519.45 1825.68
896 1706.11 1825.68
897 1610.13 1825.68
898 1685.09 1825.68
899 1675.95 1825.68
900 1798.94 1825.68
901 1568.04 1825.68
902 1577.68 1825.68
903 1665.92 1825.68
904 1642.22 1825.68
905 1607.64 1825.68
906 1626.28 1825.68
907 1450.23 1825.68
908 1603.14 1825.68
909 1554.21 1825.68
910 1676.54 1825.68
911 1627.63 1825.68
912 1693.13 1825.68
913 1568.91 1825.68
914 1575 1825.68
915 1549.71 1825.68
916 1455.5 1825.68
917 1536.73 1825.68
918 1526.8 1825.68
919 1623.15 1825.68
920 1612.56 1825.68
921 1585.47 1825.68
922 1544.44 1825.68
923 1483.14 1825.68
924 1617.41 1825.68
925 1550.6 1825.68
926 1575.93 1825.68
927 1548.74 1825.68
928 1581.07 1825.68
929 1437.96 1825.68
930 1802.68 1825.68
931 1589.79 1825.68
932 1667.11 1825.68
933 1673.9 1825.68
934 1723.45 1825.68
935 1717.67 1825.68
936 1669.38 1825.68
937 1668.01 1825.68
938 1695.79 1825.68
939 1674.94 1825.68
940 1548.76 1825.68
941 1520.74 1825.68
942 1609.45 1825.68
943 1633.92 1825.68
944 1664.75 1825.68
945 1604.7 1825.68
946 1626.65 1825.68
947 1563.62 1825.68
948 1542.76 1825.68
949 1596.85 1825.68
950 1649.9 1825.68
951 1627.37 1825.68
952 1409.98 1825.68
953 1604.51 1825.68
954 1570.35 1825.68
955 1558.03 1825.68
956 1460.18 1825.68
957 1532.43 1825.68
958 1644.15 1825.68
959 1632.15 1825.68
960 1514.63 1825.68
961 1476.68 1825.68
962 1424.81 1825.68
963 1647.71 1825.68
964 1521.93 1825.68
965 1489.64 1825.68
966 1665.13 1825.68
967 1565.75 1825.68
968 1677.17 1825.68
969 1599.89 1825.68
970 1398.9 1825.68
971 1537.72 1825.68
972 1546.03 1825.68
973 1511.35 1825.68
974 1571.56 1825.68
975 1585.07 1825.68
976 1625.07 1825.68
977 1627.78 1825.68
978 1599.1 1825.68
979 1608.3 1825.68
980 1572.5 1825.68
981 1478.66 1825.68
982 1605.4 1825.68
983 1554.45 1825.68
984 1618.78 1825.68
985 1629.08 1825.68
986 1663.65 1825.68
987 1506.13 1825.68
988 1565.77 1825.68
989 1517.79 1825.68
990 1465.98 1825.68
991 1390.43 1825.68
992 1679.99 1825.68
993 1644.24 1825.68
994 1773.76 1825.68
995 1564.89 1825.68
996 1595.76 1825.68
997 1584.08 1825.68
998 1686.49 1825.68
999 1676.14 1825.68
