0 494.664 494.664
1 753.128 753.128
2 638.871 753.128
3 641.033 753.128
4 672.618 753.128
5 517.036 753.128
6 470.358 753.128
7 612.825 753.128
8 635.064 753.128
9 589.62 753.128
10 726.13 753.128
11 718.942 753.128
12 531.285 753.128
13 458.015 753.128
14 629.507 753.128
15 638.795 753.128
16 445.468 753.128
17 418.666 753.128
18 629.366 753.128
19 371.556 753.128
20 700.008 753.128
21 476.023 753.128
22 688.057 753.128
23 664.436 753.128
24 444.151 753.128
25 391.615 753.128
26 667.046 753.128
27 762.889 762.889
28 441.072 762.889
29 737.056 762.889
30 423.867 762.889
31 441.323 762.889
32 662.4 762.889
33 581.331 762.889
34 609.527 762.889
35 589.53 762.889
36 509.66 762.889
37 500.673 762.889
38 652.583 762.889
39 464.651 762.889
40 538.565 762.889
41 616.312 762.889
42 551.174 762.889
43 650.657 762.889
44 506.706 762.889
45 699.444 762.889
46 527.87 762.889
47 517.379 762.889
48 605.346 762.889
49 371.237 762.889
50 657.131 762.889
51 613.394 762.889
52 461.231 762.889
53 581.027 762.889
54 461.194 762.889
55 494.423 762.889
56 513.396 762.889
57 427.73 762.889
58 592.023 762.889
59 569.803 762.889
60 704.618 762.889
61 754.082 762.889
62 576.126 762.889
63 601.236 762.889
64 444.326 762.889
65 423.182 762.889
66 528.691 762.889
67 426.078 762.889
68 608.692 762.889
69 529.465 762.889
70 643.455 762.889
71 742.823 762.889
72 706.985 762.889
73 541.678 762.889
74 535.053 762.889
75 570.586 762.889
76 447.286 762.889
77 595.358 762.889
78 620.17 762.889
79 872.139 872.139
80 482.446 872.139
81 594.307 872.139
82 753.434 872.139
83 502.074 872.139
84 431.524 872.139
85 481.974 872.139
86 580.383 872.139
87 642.228 872.139
88 505.746 872.139
89 494.415 872.139
90 495.749 872.139
91 579.737 872.139
92 606.367 872.139
93 541.961 872.139
94 520.51 872.139
95 651.203 872.139
96 524.622 872.139
97 495.661 872.139
98 578.45 872.139
99 522.398 872.139
100 644.56 872.139
101 486.786 872.139
102 588.383 872.139
103 568.07 872.139
104 665.474 872.139
105 555.37 872.139
106 530.969 872.139
107 611.291 872.139
108 613.606 872.139
109 634.405 872.139
110 738.491 872.139
111 535.521 872.139
112 391.729 872.139
113 589.042 872.139
114 547.943 872.139
115 509.716 872.139
116 587.964 872.139
117 580.646 872.139
118 664.389 872.139
119 638.205 872.139
120 633.248 872.139
121 360.691 872.139
122 507.51 872.139
123 507.653 872.139
124 394.244 872.139
125 607.201 872.139
126 491.771 872.139
127 438.795 872.139
128 474.575 872.139
129 732.025 872.139
130 660.573 872.139
131 484.676 872.139
132 486.004 872.139
133 613.056 872.139
134 516.111 872.139
135 458.06 872.139
136 654.12 872.139
137 496.605 872.139
138 493.228 872.139
139 529.115 872.139
140 584.517 872.139
141 479.87 872.139
142 490.533 872.139
143 566.053 872.139
144 630.586 872.139
145 470.888 872.139
146 579.86 872.139
147 595.182 872.139
148 622.539 872.139
149 606.396 872.139
150 561.938 872.139
151 448.571 872.139
152 458.125 872.139
153 522.325 872.139
154 571.681 872.139
155 410.366 872.139
156 346.86 872.139
157 483.462 872.139
158 440.403 872.139
159 691.562 872.139
160 519.963 872.139
161 620.357 872.139
162 580.933 872.139
163 675.024 872.139
164 517.544 872.139
165 501.678 872.139
166 378.366 872.139
167 622.943 872.139
168 400.737 872.139
169 707.732 872.139
170 695.979 872.139
171 600.148 872.139
172 509.576 872.139
173 716.225 872.139
174 472.228 872.139
175 758.934 872.139
176 629.667 872.139
177 438.614 872.139
178 689.516 872.139
179 581.13 872.139
180 559.059 872.139
181 674.695 872.139
182 578.447 872.139
183 479.376 872.139
184 555.904 872.139
185 701.812 872.139
186 696.744 872.139
187 537.33 872.139
188 603.998 872.139
189 590.356 872.139
190 559.781 872.139
191 551.276 872.139
192 569.364 872.139
193 589.824 872.139
194 519.308 872.139
195 596.941 872.139
196 592.382 872.139
197 540.083 872.139
198 664.593 872.139
199 614.14 872.139
200 576.479 872.139
201 523.01 872.139
202 660.461 872.139
203 640.738 872.139
204 684.073 872.139
205 675.402 872.139
206 799.325 872.139
207 611.751 872.139
208 568.944 872.139
209 536.919 872.139
210 498.753 872.139
211 507.734 872.139
212 732.821 872.139
213 596.031 872.139
214 544.051 872.139
215 491.218 872.139
216 601.632 872.139
217 565.134 872.139
218 731.701 872.139
219 643.794 872.139
220 615.979 872.139
221 519.219 872.139
222 648.138 872.139
223 500.213 872.139
224 570.915 872.139
225 587.603 872.139
226 462.56 872.139
227 438.107 872.139
228 611.629 872.139
229 524.451 872.139
230 638.984 872.139
231 565.961 872.139
232 585.896 872.139
233 658.682 872.139
234 536.746 872.139
235 678.515 872.139
236 520.637 872.139
237 508.471 872.139
238 764.689 872.139
239 706.503 872.139
240 507.779 872.139
241 589.209 872.139
242 669.317 872.139
243 729.137 872.139
244 495.228 872.139
245 485.015 872.139
246 438.047 872.139
247 476.3 872.139
248 682.816 872.139
249 673.61 872.139
250 768.543 872.139
251 530.233 872.139
252 482.681 872.139
253 437.699 872.139
254 469.183 872.139
255 472.705 872.139
256 542.812 872.139
257 464.558 872.139
258 498.075 872.139
259 472.056 872.139
260 643.833 872.139
261 628.729 872.139
262 500.429 872.139
263 504.003 872.139
264 624.391 872.139
265 388.17 872.139
266 690.086 872.139
267 638.377 872.139
268 687.603 872.139
269 646.389 872.139
270 575.226 872.139
271 459.457 872.139
272 506.995 872.139
273 576.223 872.139
274 643.157 872.139
275 550.106 872.139
276 587.417 872.139
277 709.413 872.139
278 583.98 872.139
279 548.413 872.139
280 365.691 872.139
281 435.516 872.139
282 472.021 872.139
283 558.048 872.139
284 566.142 872.139
285 561.658 872.139
286 663.604 872.139
287 480.998 872.139
288 684.1 872.139
289 685.926 872.139
290 583.968 872.139
291 623.385 872.139
292 646.232 872.139
293 691.403 872.139
294 713.952 872.139
295 580.921 872.139
296 709.22 872.139
297 614.121 872.139
298 539.946 872.139
299 536.54 872.139
300 388.208 872.139
301 692.362 872.139
302 594.406 872.139
303 608.04 872.139
304 604.839 872.139
305 473.889 872.139
306 366.925 872.139
307 591.762 872.139
308 570.453 872.139
309 546.729 872.139
310 473.14 872.139
311 558.338 872.139
312 400.971 872.139
313 585.364 872.139
314 518.286 872.139
315 757.292 872.139
316 456.534 872.139
317 663.038 872.139
318 461.027 872.139
319 504.855 872.139
320 590.368 872.139
321 527.214 872.139
322 580.852 872.139
323 488.197 872.139
324 444.03 872.139
325 477.905 872.139
326 579.843 872.139
327 492.399 872.139
328 523.475 872.139
329 521.309 872.139
330 412.7 872.139
331 579.99 872.139
332 540.401 872.139
333 445.397 872.139
334 503.626 872.139
335 450.728 872.139
336 599.377 872.139
337 546.512 872.139
338 523.646 872.139
339 469.896 872.139
340 608.548 872.139
341 397.652 872.139
342 454.81 872.139
343 641.59 872.139
344 506.784 872.139
345 503.446 872.139
346 565.294 872.139
347 633.494 872.139
348 572.85 872.139
349 517.996 872.139
350 699.538 872.139
351 579.282 872.139
352 530.321 872.139
353 515.672 872.139
354 569.385 872.139
355 631.774 872.139
356 584.617 872.139
357 582.647 872.139
358 702.925 872.139
359 367.043 872.139
360 581.443 872.139
361 504.437 872.139
362 530.818 872.139
363 501.758 872.139
364 639.142 872.139
365 538.084 872.139
366 383.854 872.139
367 562.306 872.139
368 649.156 872.139
369 520.306 872.139
370 630.648 872.139
371 569.226 872.139
372 825.516 872.139
373 555.604 872.139
374 386.665 872.139
375 641.856 872.139
376 624.026 872.139
377 379.364 872.139
378 519.494 872.139
379 609.483 872.139
380 437.627 872.139
381 629.957 872.139
382 527.072 872.139
383 555.949 872.139
384 775.89 872.139
385 415.656 872.139
386 616.032 872.139
387 549.293 872.139
388 591.565 872.139
389 697.006 872.139
390 497.769 872.139
391 615.079 872.139
392 520.147 872.139
393 671.669 872.139
394 683.111 872.139
395 649.093 872.139
396 574.141 872.139
397 386.537 872.139
398 743.653 872.139
399 488.865 872.139
400 694.44 872.139
401 739.814 872.139
402 533.937 872.139
403 555.312 872.139
404 522.753 872.139
405 553.084 872.139
406 466.343 872.139
407 472.953 872.139
408 468.272 872.139
409 499.592 872.139
410 489.73 872.139
411 473.548 872.139
412 497.034 872.139
413 560.856 872.139
414 562.604 872.139
415 644.764 872.139
416 452.579 872.139
417 651.482 872.139
418 559.889 872.139
419 470.737 872.139
420 612.436 872.139
421 537.581 872.139
422 512.237 872.139
423 564.637 872.139
424 684.407 872.139
425 606.996 872.139
426 450.122 872.139
427 763.841 872.139
428 453.169 872.139
429 659.529 872.139
430 501.088 872.139
431 690.195 872.139
432 606.414 872.139
433 540.743 872.139
434 477.962 872.139
435 692.679 872.139
436 668.203 872.139
437 470.519 872.139
438 507.937 872.139
439 596.438 872.139
440 533.099 872.139
441 584.565 872.139
442 596.071 872.139
443 487.164 872.139
444 559.897 872.139
445 699.447 872.139
446 549.457 872.139
447 486.723 872.139
448 603.452 872.139
449 543.568 872.139
450 422.449 872.139
451 506.845 872.139
452 552.973 872.139
453 465.24 872.139
454 587.178 872.139
455 533.973 872.139
456 394.927 872.139
457 526.899 872.139
458 638.29 872.139
459 520.732 872.139
460 585.876 872.139
461 681.694 872.139
462 430.758 872.139
463 636.192 872.139
464 609.852 872.139
465 542.122 872.139
466 678.797 872.139
467 642.397 872.139
468 483.416 872.139
469 642.442 872.139
470 533.002 872.139
471 558.021 872.139
472 572.49 872.139
473 531.459 872.139
474 496.581 872.139
475 669.723 872.139
476 461.838 872.139
477 582.084 872.139
478 592.033 872.139
479 512.162 872.139
480 572.434 872.139
481 603.715 872.139
482 576.892 872.139
483 454.311 872.139
484 632.449 872.139
485 652.52 872.139
486 830.68 872.139
487 662.774 872.139
488 514.616 872.139
489 656.004 872.139
490 510.834 872.139
491 640.439 872.139
492 539.961 872.139
493 513.335 872.139
494 498.531 872.139
495 499.362 872.139
496 625.422 872.139
497 404.399 872.139
498 454.645 872.139
499 555.325 872.139
500 550.067 872.139
501 763.422 872.139
502 447.294 872.139
503 546.622 872.139
504 435.649 872.139
505 537.822 872.139
506 532.674 872.139
507 486.412 872.139
508 466.164 872.139
509 397.947 872.139
510 479.483 872.139
511 414.031 872.139
512 491.011 872.139
513 623.325 872.139
514 508.219 872.139
515 679.565 872.139
516 565.073 872.139
517 547.756 872.139
518 543.271 872.139
519 614.283 872.139
520 474.665 872.139
521 787.577 872.139
522 571.111 872.139
523 514.862 872.139
524 620.654 872.139
525 362.726 872.139
526 709.377 872.139
527 608.495 872.139
528 694.45 872.139
529 629.885 872.139
530 502.171 872.139
531 548.058 872.139
532 481.788 872.139
533 621.577 872.139
534 619.424 872.139
535 512.698 872.139
536 627.225 872.139
537 517.983 872.139
538 724.979 872.139
539 629.987 872.139
540 527.012 872.139
541 546.862 872.139
542 657.518 872.139
543 561.39 872.139
544 573.914 872.139
545 538.229 872.139
546 525.54 872.139
547 660.716 872.139
548 578.056 872.139
549 498.149 872.139
550 369.975 872.139
551 506.982 872.139
552 740.387 872.139
553 499.465 872.139
554 506.718 872.139
555 658.224 872.139
556 483.715 872.139
557 544.151 872.139
558 615.749 872.139
559 516.45 872.139
560 448.445 872.139
561 457.982 872.139
562 536.001 872.139
563 458.507 872.139
564 651.744 872.139
565 600.467 872.139
566 818.656 872.139
567 507.09 872.139
568 577.527 872.139
569 411.356 872.139
570 540.087 872.139
571 583.539 872.139
572 642.414 872.139
573 544.911 872.139
574 518.95 872.139
575 478.355 872.139
576 667.594 872.139
577 585.576 872.139
578 605.775 872.139
579 305.977 872.139
580 544.43 872.139
581 713.088 872.139
582 683.876 872.139
583 592.492 872.139
584 607.973 872.139
585 705.952 872.139
586 545.287 872.139
587 412.23 872.139
588 587.305 872.139
589 558.81 872.139
590 622.948 872.139
591 446.89 872.139
592 542.324 872.139
593 637.656 872.139
594 481.452 872.139
595 500.13 872.139
596 619.729 872.139
597 685.116 872.139
598 544.179 872.139
599 578.939 872.139
600 666.113 872.139
601 542.387 872.139
602 583.659 872.139
603 516.595 872.139
604 509.364 872.139
605 712.512 872.139
606 596.176 872.139
607 726.005 872.139
608 490.622 872.139
609 499.372 872.139
610 701.181 872.139
611 535.735 872.139
612 442.522 872.139
613 701.818 872.139
614 528.8 872.139
615 576.772 872.139
616 598.159 872.139
617 480.537 872.139
618 539.713 872.139
619 604.556 872.139
620 563.971 872.139
621 545.393 872.139
622 460.573 872.139
623 570.05 872.139
624 569.305 872.139
625 545.424 872.139
626 532.895 872.139
627 556.865 872.139
628 567.709 872.139
629 605.874 872.139
630 638.417 872.139
631 376.755 872.139
632 438.341 872.139
633 587.591 872.139
634 455.94 872.139
635 660.956 872.139
636 509.246 872.139
637 388.359 872.139
638 451.973 872.139
639 684.128 872.139
640 521.314 872.139
641 668.008 872.139
642 538.044 872.139
643 552.816 872.139
644 489.368 872.139
645 552.33 872.139
646 533.385 872.139
647 766.726 872.139
648 524.031 872.139
649 551.325 872.139
650 628.96 872.139
651 756.974 872.139
652 535.04 872.139
653 546.617 872.139
654 634.116 872.139
655 713.567 872.139
656 520.256 872.139
657 449.198 872.139
658 495.634 872.139
659 661.046 872.139
660 493.99 872.139
661 443.242 872.139
662 440.557 872.139
663 730.174 872.139
664 511.819 872.139
665 446.076 872.139
666 499.236 872.139
667 538.665 872.139
668 540.568 872.139
669 478.006 872.139
670 402.03 872.139
671 690.278 872.139
672 514.665 872.139
673 657.211 872.139
674 417.09 872.139
675 502.269 872.139
676 702.128 872.139
677 552.761 872.139
678 473.022 872.139
679 419.746 872.139
680 537.74 872.139
681 737.428 872.139
682 465.174 872.139
683 515.034 872.139
684 601.461 872.139
685 559.126 872.139
686 712.695 872.139
687 580.321 872.139
688 482.436 872.139
689 671.605 872.139
690 671.807 872.139
691 643.103 872.139
692 475.477 872.139
693 531.544 872.139
694 587.856 872.139
695 572.764 872.139
696 534.898 872.139
697 556.951 872.139
698 443.35 872.139
699 555.866 872.139
700 543.059 872.139
701 465.657 872.139
702 527.127 872.139
703 712.157 872.139
704 459.858 872.139
705 685.141 872.139
706 574.183 872.139
707 659.887 872.139
708 608.394 872.139
709 402.806 872.139
710 467.1 872.139
711 553.908 872.139
712 538.03 872.139
713 544.711 872.139
714 437.085 872.139
715 536.995 872.139
716 553.858 872.139
717 577.313 872.139
718 603.255 872.139
719 429.248 872.139
720 482.204 872.139
721 485.868 872.139
722 564.253 872.139
723 580.534 872.139
724 553.979 872.139
725 513.786 872.139
726 650.388 872.139
727 660.542 872.139
728 593.874 872.139
729 506.303 872.139
730 491.757 872.139
731 541.639 872.139
732 654.249 872.139
733 584.8 872.139
734 646.841 872.139
735 482.899 872.139
736 590.01 872.139
737 721.733 872.139
738 634.103 872.139
739 574.632 872.139
740 485.47 872.139
741 646.661 872.139
742 331.672 872.139
743 541.327 872.139
744 512.258 872.139
745 375.734 872.139
746 789.452 872.139
747 545.606 872.139
748 545.173 872.139
749 399.442 872.139
750 508.913 872.139
751 546.799 872.139
752 651.49 872.139
753 500.31 872.139
754 523.664 872.139
755 641.306 872.139
756 601.297 872.139
757 646.026 872.139
758 597.572 872.139
759 520.198 872.139
760 572.46 872.139
761 460.851 872.139
762 494.655 872.139
763 585.755 872.139
764 621.024 872.139
765 466.317 872.139
766 583.388 872.139
767 608.711 872.139
768 478.419 872.139
769 647.77 872.139
770 610.642 872.139
771 559.551 872.139
772 571.172 872.139
773 548.067 872.139
774 651.327 872.139
775 638.749 872.139
776 587.758 872.139
777 622.763 872.139
778 684.922 872.139
779 522.379 872.139
780 513.972 872.139
781 649.077 872.139
782 624.504 872.139
783 688.444 872.139
784 569.095 872.139
785 640.434 872.139
786 531.366 872.139
787 602.79 872.139
788 441.813 872.139
789 551.428 872.139
790 572.803 872.139
791 568.45 872.139
792 641.128 872.139
793 535.946 872.139
794 739.549 872.139
795 598.308 872.139
796 730.372 872.139
797 685.791 872.139
798 562.842 872.139
799 683.697 872.139
800 620.107 872.139
801 545.27 872.139
802 717.986 872.139
803 494.551 872.139
804 593.809 872.139
805 451.088 872.139
806 517.122 872.139
807 498.315 872.139
808 516.592 872.139
809 687.135 872.139
810 490.18 872.139
811 595.414 872.139
812 582.693 872.139
813 512.126 872.139
814 585.677 872.139
815 584.832 872.139
816 596.803 872.139
817 442.016 872.139
818 507.522 872.139
819 560.624 872.139
820 606.792 872.139
821 657.262 872.139
822 653.804 872.139
823 481.694 872.139
824 474.721 872.139
825 553.686 872.139
826 645.963 872.139
827 406.171 872.139
828 681.994 872.139
829 608.7 872.139
830 528.307 872.139
831 431.66 872.139
832 642.974 872.139
833 528.39 872.139
834 519.343 872.139
835 510.827 872.139
836 566.378 872.139
837 442.172 872.139
838 645.788 872.139
839 601.831 872.139
840 505.613 872.139
841 596.642 872.139
842 542.496 872.139
843 738.382 872.139
844 452.592 872.139
845 695.365 872.139
846 565.652 872.139
847 585.14 872.139
848 586.449 872.139
849 510.195 872.139
850 520.223 872.139
851 541.468 872.139
852 523.004 872.139
853 714.7 872.139
854 581.709 872.139
855 688.168 872.139
856 495.585 872.139
857 579.107 872.139
858 577.365 872.139
859 611.499 872.139
860 596.043 872.139
861 654.522 872.139
862 444.236 872.139
863 628.215 872.139
864 683.237 872.139
865 585.734 872.139
866 541.627 872.139
867 586.85 872.139
868 636.713 872.139
869 587.406 872.139
870 430.309 872.139
871 616.789 872.139
872 528.519 872.139
873 543.437 872.139
874 745.285 872.139
875 638.955 872.139
876 614.029 872.139
877 619.854 872.139
878 763.767 872.139
879 554.01 872.139
880 542.403 872.139
881 527.156 872.139
882 816.968 872.139
883 564.103 872.139
884 578.478 872.139
885 672.987 872.139
886 669.354 872.139
887 523.601 872.139
888 553.56 872.139
889 553.172 872.139
890 583.043 872.139
891 617.921 872.139
892 617.844 872.139
893 640.502 872.139
894 642.589 872.139
895 517.871 872.139
896 620.41 872.139
897 583.812 872.139
898 578.079 872.139
899 634.566 872.139
900 566.122 872.139
901 527.402 872.139
902 614.312 872.139
903 647.915 872.139
904 565.501 872.139
905 698.336 872.139
906 537.762 872.139
907 638.852 872.139
908 627.054 872.139
909 549.967 872.139
910 475.848 872.139
911 681.505 872.139
912 678.705 872.139
913 591.963 872.139
914 599.012 872.139
915 541.63 872.139
916 474.182 872.139
917 719.949 872.139
918 455.288 872.139
919 469.167 872.139
920 766.002 872.139
921 602.074 872.139
922 732.542 872.139
923 529.426 872.139
924 552.966 872.139
925 649.228 872.139
926 431.096 872.139
927 450.264 872.139
928 559.152 872.139
929 732.118 872.139
930 521.419 872.139
931 449.856 872.139
932 575.251 872.139
933 592.8 872.139
934 630.184 872.139
935 559.906 872.139
936 681.723 872.139
937 484.433 872.139
938 463.558 872.139
939 485.712 872.139
940 545.292 872.139
941 598.226 872.139
942 415.256 872.139
943 359.531 872.139
944 472.71 872.139
945 712.735 872.139
946 505.215 872.139
947 531.976 872.139
948 580.68 872.139
949 464.533 872.139
950 400.71 872.139
951 496.453 872.139
952 584.734 872.139
953 514.044 872.139
954 705.061 872.139
955 605.477 872.139
956 538.531 872.139
957 512.454 872.139
958 710.571 872.139
959 448.14 872.139
960 476.042 872.139
961 668.843 872.139
962 564.914 872.139
963 525.459 872.139
964 535.446 872.139
965 701.638 872.139
966 573.914 872.139
967 473.154 872.139
968 536.6 872.139
969 619.332 872.139
970 677.984 872.139
971 496.996 872.139
972 544.986 872.139
973 550.477 872.139
974 421.141 872.139
975 652.212 872.139
976 468.797 872.139
977 584.101 872.139
978 552.793 872.139
979 556.337 872.139
980 735.096 872.139
981 465.768 872.139
982 541.564 872.139
983 633.645 872.139
984 495.365 872.139
985 584.946 872.139
986 679.982 872.139
987 534.471 872.139
988 382.339 872.139
989 549.27 872.139
990 639.957 872.139
991 555.383 872.139
992 557.406 872.139
993 534.831 872.139
994 570.84 872.139
995 617.14 872.139
996 580.423 872.139
997 582.361 872.139
998 399.277 872.139
999 533.342 872.139
