0 4201.83 4201.83
1 4487.99 4487.99
2 4454.61 4487.99
3 4448.63 4487.99
4 4505.89 4505.89
5 4448.47 4505.89
6 4282.52 4505.89
7 4805.67 4805.67
8 4384.94 4805.67
9 4744.85 4805.67
10 4428.05 4805.67
11 4707.47 4805.67
12 4528.02 4805.67
13 4495.22 4805.67
14 4592.13 4805.67
15 4432.24 4805.67
16 4321.59 4805.67
17 4319.49 4805.67
18 4541.74 4805.67
19 4464.42 4805.67
20 4620.86 4805.67
21 4409.45 4805.67
22 4182.79 4805.67
23 4271.85 4805.67
24 4505.25 4805.67
25 4465.74 4805.67
26 4573.67 4805.67
27 4684.62 4805.67
28 4695.33 4805.67
29 4428.32 4805.67
30 4486.02 4805.67
31 4628.04 4805.67
32 4573.54 4805.67
33 4529.88 4805.67
34 4347.35 4805.67
35 4431.23 4805.67
36 4478.22 4805.67
37 4404.5 4805.67
38 4421.19 4805.67
39 4384.35 4805.67
40 4595.43 4805.67
41 4230.95 4805.67
42 4548.49 4805.67
43 4457.08 4805.67
44 4479.71 4805.67
45 4403.39 4805.67
46 4444.77 4805.67
47 4741.06 4805.67
48 4680.84 4805.67
49 4611.37 4805.67
50 4463.75 4805.67
51 4747.85 4805.67
52 4560.55 4805.67
53 4588.43 4805.67
54 4418.99 4805.67
55 4679.75 4805.67
56 4254.38 4805.67
57 4462.17 4805.67
58 4671.32 4805.67
59 4611.19 4805.67
60 4361.38 4805.67
61 4409.13 4805.67
62 4438.58 4805.67
63 4310.72 4805.67
64 4734.58 4805.67
65 4562.92 4805.67
66 4511.72 4805.67
67 4370.48 4805.67
68 4429.71 4805.67
69 4662.6 4805.67
70 4632.65 4805.67
71 4551.36 4805.67
72 4609.24 4805.67
73 4472.21 4805.67
74 4405.71 4805.67
75 4478.32 4805.67
76 4550.34 4805.67
77 4250.94 4805.67
78 4458.94 4805.67
79 4444.18 4805.67
80 4777.22 4805.67
81 4541.53 4805.67
82 4709.54 4805.67
83 4349.46 4805.67
84 4585.43 4805.67
85 4386.11 4805.67
86 4631.21 4805.67
87 4441 4805.67
88 4626.57 4805.67
89 4443.92 4805.67
90 4395.55 4805.67
91 4427.4 4805.67
92 4438.26 4805.67
93 4482.49 4805.67
94 4586.9 4805.67
95 4516.12 4805.67
96 4583.07 4805.67
97 4495.11 4805.67
98 4385.13 4805.67
99 4545.71 4805.67
100 4445.75 4805.67
101 4761.09 4805.67
102 4590.55 4805.67
103 4771.73 4805.67
104 4469.44 4805.67
105 4209.18 4805.67
106 4599.57 4805.67
107 4500.47 4805.67
108 4617.77 4805.67
109 4378.38 4805.67
110 4444.01 4805.67
111 4430.79 4805.67
112 4627.09 4805.67
113 4493.84 4805.67
114 4354.33 4805.67
115 4745.32 4805.67
116 4869.59 4869.59
117 4519.7 4869.59
118 4500.18 4869.59
119 4487.5 4869.59
120 4341.76 4869.59
121 4481.5 4869.59
122 4711.18 4869.59
123 4186.76 4869.59
124 4497.07 4869.59
125 4575.08 4869.59
126 4404.38 4869.59
127 4713.7 4869.59
128 4567.02 4869.59
129 4305.22 4869.59
130 4522.4 4869.59
131 4540.45 4869.59
132 4495.93 4869.59
133 4527.84 4869.59
134 4550.45 4869.59
135 4651.05 4869.59
136 4627.14 4869.59
137 4689.1 4869.59
138 4322.55 4869.59
139 4401.65 4869.59
140 4519.72 4869.59
141 4608.2 4869.59
142 4631.51 4869.59
143 4625.89 4869.59
144 4570.15 4869.59
145 4638.96 4869.59
146 4473.5 4869.59
147 4390.1 4869.59
148 4371.35 4869.59
149 4580.5 4869.59
150 4655.77 4869.59
151 4535.8 4869.59
152 4902.38 4902.38
153 4578.66 4902.38
154 4433.24 4902.38
155 4592.47 4902.38
156 4277.11 4902.38
157 4361.71 4902.38
158 4659.24 4902.38
159 4574.25 4902.38
160 4492.66 4902.38
161 4415.65 4902.38
162 4390.3 4902.38
163 4692.37 4902.38
164 4681.28 4902.38
165 4417.79 4902.38
166 4464.89 4902.38
167 4426.49 4902.38
168 4610.22 4902.38
169 4691.45 4902.38
170 4516.04 4902.38
171 4287.94 4902.38
172 4620.78 4902.38
173 4605.56 4902.38
174 4390.42 4902.38
175 4794.54 4902.38
176 4409.27 4902.38
177 4367.8 4902.38
178 4453.73 4902.38
179 4395.28 4902.38
180 4581.73 4902.38
181 4650.83 4902.38
182 4584.6 4902.38
183 4602.88 4902.38
184 4402.14 4902.38
185 4387.69 4902.38
186 4862.68 4902.38
187 4534.99 4902.38
188 4513.1 4902.38
189 4525 4902.38
190 4605.14 4902.38
191 4506.62 4902.38
192 4263.57 4902.38
193 4468.34 4902.38
194 4381.21 4902.38
195 4724.75 4902.38
196 4701.62 4902.38
197 4411.91 4902.38
198 4321.24 4902.38
199 4596.45 4902.38
200 4544.73 4902.38
201 4621.18 4902.38
202 4690.65 4902.38
203 4598.9 4902.38
204 4317.6 4902.38
205 4339.31 4902.38
206 4544.27 4902.38
207 4295.15 4902.38
208 4613.7 4902.38
209 4659.07 4902.38
210 4431.02 4902.38
211 4345.13 4902.38
212 4684.49 4902.38
213 4598.03 4902.38
214 4829.72 4902.38
215 4748.82 4902.38
216 4195.73 4902.38
217 4731.6 4902.38
218 4268.69 4902.38
219 4307.4 4902.38
220 4536.23 4902.38
221 4723.05 4902.38
222 4913.92 4913.92
223 4557.7 4913.92
224 4614.81 4913.92
225 4729.96 4913.92
226 4719.73 4913.92
227 4655.59 4913.92
228 4762.37 4913.92
229 4696.09 4913.92
230 4521.03 4913.92
231 4453.73 4913.92
232 4681.41 4913.92
233 4788.63 4913.92
234 4642.79 4913.92
235 4371.92 4913.92
236 4102.53 4913.92
237 4538.22 4913.92
238 4564.79 4913.92
239 4426.27 4913.92
240 4510.36 4913.92
241 4790.86 4913.92
242 4603 4913.92
243 4503.01 4913.92
244 4857.08 4913.92
245 4605.14 4913.92
246 4488.18 4913.92
247 4279.47 4913.92
248 4545.89 4913.92
249 4519.42 4913.92
250 4699.51 4913.92
251 4446.23 4913.92
252 4506.28 4913.92
253 4423.69 4913.92
254 4546.25 4913.92
255 4735.43 4913.92
256 4467.94 4913.92
257 4400.95 4913.92
258 4671.85 4913.92
259 4754.17 4913.92
260 4335.87 4913.92
261 4571.58 4913.92
262 4454.58 4913.92
263 4896.78 4913.92
264 4358.16 4913.92
265 4305.08 4913.92
266 4493.24 4913.92
267 4587.44 4913.92
268 4570.4 4913.92
269 4503.35 4913.92
270 4491.74 4913.92
271 4826.08 4913.92
272 4458.14 4913.92
273 4331.46 4913.92
274 4445.8 4913.92
275 4435.46 4913.92
276 4559.98 4913.92
277 4744.99 4913.92
278 4676.05 4913.92
279 4413.66 4913.92
280 4684.51 4913.92
281 4359.64 4913.92
282 4772.82 4913.92
283 4335.17 4913.92
284 4518.11 4913.92
285 4627.44 4913.92
286 4461.5 4913.92
287 4334.85 4913.92
288 4544.18 4913.92
289 4579.74 4913.92
290 4479.66 4913.92
291 4470.47 4913.92
292 4599.82 4913.92
293 4575.83 4913.92
294 4643.73 4913.92
295 4354.16 4913.92
296 4773.87 4913.92
297 4208.33 4913.92
298 4226.85 4913.92
299 4426.35 4913.92
300 4710.9 4913.92
301 4466.25 4913.92
302 4304.88 4913.92
303 4597.14 4913.92
304 4641.29 4913.92
305 4177.81 4913.92
306 4288.46 4913.92
307 4413.57 4913.92
308 4848.27 4913.92
309 4557.59 4913.92
310 4613.85 4913.92
311 4429.38 4913.92
312 4554.06 4913.92
313 4864.37 4913.92
314 4413.89 4913.92
315 4433.9 4913.92
316 4243.22 4913.92
317 4388.59 4913.92
318 4602.8 4913.92
319 4354 4913.92
320 4350.45 4913.92
321 4494.45 4913.92
322 4432.63 4913.92
323 4595.31 4913.92
324 4645.16 4913.92
325 4190.15 4913.92
326 4596.75 4913.92
327 4591.72 4913.92
328 4659.42 4913.92
329 4438.11 4913.92
330 4475.29 4913.92
331 4422.64 4913.92
332 4363.99 4913.92
333 4153.29 4913.92
334 4451.44 4913.92
335 4381.32 4913.92
336 4415.87 4913.92
337 4628.35 4913.92
338 4633.85 4913.92
339 4443.78 4913.92
340 4585.81 4913.92
341 4462.29 4913.92
342 4543.21 4913.92
343 4641.73 4913.92
344 4463.03 4913.92
345 4785.6 4913.92
346 4392.56 4913.92
347 4312.86 4913.92
348 4396.16 4913.92
349 4571.18 4913.92
350 4453.16 4913.92
351 4275.21 4913.92
352 4476.4 4913.92
353 4501.71 4913.92
354 4368.72 4913.92
355 4566.71 4913.92
356 4601.51 4913.92
357 4620.39 4913.92
358 4432.83 4913.92
359 4381.67 4913.92
360 4131.74 4913.92
361 4525.03 4913.92
362 4565.6 4913.92
363 4583.9 4913.92
364 4499.38 4913.92
365 4511.5 4913.92
366 4414.19 4913.92
367 4786.6 4913.92
368 4665.91 4913.92
369 4610.23 4913.92
370 4531.46 4913.92
371 4459.84 4913.92
372 4367.64 4913.92
373 4667.88 4913.92
374 4611.52 4913.92
375 4490.82 4913.92
376 4590.42 4913.92
377 4646 4913.92
378 4587.71 4913.92
379 4822.83 4913.92
380 4406.02 4913.92
381 4503.04 4913.92
382 4363.24 4913.92
383 4605.63 4913.92
384 4353.67 4913.92
385 4590.62 4913.92
386 4545.67 4913.92
387 4260.27 4913.92
388 4354.21 4913.92
389 4670.52 4913.92
390 4755.83 4913.92
391 4592.56 4913.92
392 4476.51 4913.92
393 4402.15 4913.92
394 4418.78 4913.92
395 4599.81 4913.92
396 4655.2 4913.92
397 4694.22 4913.92
398 4417.52 4913.92
399 4494.58 4913.92
400 4474.75 4913.92
401 4542.22 4913.92
402 4328.3 4913.92
403 4413.9 4913.92
404 4425.13 4913.92
405 4872.14 4913.92
406 4683.14 4913.92
407 4599.65 4913.92
408 4470.76 4913.92
409 4639.89 4913.92
410 4687.89 4913.92
411 4612.8 4913.92
412 4641.6 4913.92
413 4740.73 4913.92
414 4559.2 4913.92
415 4646.5 4913.92
416 4440.53 4913.92
417 4274.11 4913.92
418 4623.94 4913.92
419 4466.74 4913.92
420 4515.77 4913.92
421 4435.24 4913.92
422 4568.12 4913.92
423 4642.07 4913.92
424 4466.82 4913.92
425 4672.89 4913.92
426 4676.66 4913.92
427 4470.17 4913.92
428 4543.48 4913.92
429 4429.93 4913.92
430 4518.47 4913.92
431 4887.13 4913.92
432 4333.42 4913.92
433 4866.1 4913.92
434 4547.45 4913.92
435 4471.11 4913.92
436 4437.46 4913.92
437 4314.51 4913.92
438 4494.37 4913.92
439 4418.22 4913.92
440 4720.11 4913.92
441 4591.09 4913.92
442 4681.74 4913.92
443 4762.83 4913.92
444 4593.88 4913.92
445 4421.76 4913.92
446 4409.38 4913.92
447 4649.75 4913.92
448 4813.39 4913.92
449 4572.34 4913.92
450 4635.59 4913.92
451 4617.95 4913.92
452 4461.57 4913.92
453 4212.44 4913.92
454 4211.45 4913.92
455 4579.68 4913.92
456 4320.88 4913.92
457 4751.44 4913.92
458 4400.97 4913.92
459 4574.61 4913.92
460 4546.02 4913.92
461 4314.17 4913.92
462 4512.38 4913.92
463 4829.28 4913.92
464 4486.44 4913.92
465 4165.56 4913.92
466 4654.79 4913.92
467 4319.22 4913.92
468 4497.87 4913.92
469 4455.97 4913.92
470 4641.77 4913.92
471 4540.36 4913.92
472 4429.04 4913.92
473 4508.01 4913.92
474 4626.98 4913.92
475 4453.76 4913.92
476 4292.33 4913.92
477 4547.37 4913.92
478 4704.31 4913.92
479 4576.63 4913.92
480 4557.13 4913.92
481 4573.81 4913.92
482 4631.68 4913.92
483 4419.31 4913.92
484 4450.16 4913.92
485 4435.05 4913.92
486 4590.48 4913.92
487 4477.24 4913.92
488 4891.55 4913.92
489 4511.15 4913.92
490 4523.48 4913.92
491 4458.98 4913.92
492 4619.36 4913.92
493 4372.88 4913.92
494 4486.88 4913.92
495 4543.03 4913.92
496 4631.56 4913.92
497 4667.95 4913.92
498 4591.83 4913.92
499 4370.69 4913.92
500 4535.11 4913.92
501 4635.94 4913.92
502 4569.6 4913.92
503 4319.97 4913.92
504 4725.36 4913.92
505 4384.53 4913.92
506 4580.66 4913.92
507 4609.85 4913.92
508 4746.25 4913.92
509 4759.29 4913.92
510 4628.85 4913.92
511 4571.64 4913.92
512 4904.11 4913.92
513 4183.32 4913.92
514 4470.07 4913.92
515 4556.4 4913.92
516 4454.82 4913.92
517 4634.34 4913.92
518 4770.9 4913.92
519 4655.22 4913.92
520 4293.58 4913.92
521 4808.53 4913.92
522 4490.5 4913.92
523 4657.06 4913.92
524 4406.29 4913.92
525 4473.08 4913.92
526 4428.45 4913.92
527 4537.99 4913.92
528 4590.2 4913.92
529 4549.42 4913.92
530 4645.89 4913.92
531 4471.49 4913.92
532 4542.49 4913.92
533 4747.22 4913.92
534 4707.03 4913.92
535 4448.28 4913.92
536 4749.89 4913.92
537 4558.88 4913.92
538 4432.73 4913.92
539 4282.85 4913.92
540 4657.93 4913.92
541 4516.67 4913.92
542 4558.43 4913.92
543 4485.69 4913.92
544 4319.54 4913.92
545 4428.59 4913.92
546 4420.26 4913.92
547 4599.98 4913.92
548 4325.52 4913.92
549 4737.52 4913.92
550 4758.88 4913.92
551 4584.05 4913.92
552 4323.01 4913.92
553 4361.27 4913.92
554 4411.11 4913.92
555 4522.88 4913.92
556 4361.33 4913.92
557 4493.63 4913.92
558 4663.28 4913.92
559 4544.1 4913.92
560 4613.88 4913.92
561 4673.15 4913.92
562 4419.21 4913.92
563 4453.57 4913.92
564 4578.05 4913.92
565 4539.38 4913.92
566 4995.93 4995.93
567 4579.5 4995.93
568 4682.21 4995.93
569 4538.65 4995.93
570 4435.32 4995.93
571 4545.44 4995.93
572 4518.85 4995.93
573 4529.77 4995.93
574 4244.27 4995.93
575 4611.25 4995.93
576 4669.06 4995.93
577 4419.79 4995.93
578 4814.6 4995.93
579 4711.28 4995.93
580 4389.68 4995.93
581 4349.41 4995.93
582 4307.01 4995.93
583 4463.18 4995.93
584 4440.04 4995.93
585 4889.06 4995.93
586 4380.77 4995.93
587 4554.11 4995.93
588 4197.68 4995.93
589 4465.74 4995.93
590 4500.58 4995.93
591 4522.74 4995.93
592 4543.71 4995.93
593 4493.32 4995.93
594 4346.23 4995.93
595 4709.99 4995.93
596 4241.98 4995.93
597 4369.27 4995.93
598 4177.23 4995.93
599 4715.84 4995.93
600 4436.81 4995.93
601 4596.12 4995.93
602 4458.32 4995.93
603 4430.49 4995.93
604 4496.76 4995.93
605 4345.86 4995.93
606 4595.05 4995.93
607 4570.97 4995.93
608 4392.23 4995.93
609 4535.2 4995.93
610 4455.2 4995.93
611 4586.21 4995.93
612 4590.97 4995.93
613 4560.59 4995.93
614 4504.25 4995.93
615 4364.42 4995.93
616 4622.03 4995.93
617 4367.6 4995.93
618 4778.25 4995.93
619 4490.3 4995.93
620 4845.78 4995.93
621 4414.78 4995.93
622 4359.82 4995.93
623 4544.58 4995.93
624 4372.2 4995.93
625 4560.2 4995.93
626 4472.01 4995.93
627 4870.2 4995.93
628 4417.49 4995.93
629 4486.94 4995.93
630 4464.81 4995.93
631 4433.53 4995.93
632 4585.66 4995.93
633 4661.58 4995.93
634 4611.23 4995.93
635 4567.06 4995.93
636 4349.05 4995.93
637 4638.92 4995.93
638 4573.17 4995.93
639 4639.26 4995.93
640 4560.5 4995.93
641 4587.59 4995.93
642 4484.74 4995.93
643 4339.44 4995.93
644 4144.36 4995.93
645 4666.72 4995.93
646 4477.67 4995.93
647 4584.33 4995.93
648 4540.01 4995.93
649 4567.37 4995.93
650 4609.5 4995.93
651 4442.71 4995.93
652 4390.4 4995.93
653 4538.93 4995.93
654 4918.24 4995.93
655 4114.36 4995.93
656 4709.7 4995.93
657 4506.42 4995.93
658 4792.41 4995.93
659 4638.05 4995.93
660 4373.73 4995.93
661 4907.56 4995.93
662 4573.77 4995.93
663 4563.7 4995.93
664 4371.1 4995.93
665 4635.12 4995.93
666 4395.85 4995.93
667 4771.88 4995.93
668 4413.06 4995.93
669 4789.15 4995.93
670 4772.37 4995.93
671 4500.42 4995.93
672 4500.33 4995.93
673 4621.12 4995.93
674 4754.07 4995.93
675 4756.65 4995.93
676 4522.89 4995.93
677 4539.76 4995.93
678 4584.06 4995.93
679 4516.68 4995.93
680 4511.29 4995.93
681 4419.48 4995.93
682 4779.36 4995.93
683 4417.22 4995.93
684 4432.67 4995.93
685 4947.71 4995.93
686 4544.28 4995.93
687 4652.57 4995.93
688 4615.04 4995.93
689 4444.2 4995.93
690 4668.97 4995.93
691 4449.4 4995.93
692 4666.59 4995.93
693 4458.98 4995.93
694 4451.64 4995.93
695 4649.77 4995.93
696 4534.86 4995.93
697 4284.33 4995.93
698 4500.94 4995.93
699 4769.39 4995.93
700 4772.48 4995.93
701 4269.51 4995.93
702 4612.75 4995.93
703 4652.6 4995.93
704 4444.01 4995.93
705 4798.39 4995.93
706 4621.73 4995.93
707 4571.36 4995.93
708 4684.76 4995.93
709 4531.59 4995.93
710 4363.7 4995.93
711 4489.17 4995.93
712 4386.15 4995.93
713 4758.21 4995.93
714 4547.27 4995.93
715 4473.43 4995.93
716 4878.09 4995.93
717 4578.95 4995.93
718 4476.79 4995.93
719 4527.06 4995.93
720 4418.35 4995.93
721 4503.78 4995.93
722 4843.95 4995.93
723 4649.21 4995.93
724 4378.37 4995.93
725 4574.37 4995.93
726 4108.05 4995.93
727 4540.15 4995.93
728 4695.23 4995.93
729 4384.94 4995.93
730 4697.04 4995.93
731 4497.11 4995.93
732 4428.13 4995.93
733 4351.29 4995.93
734 4526.14 4995.93
735 4582.17 4995.93
736 4577.08 4995.93
737 4354.76 4995.93
738 4484.28 4995.93
739 4425.28 4995.93
740 4740.86 4995.93
741 4588.96 4995.93
742 4620.96 4995.93
743 4613.61 4995.93
744 4409.57 4995.93
745 4423.85 4995.93
746 4658.86 4995.93
747 4327.6 4995.93
748 4756.22 4995.93
749 4576.92 4995.93
750 4492.28 4995.93
751 4257.49 4995.93
752 4366.83 4995.93
753 4260.33 4995.93
754 4392.7 4995.93
755 4547.68 4995.93
756 4446.57 4995.93
757 4382.83 4995.93
758 4456.96 4995.93
759 4782.27 4995.93
760 4442.32 4995.93
761 4317.23 4995.93
762 4576.17 4995.93
763 5110 5110
764 4366.5 5110
765 4536.23 5110
766 4549.8 5110
767 4487.43 5110
768 4435.37 5110
769 4496.27 5110
770 4519.93 5110
771 4417.28 5110
772 4461.66 5110
773 4772.68 5110
774 4550.25 5110
775 4646.33 5110
776 4618.33 5110
777 4383.93 5110
778 4522.84 5110
779 4318.59 5110
780 4679.09 5110
781 4629.93 5110
782 4528.31 5110
783 4319.56 5110
784 4460.94 5110
785 4638.64 5110
786 4630.19 5110
787 4534.06 5110
788 4438.1 5110
789 4638.65 5110
790 4605.42 5110
791 4558.38 5110
792 4607.79 5110
793 4571.61 5110
794 4406.87 5110
795 4495.03 5110
796 4543.46 5110
797 4471.09 5110
798 4622.58 5110
799 4375.08 5110
800 4572.08 5110
801 4539.26 5110
802 4472.46 5110
803 4446.49 5110
804 4607.55 5110
805 4550.96 5110
806 4498.68 5110
807 4543.84 5110
808 4450.81 5110
809 4512.33 5110
810 4661.8 5110
811 4522.17 5110
812 4519.17 5110
813 4375.83 5110
814 4175.49 5110
815 4327.19 5110
816 4553.32 5110
817 4454.11 5110
818 4429.74 5110
819 4451.15 5110
820 4580.97 5110
821 4247.47 5110
822 4273.47 5110
823 4704.23 5110
824 4492.42 5110
825 4285.12 5110
826 4682.34 5110
827 4451.01 5110
828 4640.4 5110
829 4578.42 5110
830 4351.2 5110
831 4259.94 5110
832 4391.9 5110
833 4256.9 5110
834 4409.63 5110
835 4453.01 5110
836 4441.29 5110
837 4885.14 5110
838 4388.11 5110
839 4660.64 5110
840 4766.43 5110
841 4361.42 5110
842 4418.01 5110
843 4717.34 5110
844 4569.12 5110
845 4713.88 5110
846 4632.13 5110
847 4253.68 5110
848 4403.64 5110
849 4620.61 5110
850 4636.87 5110
851 4375.58 5110
852 4321.31 5110
853 4528 5110
854 4445.55 5110
855 4550.65 5110
856 4529.15 5110
857 4573.78 5110
858 4505.8 5110
859 4425.56 5110
860 4568.18 5110
861 4531.89 5110
862 4357.86 5110
863 4409.05 5110
864 4649.77 5110
865 4718.83 5110
866 4341.35 5110
867 4698.9 5110
868 4634.12 5110
869 4571 5110
870 4930.07 5110
871 4487.65 5110
872 4573.69 5110
873 4793.57 5110
874 4629.23 5110
875 4283.07 5110
876 4471.83 5110
877 4673.38 5110
878 4506.38 5110
879 4591.72 5110
880 4292.86 5110
881 4384.89 5110
882 4525.55 5110
883 4413.34 5110
884 4301.05 5110
885 4512.77 5110
886 4497.49 5110
887 4438.94 5110
888 4414.45 5110
889 4747.53 5110
890 4806.92 5110
891 4502.14 5110
892 5029.06 5110
893 4547.04 5110
894 4411.87 5110
895 4532.05 5110
896 4480.41 5110
897 4727.65 5110
898 4427.08 5110
899 4369.23 5110
900 4337.64 5110
901 4410.29 5110
902 4689.64 5110
903 4752.99 5110
904 4307.01 5110
905 4561.75 5110
906 4702.99 5110
907 4488.36 5110
908 4713.72 5110
909 4394.37 5110
910 4687.24 5110
911 4860.71 5110
912 4649.06 5110
913 4777.37 5110
914 4542.61 5110
915 4424.34 5110
916 4366.91 5110
917 4569.91 5110
918 4656.26 5110
919 4348.49 5110
920 4614.44 5110
921 4755.3 5110
922 4367.11 5110
923 4630.32 5110
924 4479.61 5110
925 4494.79 5110
926 4586.99 5110
927 4531.02 5110
928 4685.01 5110
929 4626.69 5110
930 4476.36 5110
931 4535.56 5110
932 4469.42 5110
933 4598.39 5110
934 4538.54 5110
935 4545.34 5110
936 4749.82 5110
937 4348.27 5110
938 4496.31 5110
939 4838.11 5110
940 4537.55 5110
941 4762.58 5110
942 4524.09 5110
943 4520.49 5110
944 4558.53 5110
945 4334.77 5110
946 4401.74 5110
947 4777.45 5110
948 4414.12 5110
949 4419.08 5110
950 4593.34 5110
951 4263.94 5110
952 4321.42 5110
953 4524.58 5110
954 4621.19 5110
955 4311.05 5110
956 4363.1 5110
957 4625.85 5110
958 4662.79 5110
959 4421.03 5110
960 4496.17 5110
961 4528.72 5110
962 4481.11 5110
963 4722.61 5110
964 4343.41 5110
965 4309.94 5110
966 4775.68 5110
967 4492.46 5110
968 4773.85 5110
969 4432.03 5110
970 4702.89 5110
971 4966.93 5110
972 4575.7 5110
973 4575.42 5110
974 4551.04 5110
975 4357.42 5110
976 4542.76 5110
977 4629.34 5110
978 4319.85 5110
979 4578.03 5110
980 4526.36 5110
981 4569.45 5110
982 4466.97 5110
983 4855.2 5110
984 4428.23 5110
985 4554.92 5110
986 4498.81 5110
987 4323.27 5110
988 4790.63 5110
989 4067.9 5110
990 4606.07 5110
991 4771.51 5110
992 4736.14 5110
993 4483.06 5110
994 4276.92 5110
995 4475.13 5110
996 4616.89 5110
997 4767.17 5110
998 4648.85 5110
999 4456.04 5110
