0 1623.7 1623.7
1 1832.16 1832.16
2 1775.29 1832.16
3 1689.75 1832.16
4 1739.56 1832.16
5 1654.56 1832.16
6 1795.58 1832.16
7 1695.8 1832.16
8 1770.65 1832.16
9 1808.99 1832.16
10 1600.95 1832.16
11 1750.58 1832.16
12 1849.66 1849.66
13 1816.9 1849.66
14 1571.93 1849.66
15 1598.42 1849.66
16 1793.45 1849.66
17 1826.65 1849.66
18 1596.96 1849.66
19 1719.04 1849.66
20 1884.68 1884.68
21 1760.76 1884.68
22 1677.06 1884.68
23 1740.3 1884.68
24 1622.3 1884.68
25 1687.27 1884.68
26 1765.44 1884.68
27 1684.14 1884.68
28 1684.24 1884.68
29 1726.37 1884.68
30 1585.35 1884.68
31 1690.02 1884.68
32 1793.25 1884.68
33 1730.16 1884.68
34 1692.57 1884.68
35 1716.02 1884.68
36 1636.58 1884.68
37 1788.47 1884.68
38 1580.4 1884.68
39 1741.05 1884.68
40 1659.28 1884.68
41 1651.3 1884.68
42 1804.39 1884.68
43 1819.07 1884.68
44 1848.63 1884.68
45 1598.56 1884.68
46 1656.45 1884.68
47 1565.23 1884.68
48 1845.21 1884.68
49 1719.9 1884.68
50 1702.11 1884.68
51 1735.7 1884.68
52 1731.2 1884.68
53 1659.03 1884.68
54 1580.09 1884.68
55 1679.71 1884.68
56 1764.89 1884.68
57 1824.76 1884.68
58 1654.7 1884.68
59 1673.51 1884.68
60 1604.45 1884.68
61 1842.12 1884.68
62 1670.37 1884.68
63 1725.61 1884.68
64 1704.66 1884.68
65 1562.15 1884.68
66 1637.69 1884.68
67 1860.22 1884.68
68 1856.81 1884.68
69 1795.49 1884.68
70 1629.8 1884.68
71 1638.74 1884.68
72 1925.32 1925.32
73 1669.25 1925.32
74 1658.39 1925.32
75 1555.9 1925.32
76 1577.09 1925.32
77 1662.99 1925.32
78 1666.38 1925.32
79 1754.38 1925.32
80 1663.34 1925.32
81 1776.46 1925.32
82 1815.79 1925.32
83 1816.08 1925.32
84 1652.89 1925.32
85 1772.58 1925.32
86 1606.75 1925.32
87 1795.49 1925.32
88 1779.92 1925.32
89 1651.17 1925.32
90 1927.52 1927.52
91 1803.57 1927.52
92 1639.74 1927.52
93 1632.45 1927.52
94 1583.34 1927.52
95 1705.06 1927.52
96 1672.56 1927.52
97 1734.2 1927.52
98 1616.37 1927.52
99 1725.35 1927.52
100 1758.51 1927.52
101 1675.52 1927.52
102 1661.29 1927.52
103 1723.67 1927.52
104 1535.67 1927.52
105 1778.94 1927.52
106 1585.24 1927.52
107 1747.32 1927.52
108 1822.17 1927.52
109 1723.08 1927.52
110 1631.09 1927.52
111 1623.24 1927.52
112 1803.92 1927.52
113 1724.59 1927.52
114 1671.31 1927.52
115 1723.58 1927.52
116 1665.62 1927.52
117 1846.64 1927.52
118 1859.18 1927.52
119 1883.51 1927.52
120 1650.49 1927.52
121 1788.35 1927.52
122 1598.17 1927.52
123 1794.4 1927.52
124 1688.77 1927.52
125 1735.66 1927.52
126 1741.58 1927.52
127 1616.57 1927.52
128 1786.56 1927.52
129 1570.11 1927.52
130 1828.13 1927.52
131 1660.45 1927.52
132 1621.89 1927.52
133 1744.44 1927.52
134 1639.09 1927.52
135 1526.6 1927.52
136 1762.28 1927.52
137 1633.51 1927.52
138 1939.45 1939.45
139 1648 1939.45
140 1660.04 1939.45
141 1960.07 1960.07
142 1670.39 1960.07
143 1784.06 1960.07
144 1791.59 1960.07
145 1904.75 1960.07
146 1693.48 1960.07
147 1789.68 1960.07
148 1654.36 1960.07
149 1900.77 1960.07
150 1645.29 1960.07
151 1726.51 1960.07
152 1606.07 1960.07
153 1753.96 1960.07
154 1579.45 1960.07
155 1554.04 1960.07
156 1634.98 1960.07
157 1713.48 1960.07
158 1751.87 1960.07
159 1869.77 1960.07
160 1626.32 1960.07
161 1762.13 1960.07
162 1622.5 1960.07
163 1626.8 1960.07
164 1685.32 1960.07
165 1857.78 1960.07
166 1748.93 1960.07
167 1806.94 1960.07
168 1610.98 1960.07
169 1758.93 1960.07
170 1873.02 1960.07
171 1677.16 1960.07
172 1812.86 1960.07
173 1766.55 1960.07
174 1660.51 1960.07
175 1794.6 1960.07
176 1774.05 1960.07
177 1777.68 1960.07
178 1808.57 1960.07
179 1524.85 1960.07
180 1838.97 1960.07
181 1645.29 1960.07
182 1687.97 1960.07
183 1744.37 1960.07
184 1600.32 1960.07
185 1702.96 1960.07
186 1648.66 1960.07
187 1698.93 1960.07
188 1580.52 1960.07
189 1649.62 1960.07
190 1703.61 1960.07
191 1646.57 1960.07
192 1585.24 1960.07
193 1694.31 1960.07
194 1720.53 1960.07
195 1692.89 1960.07
196 1716.94 1960.07
197 1726.52 1960.07
198 1773.85 1960.07
199 1868.69 1960.07
200 1654.89 1960.07
201 1657.14 1960.07
202 1820.38 1960.07
203 1794.86 1960.07
204 1761.31 1960.07
205 1567.54 1960.07
206 1561.42 1960.07
207 1849.91 1960.07
208 1659.63 1960.07
209 1496.02 1960.07
210 1822.77 1960.07
211 1655.34 1960.07
212 1850.74 1960.07
213 1658.18 1960.07
214 1726.64 1960.07
215 1779.64 1960.07
216 1908.31 1960.07
217 1683.54 1960.07
218 1675.08 1960.07
219 1919.39 1960.07
220 1728.99 1960.07
221 1803.59 1960.07
222 1530.77 1960.07
223 1797.09 1960.07
224 1611.46 1960.07
225 1744.12 1960.07
226 1622.31 1960.07
227 1646.33 1960.07
228 1623.91 1960.07
229 1663.87 1960.07
230 1941.33 1960.07
231 1757.86 1960.07
232 1773.31 1960.07
233 1753.04 1960.07
234 1742.16 1960.07
235 1746.51 1960.07
236 1661.39 1960.07
237 1816.71 1960.07
238 1612.39 1960.07
239 1738.19 1960.07
240 1683.09 1960.07
241 1598.99 1960.07
242 1848.4 1960.07
243 1740.3 1960.07
244 1746.98 1960.07
245 1865.09 1960.07
246 1664.1 1960.07
247 1769.98 1960.07
248 1744.94 1960.07
249 1699.58 1960.07
250 1673.05 1960.07
251 1871.17 1960.07
252 1622.94 1960.07
253 1611.22 1960.07
254 1604.09 1960.07
255 1657.71 1960.07
256 1656.75 1960.07
257 1700.53 1960.07
258 1763.73 1960.07
259 1688.13 1960.07
260 1631.92 1960.07
261 1770.2 1960.07
262 1802.91 1960.07
263 1680.62 1960.07
264 1750.07 1960.07
265 1697.86 1960.07
266 1675.74 1960.07
267 1771.4 1960.07
268 1684.41 1960.07
269 1740.16 1960.07
270 1639.94 1960.07
271 1611.33 1960.07
272 1633.92 1960.07
273 1735.22 1960.07
274 1625.43 1960.07
275 1852.61 1960.07
276 1735.61 1960.07
277 1735.94 1960.07
278 1829.84 1960.07
279 1762.26 1960.07
280 1651.51 1960.07
281 1649.77 1960.07
282 1611.08 1960.07
283 1730.92 1960.07
284 1922.6 1960.07
285 1594.79 1960.07
286 1846.8 1960.07
287 1663.88 1960.07
288 1697.31 1960.07
289 1636.85 1960.07
290 1631.74 1960.07
291 1715.14 1960.07
292 1779.39 1960.07
293 1805.36 1960.07
294 1634.54 1960.07
295 1739.73 1960.07
296 1703.48 1960.07
297 1891.16 1960.07
298 1833.54 1960.07
299 1711.18 1960.07
300 1704.19 1960.07
301 1585.94 1960.07
302 1711.37 1960.07
303 1844.69 1960.07
304 1759.45 1960.07
305 1734 1960.07
306 1739.51 1960.07
307 1662.51 1960.07
308 1725.83 1960.07
309 1582.5 1960.07
310 1619.52 1960.07
311 1651.26 1960.07
312 1780.33 1960.07
313 1733.99 1960.07
314 1609.2 1960.07
315 1683.33 1960.07
316 1704.49 1960.07
317 1723.95 1960.07
318 1726.6 1960.07
319 1793.61 1960.07
320 1778.16 1960.07
321 1669.14 1960.07
322 1651.6 1960.07
323 1620.88 1960.07
324 1546.13 1960.07
325 1800.5 1960.07
326 1513.29 1960.07
327 1564.76 1960.07
328 1642.37 1960.07
329 1655.97 1960.07
330 1857.03 1960.07
331 1590.56 1960.07
332 1785.16 1960.07
333 1777.29 1960.07
334 1756.05 1960.07
335 1639.78 1960.07
336 1840.79 1960.07
337 1609.94 1960.07
338 1500.54 1960.07
339 1626.51 1960.07
340 1652.42 1960.07
341 1850.45 1960.07
342 1872.72 1960.07
343 1844.59 1960.07
344 1753.59 1960.07
345 1921.6 1960.07
346 1871.62 1960.07
347 1763.88 1960.07
348 1623.72 1960.07
349 1839.87 1960.07
350 1662.47 1960.07
351 1694.44 1960.07
352 1761.56 1960.07
353 1735.77 1960.07
354 1501.88 1960.07
355 1710.89 1960.07
356 1578.72 1960.07
357 1621.44 1960.07
358 1793.14 1960.07
359 1720.98 1960.07
360 1751.78 1960.07
361 1711.16 1960.07
362 1708.26 1960.07
363 1599.55 1960.07
364 1571.77 1960.07
365 1856.39 1960.07
366 1766.97 1960.07
367 1826.4 1960.07
368 1594.53 1960.07
369 1690.88 1960.07
370 1490.44 1960.07
371 1605.59 1960.07
372 1669.57 1960.07
373 1678.98 1960.07
374 1491.01 1960.07
375 1646.29 1960.07
376 1782.1 1960.07
377 1761.96 1960.07
378 1742.38 1960.07
379 1804.97 1960.07
380 1825.42 1960.07
381 1788.23 1960.07
382 1738.39 1960.07
383 1752.07 1960.07
384 1849.45 1960.07
385 1770.19 1960.07
386 1740.74 1960.07
387 1830.4 1960.07
388 1655.79 1960.07
389 1585.61 1960.07
390 1846.33 1960.07
391 1519.28 1960.07
392 1721.25 1960.07
393 1764.7 1960.07
394 1527.74 1960.07
395 1736.47 1960.07
396 1815.08 1960.07
397 1727.85 1960.07
398 1799.9 1960.07
399 1858.82 1960.07
400 1499.7 1960.07
401 1930.74 1960.07
402 1692.34 1960.07
403 1620.86 1960.07
404 1765.31 1960.07
405 1677.41 1960.07
406 1889.78 1960.07
407 1769.13 1960.07
408 1726.3 1960.07
409 1648.13 1960.07
410 1685.17 1960.07
411 1580.48 1960.07
412 1583.2 1960.07
413 1582.31 1960.07
414 1634.47 1960.07
415 1664.78 1960.07
416 1569.14 1960.07
417 1752.74 1960.07
418 1667.9 1960.07
419 1750.55 1960.07
420 1542.49 1960.07
421 1881.5 1960.07
422 1633.28 1960.07
423 1703.85 1960.07
424 1526.66 1960.07
425 1531.89 1960.07
426 1821.39 1960.07
427 1879.87 1960.07
428 1664.1 1960.07
429 1597.14 1960.07
430 1882.59 1960.07
431 1579.76 1960.07
432 1628.4 1960.07
433 1698.88 1960.07
434 1636 1960.07
435 1799.27 1960.07
436 1643.83 1960.07
437 1635.1 1960.07
438 1571.12 1960.07
439 1790.95 1960.07
440 1596.39 1960.07
441 1760.79 1960.07
442 1758.77 1960.07
443 1742.05 1960.07
444 1726.54 1960.07
445 1677.22 1960.07
446 1529.17 1960.07
447 1639.38 1960.07
448 1655.74 1960.07
449 1689.34 1960.07
450 1768.2 1960.07
451 1605.29 1960.07
452 1711.52 1960.07
453 1812.91 1960.07
454 1796.58 1960.07
455 1948.43 1960.07
456 1751.08 1960.07
457 1615.89 1960.07
458 1784.87 1960.07
459 1776.83 1960.07
460 1585.63 1960.07
461 1721.54 1960.07
462 1533.11 1960.07
463 1795.01 1960.07
464 1781.26 1960.07
465 1804.4 1960.07
466 1856.01 1960.07
467 1710.75 1960.07
468 1640.04 1960.07
469 1588.49 1960.07
470 1677.49 1960.07
471 1666.9 1960.07
472 1650.8 1960.07
473 1655.38 1960.07
474 1586.56 1960.07
475 1809.61 1960.07
476 1704.12 1960.07
477 1547.02 1960.07
478 1625.44 1960.07
479 1595.62 1960.07
480 1655.14 1960.07
481 1723.54 1960.07
482 1673.99 1960.07
483 1660.69 1960.07
484 1711.5 1960.07
485 1724.89 1960.07
486 1559.52 1960.07
487 1868.05 1960.07
488 1621.03 1960.07
489 1749.41 1960.07
490 1727.06 1960.07
491 1607.35 1960.07
492 1678.67 1960.07
493 1704.46 1960.07
494 1697.85 1960.07
495 1706.84 1960.07
496 1698.22 1960.07
497 1713.54 1960.07
498 1672.48 1960.07
499 1730.2 1960.07
500 1586.94 1960.07
501 1588.86 1960.07
502 1589.19 1960.07
503 1817.24 1960.07
504 1593.61 1960.07
505 1673.12 1960.07
506 1590.3 1960.07
507 1885.44 1960.07
508 1776.21 1960.07
509 1504.56 1960.07
510 1614.64 1960.07
511 1590.45 1960.07
512 1581.21 1960.07
513 1721.49 1960.07
514 1600.19 1960.07
515 1741.11 1960.07
516 1739.76 1960.07
517 1649.25 1960.07
518 1716.39 1960.07
519 1876.7 1960.07
520 1754.77 1960.07
521 1771.4 1960.07
522 1802.13 1960.07
523 1722.82 1960.07
524 1674.67 1960.07
525 1503.61 1960.07
526 1896.06 1960.07
527 1871.34 1960.07
528 1747.94 1960.07
529 1627.11 1960.07
530 1610.87 1960.07
531 1789.41 1960.07
532 1656.33 1960.07
533 1561.64 1960.07
534 1823.05 1960.07
535 1800.12 1960.07
536 1682.5 1960.07
537 1904.63 1960.07
538 1731.14 1960.07
539 1685.05 1960.07
540 1526.94 1960.07
541 1691.1 1960.07
542 1680.78 1960.07
543 1773.39 1960.07
544 1685.02 1960.07
545 1677.08 1960.07
546 1687.15 1960.07
547 1688.54 1960.07
548 1785.63 1960.07
549 1822.03 1960.07
550 1877.79 1960.07
551 1856.86 1960.07
552 1742.68 1960.07
553 1825.26 1960.07
554 1627.14 1960.07
555 1604.84 1960.07
556 1820.75 1960.07
557 1723.84 1960.07
558 1707.07 1960.07
559 1720.77 1960.07
560 1647.18 1960.07
561 1717.19 1960.07
562 1710.17 1960.07
563 1735.37 1960.07
564 1856.15 1960.07
565 1768.09 1960.07
566 1603.21 1960.07
567 1636.05 1960.07
568 1492.86 1960.07
569 1674.35 1960.07
570 1638.64 1960.07
571 1710.1 1960.07
572 1652.61 1960.07
573 1619.4 1960.07
574 1670.8 1960.07
575 1444.52 1960.07
576 1839.56 1960.07
577 1511.6 1960.07
578 1644.18 1960.07
579 1829.98 1960.07
580 1811.66 1960.07
581 1757.79 1960.07
582 1690.53 1960.07
583 1591.49 1960.07
584 1766.63 1960.07
585 1848.42 1960.07
586 1724.56 1960.07
587 1558.27 1960.07
588 1575.43 1960.07
589 1777.1 1960.07
590 1625.55 1960.07
591 1745.66 1960.07
592 1757.47 1960.07
593 1961.75 1961.75
594 1737.39 1961.75
595 1601.49 1961.75
596 1688.44 1961.75
597 1714.1 1961.75
598 1687.91 1961.75
599 1765.3 1961.75
600 1573.13 1961.75
601 1709.6 1961.75
602 1672.88 1961.75
603 1620.51 1961.75
604 1755.06 1961.75
605 1655.61 1961.75
606 1830.45 1961.75
607 1655.91 1961.75
608 1753.38 1961.75
609 1572.96 1961.75
610 1738.46 1961.75
611 1595.61 1961.75
612 1759.66 1961.75
613 1663.31 1961.75
614 1601.16 1961.75
615 1616.75 1961.75
616 1672.29 1961.75
617 1711.26 1961.75
618 1686.35 1961.75
619 1738.49 1961.75
620 1890.02 1961.75
621 1803.64 1961.75
622 1819.7 1961.75
623 1593.7 1961.75
624 1832.8 1961.75
625 1761.08 1961.75
626 1736.78 1961.75
627 1688.32 1961.75
628 1526.59 1961.75
629 1655.83 1961.75
630 1759.03 1961.75
631 1713.84 1961.75
632 1692.04 1961.75
633 1683.52 1961.75
634 1678.66 1961.75
635 1713 1961.75
636 1695.74 1961.75
637 1674.43 1961.75
638 1619.17 1961.75
639 1664.48 1961.75
640 1710.65 1961.75
641 1674.41 1961.75
642 1597.11 1961.75
643 1695.36 1961.75
644 1812.93 1961.75
645 1793.57 1961.75
646 1696.82 1961.75
647 1651.29 1961.75
648 1580.8 1961.75
649 1776.23 1961.75
650 1576.76 1961.75
651 1877.77 1961.75
652 1761.58 1961.75
653 1659.09 1961.75
654 1678.64 1961.75
655 1770.75 1961.75
656 1847.8 1961.75
657 1743.99 1961.75
658 1794.41 1961.75
659 1620.25 1961.75
660 1853.83 1961.75
661 1686.92 1961.75
662 1631.3 1961.75
663 1648.78 1961.75
664 1660.65 1961.75
665 1813.35 1961.75
666 1735.02 1961.75
667 1806.54 1961.75
668 1855.88 1961.75
669 1709.26 1961.75
670 1704.29 1961.75
671 1619.11 1961.75
672 1443.14 1961.75
673 1927.33 1961.75
674 1728.73 1961.75
675 1817.09 1961.75
676 1892.98 1961.75
677 1810.39 1961.75
678 1532.23 1961.75
679 1798.31 1961.75
680 1625.9 1961.75
681 1787.64 1961.75
682 1852.3 1961.75
683 1861.95 1961.75
684 1795.37 1961.75
685 1784.84 1961.75
686 1671.9 1961.75
687 1617.22 1961.75
688 1710.33 1961.75
689 1820.68 1961.75
690 1853.41 1961.75
691 1629.61 1961.75
692 1639.12 1961.75
693 1728.57 1961.75
694 1570.38 1961.75
695 1707.79 1961.75
696 1723.9 1961.75
697 1747.1 1961.75
698 1680.5 1961.75
699 1744 1961.75
700 1653.62 1961.75
701 1575.72 1961.75
702 1749.09 1961.75
703 1814.18 1961.75
704 1537.22 1961.75
705 1832.55 1961.75
706 1859.67 1961.75
707 1640.7 1961.75
708 1831.34 1961.75
709 1774.13 1961.75
710 1680.65 1961.75
711 1932.39 1961.75
712 1685.55 1961.75
713 1578.75 1961.75
714 1594.01 1961.75
715 1804.8 1961.75
716 1488.87 1961.75
717 1769.19 1961.75
718 1757.81 1961.75
719 1624.82 1961.75
720 1649.27 1961.75
721 1777.16 1961.75
722 1469.75 1961.75
723 1888.14 1961.75
724 1723.86 1961.75
725 1665.36 1961.75
726 1700.9 1961.75
727 1612.33 1961.75
728 1611.82 1961.75
729 1697.59 1961.75
730 1794.15 1961.75
731 1530.46 1961.75
732 1531.57 1961.75
733 1586.2 1961.75
734 1495.46 1961.75
735 1731.35 1961.75
736 1646.72 1961.75
737 1777.41 1961.75
738 1811.32 1961.75
739 1644.56 1961.75
740 1780.14 1961.75
741 1593.43 1961.75
742 1584.6 1961.75
743 1653.31 1961.75
744 1656.45 1961.75
745 1589.35 1961.75
746 1568.98 1961.75
747 1618.3 1961.75
748 1645.95 1961.75
749 1552.71 1961.75
750 1730.05 1961.75
751 1862.41 1961.75
752 1738.29 1961.75
753 1656.25 1961.75
754 1619.05 1961.75
755 1668.73 1961.75
756 1646.16 1961.75
757 1703.83 1961.75
758 1725.68 1961.75
759 1739.82 1961.75
760 1705.64 1961.75
761 1701.65 1961.75
762 1951.47 1961.75
763 1679.3 1961.75
764 1856.2 1961.75
765 1753.67 1961.75
766 1749.82 1961.75
767 1809.13 1961.75
768 1796.43 1961.75
769 1793.77 1961.75
770 1592.97 1961.75
771 1582.23 1961.75
772 1506.91 1961.75
773 1746.91 1961.75
774 1699.99 1961.75
775 1765.73 1961.75
776 1621.3 1961.75
777 1802.23 1961.75
778 1749.13 1961.75
779 1643.75 1961.75
780 1762.19 1961.75
781 1778.8 1961.75
782 1628.07 1961.75
783 1670.99 1961.75
784 1472.02 1961.75
785 1842.31 1961.75
786 1617.57 1961.75
787 1768.1 1961.75
788 1645.72 1961.75
789 1722.42 1961.75
790 1557.52 1961.75
791 1682.55 1961.75
792 1707.8 1961.75
793 1642.07 1961.75
794 1640.08 1961.75
795 1621.39 1961.75
796 1684.23 1961.75
797 1591.18 1961.75
798 1776.99 1961.75
799 1614.5 1961.75
800 1681.31 1961.75
801 1544.99 1961.75
802 1831.61 1961.75
803 1538.24 1961.75
804 1776.94 1961.75
805 1663.17 1961.75
806 1603.8 1961.75
807 1719.31 1961.75
808 1528.65 1961.75
809 1815.55 1961.75
810 1689.87 1961.75
811 1762.54 1961.75
812 1763.74 1961.75
813 1791.96 1961.75
814 1817.69 1961.75
815 1764.09 1961.75
816 1650.07 1961.75
817 1822.51 1961.75
818 1778.45 1961.75
819 1847.61 1961.75
820 1609.5 1961.75
821 1704.64 1961.75
822 1768.31 1961.75
823 1685.27 1961.75
824 1685.25 1961.75
825 1666.29 1961.75
826 1718.84 1961.75
827 1657.78 1961.75
828 1559.64 1961.75
829 1727.57 1961.75
830 1552.46 1961.75
831 1687.24 1961.75
832 1601.48 1961.75
833 1676.38 1961.75
834 1718.45 1961.75
835 1694.02 1961.75
836 1811.64 1961.75
837 1739.24 1961.75
838 1514.94 1961.75
839 1686.44 1961.75
840 1796.98 1961.75
841 1827.06 1961.75
842 1678.18 1961.75
843 1642.22 1961.75
844 1609.84 1961.75
845 1744.63 1961.75
846 1695.52 1961.75
847 1678.97 1961.75
848 1539.42 1961.75
849 1873.15 1961.75
850 1553.01 1961.75
851 1731.32 1961.75
852 1748.12 1961.75
853 1635.78 1961.75
854 1655.61 1961.75
855 1694.51 1961.75
856 1484.18 1961.75
857 1691.76 1961.75
858 1809.08 1961.75
859 1627.35 1961.75
860 1701.27 1961.75
861 1663.22 1961.75
862 1572.96 1961.75
863 1746.03 1961.75
864 1720.84 1961.75
865 1774.89 1961.75
866 1690.45 1961.75
867 1698.96 1961.75
868 1940.78 1961.75
869 1699.53 1961.75
870 1698.63 1961.75
871 1601.17 1961.75
872 1688.85 1961.75
873 1551.29 1961.75
874 1840.07 1961.75
875 1687.03 1961.75
876 1590.43 1961.75
877 1777.4 1961.75
878 1673.43 1961.75
879 1670.16 1961.75
880 1595.44 1961.75
881 1835.59 1961.75
882 1874.32 1961.75
883 1620.94 1961.75
884 1590.06 1961.75
885 1821.8 1961.75
886 1712.27 1961.75
887 1575.65 1961.75
888 1611.79 1961.75
889 1590.3 1961.75
890 1654.86 1961.75
891 1628.25 1961.75
892 1834.83 1961.75
893 1764.85 1961.75
894 1802.77 1961.75
895 1753.18 1961.75
896 1664.58 1961.75
897 1913.98 1961.75
898 1679.33 1961.75
899 1715.97 1961.75
900 1782.55 1961.75
901 1773.25 1961.75
902 1683.87 1961.75
903 1626.55 1961.75
904 1580.24 1961.75
905 1808.1 1961.75
906 1785.77 1961.75
907 1515.36 1961.75
908 1726.94 1961.75
909 1671.21 1961.75
910 1715.37 1961.75
911 1808.58 1961.75
912 1758.49 1961.75
913 1804.77 1961.75
914 1683.94 1961.75
915 1608.43 1961.75
916 1701.85 1961.75
917 1667.85 1961.75
918 1600.7 1961.75
919 1775.53 1961.75
920 1782.36 1961.75
921 1469.16 1961.75
922 1725.85 1961.75
923 1778.17 1961.75
924 1637.35 1961.75
925 1540.02 1961.75
926 1676.99 1961.75
927 1664.44 1961.75
928 1699.84 1961.75
929 1832.65 1961.75
930 1599.77 1961.75
931 1766.32 1961.75
932 1721.42 1961.75
933 1733.88 1961.75
934 1991.9 1991.9
935 1783.89 1991.9
936 1690.69 1991.9
937 1788.92 1991.9
938 1790.28 1991.9
939 1683.15 1991.9
940 1557.64 1991.9
941 1717.29 1991.9
942 1691.72 1991.9
943 1688.87 1991.9
944 1757.51 1991.9
945 1759.28 1991.9
946 1603.24 1991.9
947 1790.2 1991.9
948 1589.24 1991.9
949 1612.26 1991.9
950 1569.63 1991.9
951 1820.35 1991.9
952 1633.22 1991.9
953 1637.53 1991.9
954 1634.19 1991.9
955 1617.44 1991.9
956 1792.96 1991.9
957 1851.78 1991.9
958 1673.37 1991.9
959 1716.04 1991.9
960 1648.31 1991.9
961 1719.31 1991.9
962 1730.59 1991.9
963 1511.01 1991.9
964 1561.09 1991.9
965 1881.68 1991.9
966 1799.09 1991.9
967 1833.19 1991.9
968 1684.07 1991.9
969 1744.16 1991.9
970 1599.42 1991.9
971 1567.75 1991.9
972 1716.64 1991.9
973 1647.25 1991.9
974 1705.47 1991.9
975 1620.29 1991.9
976 1687.95 1991.9
977 1883.7 1991.9
978 1533.55 1991.9
979 1767.46 1991.9
980 1738.38 1991.9
981 1744.48 1991.9
982 1636.21 1991.9
983 1585.74 1991.9
984 1628.74 1991.9
985 1722.2 1991.9
986 1579.99 1991.9
987 1547.49 1991.9
988 1720.74 1991.9
989 1679.53 1991.9
990 1407.31 1991.9
991 1664.03 1991.9
992 1877.25 1991.9
993 1660.87 1991.9
994 1879.75 1991.9
995 1675.2 1991.9
996 1794.64 1991.9
997 1821.81 1991.9
998 1738.26 1991.9
999 1835.15 1991.9
