0 6294.79 6294.79
1 6314.06 6314.06
2 5956.32 6314.06
3 6263.29 6314.06
4 6081.54 6314.06
5 6282.88 6314.06
6 6423.85 6423.85
7 6319.66 6423.85
8 6139.61 6423.85
9 6137.14 6423.85
10 5806.73 6423.85
11 6217.61 6423.85
12 6005.76 6423.85
13 5870.4 6423.85
14 6284.23 6423.85
15 6060.36 6423.85
16 6262.36 6423.85
17 6027.9 6423.85
18 5902.84 6423.85
19 6107.62 6423.85
20 6166.07 6423.85
21 6116.39 6423.85
22 6022.94 6423.85
23 6072.48 6423.85
24 6221.62 6423.85
25 6070.24 6423.85
26 6021.4 6423.85
27 6002.48 6423.85
28 6273.19 6423.85
29 6241.17 6423.85
30 6036.38 6423.85
31 6008.19 6423.85
32 6039.76 6423.85
33 6200.91 6423.85
34 6278.67 6423.85
35 6021.81 6423.85
36 6070.21 6423.85
37 6156.54 6423.85
38 5829.48 6423.85
39 6001.69 6423.85
40 6512.82 6512.82
41 6376.94 6512.82
42 6002.36 6512.82
43 6135.94 6512.82
44 6265.95 6512.82
45 6244.85 6512.82
46 6264.13 6512.82
47 6099.65 6512.82
48 6308 6512.82
49 6259.55 6512.82
50 5989.57 6512.82
51 6193.2 6512.82
52 5940.82 6512.82
53 6369.79 6512.82
54 6146.29 6512.82
55 6434.4 6512.82
56 6452.03 6512.82
57 6375.91 6512.82
58 6468.44 6512.82
59 6312.7 6512.82
60 6298.21 6512.82
61 6186.59 6512.82
62 6243.75 6512.82
63 5871.29 6512.82
64 6066.16 6512.82
65 6351.14 6512.82
66 6057.26 6512.82
67 6304.29 6512.82
68 6468.4 6512.82
69 6278.48 6512.82
70 6240.8 6512.82
71 6255.28 6512.82
72 5980 6512.82
73 6012.21 6512.82
74 6401.56 6512.82
75 6210.92 6512.82
76 6365.44 6512.82
77 5965.59 6512.82
78 5952.86 6512.82
79 6112.36 6512.82
80 6199.04 6512.82
81 6195.83 6512.82
82 6189.78 6512.82
83 6123.63 6512.82
84 6376.38 6512.82
85 6302.18 6512.82
86 6185.87 6512.82
87 6149.11 6512.82
88 6450.79 6512.82
89 5978.03 6512.82
90 6387.79 6512.82
91 6077.55 6512.82
92 6053.91 6512.82
93 6216.71 6512.82
94 6242.33 6512.82
95 6100.39 6512.82
96 6433.96 6512.82
97 6571.13 6571.13
98 6251.3 6571.13
99 6424.42 6571.13
100 6186.68 6571.13
101 6366.44 6571.13
102 6175.87 6571.13
103 6493.05 6571.13
104 6302.53 6571.13
105 6527.67 6571.13
106 6175 6571.13
107 6300.18 6571.13
108 6401.93 6571.13
109 6102.19 6571.13
110 6162.38 6571.13
111 6152.7 6571.13
112 6225.05 6571.13
113 5855.99 6571.13
114 6141.09 6571.13
115 6089.25 6571.13
116 5987.2 6571.13
117 6309.47 6571.13
118 6244.56 6571.13
119 6555.98 6571.13
120 6314.49 6571.13
121 6126.5 6571.13
122 6348.2 6571.13
123 6254.77 6571.13
124 5918.67 6571.13
125 6241.64 6571.13
126 6492.07 6571.13
127 5860.44 6571.13
128 6165.69 6571.13
129 6234.17 6571.13
130 6232.57 6571.13
131 6140.23 6571.13
132 5992.32 6571.13
133 6083.02 6571.13
134 5956.9 6571.13
135 6115.11 6571.13
136 6087.2 6571.13
137 5841.31 6571.13
138 6339.35 6571.13
139 6186.22 6571.13
140 6174.46 6571.13
141 6271.58 6571.13
142 6102.4 6571.13
143 6331.93 6571.13
144 6005.45 6571.13
145 6287.45 6571.13
146 6369.88 6571.13
147 5929.95 6571.13
148 6275.47 6571.13
149 6427.71 6571.13
150 6297.01 6571.13
151 6345.49 6571.13
152 6027.13 6571.13
153 6319.06 6571.13
154 6313.93 6571.13
155 6212.74 6571.13
156 5910.86 6571.13
157 6085.47 6571.13
158 6256.83 6571.13
159 6258.36 6571.13
160 6267.77 6571.13
161 5902.1 6571.13
162 6068.85 6571.13
163 6176.84 6571.13
164 6184.85 6571.13
165 6505.91 6571.13
166 6460.17 6571.13
167 6298.79 6571.13
168 6033.9 6571.13
169 5967.79 6571.13
170 6235.26 6571.13
171 6297.7 6571.13
172 5979.74 6571.13
173 6315.36 6571.13
174 6193.83 6571.13
175 5928.19 6571.13
176 5936.61 6571.13
177 6004.78 6571.13
178 5943.03 6571.13
179 6154.33 6571.13
180 6201.21 6571.13
181 6354.68 6571.13
182 6117.19 6571.13
183 6386.3 6571.13
184 6007.99 6571.13
185 6035.35 6571.13
186 6280.58 6571.13
187 6292.34 6571.13
188 6288.49 6571.13
189 6218.7 6571.13
190 5975.71 6571.13
191 6103.96 6571.13
192 6367.83 6571.13
193 6244.3 6571.13
194 6538.03 6571.13
195 6389.69 6571.13
196 6143.23 6571.13
197 6704.8 6704.8
198 5914.69 6704.8
199 6387.33 6704.8
200 6116.4 6704.8
201 6043.09 6704.8
202 6080.79 6704.8
203 6068.01 6704.8
204 5925.85 6704.8
205 6226.74 6704.8
206 6178.73 6704.8
207 6251.67 6704.8
208 6351.23 6704.8
209 6460.76 6704.8
210 5664.7 6704.8
211 6073.12 6704.8
212 6213.1 6704.8
213 6198.23 6704.8
214 6033.94 6704.8
215 6334.25 6704.8
216 6534.76 6704.8
217 5961.13 6704.8
218 6068.62 6704.8
219 6201.71 6704.8
220 6265.82 6704.8
221 6050.83 6704.8
222 6099.1 6704.8
223 5659.49 6704.8
224 6276.15 6704.8
225 6059.33 6704.8
226 6175.96 6704.8
227 6107.24 6704.8
228 6202.47 6704.8
229 6097.78 6704.8
230 6354.93 6704.8
231 6199.36 6704.8
232 6238.13 6704.8
233 6285.69 6704.8
234 6358.79 6704.8
235 6286.03 6704.8
236 6257.97 6704.8
237 6024.29 6704.8
238 6322.61 6704.8
239 6268.95 6704.8
240 6088.11 6704.8
241 6573.29 6704.8
242 6177.06 6704.8
243 6294.21 6704.8
244 6655.89 6704.8
245 6093.74 6704.8
246 6353.1 6704.8
247 5910.46 6704.8
248 6313.27 6704.8
249 5917.18 6704.8
250 6188.06 6704.8
251 6193.91 6704.8
252 6048.73 6704.8
253 5835.35 6704.8
254 5764.15 6704.8
255 6306.52 6704.8
256 6170.64 6704.8
257 6029.09 6704.8
258 6142.82 6704.8
259 5859.51 6704.8
260 6342.09 6704.8
261 6118.76 6704.8
262 6285.27 6704.8
263 6310.97 6704.8
264 6173.04 6704.8
265 6040.08 6704.8
266 6239.43 6704.8
267 6225.22 6704.8
268 5823.84 6704.8
269 6385.69 6704.8
270 6093.53 6704.8
271 5701.52 6704.8
272 6212.65 6704.8
273 6101.19 6704.8
274 6097.42 6704.8
275 6203.57 6704.8
276 6145.66 6704.8
277 6044.56 6704.8
278 6135.96 6704.8
279 6226.78 6704.8
280 5999.7 6704.8
281 6056.71 6704.8
282 5995.25 6704.8
283 6171.31 6704.8
284 6334.01 6704.8
285 6357.74 6704.8
286 5970.71 6704.8
287 6232.6 6704.8
288 6138.81 6704.8
289 6389.96 6704.8
290 6091.34 6704.8
291 6432.19 6704.8
292 6101.58 6704.8
293 6195.87 6704.8
294 5993.3 6704.8
295 6161.27 6704.8
296 6167.74 6704.8
297 6096.65 6704.8
298 6034 6704.8
299 6313.26 6704.8
300 6143.03 6704.8
301 5970.29 6704.8
302 6312.58 6704.8
303 6032.96 6704.8
304 6284.9 6704.8
305 6371.34 6704.8
306 6133.77 6704.8
307 6209.1 6704.8
308 6198.81 6704.8
309 6203.13 6704.8
310 6164.8 6704.8
311 6122.43 6704.8
312 5685.4 6704.8
313 6158.07 6704.8
314 6375.51 6704.8
315 6097.08 6704.8
316 6095.65 6704.8
317 6544.53 6704.8
318 6330.55 6704.8
319 6061.6 6704.8
320 6262.72 6704.8
321 6323.06 6704.8
322 6023.5 6704.8
323 6219.34 6704.8
324 6263 6704.8
325 5893.65 6704.8
326 6149.63 6704.8
327 6312.17 6704.8
328 6086.77 6704.8
329 5907.07 6704.8
330 6279.72 6704.8
331 6165.18 6704.8
332 6110.83 6704.8
333 6208.21 6704.8
334 6394.1 6704.8
335 6458.76 6704.8
336 6228.35 6704.8
337 6279.09 6704.8
338 6078.31 6704.8
339 6094.29 6704.8
340 5963.15 6704.8
341 6138.29 6704.8
342 6285.84 6704.8
343 6234.19 6704.8
344 6328.07 6704.8
345 6260.89 6704.8
346 6050.08 6704.8
347 6182.16 6704.8
348 6054.25 6704.8
349 6259.26 6704.8
350 6274.65 6704.8
351 6216.45 6704.8
352 6263.63 6704.8
353 6321.93 6704.8
354 6066.59 6704.8
355 6003.27 6704.8
356 6140.92 6704.8
357 6254.26 6704.8
358 6313.28 6704.8
359 5980.73 6704.8
360 6154.75 6704.8
361 6212.11 6704.8
362 5970.39 6704.8
363 6134.97 6704.8
364 6194.97 6704.8
365 6215.36 6704.8
366 6352 6704.8
367 6221.35 6704.8
368 5973.39 6704.8
369 6211.39 6704.8
370 5852.52 6704.8
371 6160.54 6704.8
372 6004.85 6704.8
373 6175.26 6704.8
374 6260.29 6704.8
375 6224.85 6704.8
376 6326.22 6704.8
377 6356.1 6704.8
378 6159.15 6704.8
379 6411.78 6704.8
380 6265.39 6704.8
381 6039.91 6704.8
382 6377.53 6704.8
383 6371.93 6704.8
384 6069.3 6704.8
385 6328.07 6704.8
386 6038.98 6704.8
387 5955.78 6704.8
388 6003.55 6704.8
389 5895.79 6704.8
390 6334.9 6704.8
391 5978.4 6704.8
392 6266.75 6704.8
393 6359.67 6704.8
394 6262.49 6704.8
395 6332.21 6704.8
396 5968.4 6704.8
397 6111.31 6704.8
398 5987.18 6704.8
399 6154.88 6704.8
400 5754.65 6704.8
401 6156.94 6704.8
402 6408.73 6704.8
403 6347.01 6704.8
404 6174.12 6704.8
405 5845.64 6704.8
406 6382.67 6704.8
407 6446.2 6704.8
408 6351.31 6704.8
409 5766.31 6704.8
410 6074.63 6704.8
411 6351.98 6704.8
412 6199.56 6704.8
413 6194.8 6704.8
414 6057.44 6704.8
415 6346.13 6704.8
416 6343.77 6704.8
417 6389.6 6704.8
418 6085.12 6704.8
419 6390.85 6704.8
420 6134.31 6704.8
421 5970.69 6704.8
422 6041.31 6704.8
423 6014.42 6704.8
424 6015.76 6704.8
425 5991.1 6704.8
426 6171.03 6704.8
427 6356.16 6704.8
428 6188.83 6704.8
429 6240.6 6704.8
430 6136.27 6704.8
431 5913.28 6704.8
432 5955.5 6704.8
433 6013.94 6704.8
434 6336.93 6704.8
435 6368.58 6704.8
436 6308.96 6704.8
437 6145.05 6704.8
438 6392.85 6704.8
439 5820.01 6704.8
440 6101.95 6704.8
441 6362.62 6704.8
442 6102.75 6704.8
443 6272.77 6704.8
444 6007.82 6704.8
445 6146.33 6704.8
446 6165.38 6704.8
447 6083.84 6704.8
448 5833.2 6704.8
449 6069.75 6704.8
450 5962.06 6704.8
451 6015.9 6704.8
452 6121.45 6704.8
453 6426.48 6704.8
454 6378.24 6704.8
455 5881.54 6704.8
456 6191.86 6704.8
457 6051.53 6704.8
458 6079.63 6704.8
459 5870.71 6704.8
460 6179.41 6704.8
461 6276.21 6704.8
462 6059.6 6704.8
463 6295.62 6704.8
464 6293.3 6704.8
465 5971.06 6704.8
466 6482.39 6704.8
467 5941.08 6704.8
468 5769.87 6704.8
469 6162.93 6704.8
470 6294.18 6704.8
471 5875.25 6704.8
472 6302.7 6704.8
473 6434.98 6704.8
474 6198.1 6704.8
475 6307.66 6704.8
476 6559.56 6704.8
477 6075.47 6704.8
478 6035.75 6704.8
479 6357.42 6704.8
480 6305.79 6704.8
481 6289.47 6704.8
482 6429.69 6704.8
483 6058.61 6704.8
484 6244.25 6704.8
485 6413.75 6704.8
486 6176.54 6704.8
487 6375.43 6704.8
488 5933.18 6704.8
489 6264.7 6704.8
490 5906.06 6704.8
491 6076.85 6704.8
492 6391.83 6704.8
493 6139.64 6704.8
494 6119.95 6704.8
495 6020.8 6704.8
496 6446.88 6704.8
497 5949.21 6704.8
498 6328.54 6704.8
499 6354.75 6704.8
500 6139.32 6704.8
501 6148.78 6704.8
502 6233.24 6704.8
503 6102.71 6704.8
504 6222.81 6704.8
505 6126.79 6704.8
506 6211.74 6704.8
507 5888.35 6704.8
508 6157.95 6704.8
509 6013.13 6704.8
510 6167.88 6704.8
511 6299.37 6704.8
512 6474.57 6704.8
513 6065.3 6704.8
514 6416.47 6704.8
515 6134.35 6704.8
516 6016.34 6704.8
517 6262.31 6704.8
518 6149.02 6704.8
519 6205.99 6704.8
520 6390.93 6704.8
521 6089.79 6704.8
522 6150.43 6704.8
523 6260.36 6704.8
524 6159.73 6704.8
525 6151.31 6704.8
526 6034.66 6704.8
527 6203.68 6704.8
528 6302.62 6704.8
529 6282.61 6704.8
530 6048.25 6704.8
531 6207.45 6704.8
532 6193.56 6704.8
533 6205.96 6704.8
534 6289.93 6704.8
535 6235.03 6704.8
536 6109.55 6704.8
537 5972.04 6704.8
538 6144.95 6704.8
539 6340.54 6704.8
540 6346.92 6704.8
541 6175.07 6704.8
542 6209.79 6704.8
543 6547.89 6704.8
544 6247.47 6704.8
545 5986.96 6704.8
546 6208.84 6704.8
547 6199.77 6704.8
548 6361.43 6704.8
549 6240.4 6704.8
550 5745.83 6704.8
551 6380.77 6704.8
552 6041.26 6704.8
553 6457.28 6704.8
554 5966.47 6704.8
555 6475.61 6704.8
556 5948.51 6704.8
557 6517.74 6704.8
558 6194.93 6704.8
559 5889.44 6704.8
560 6222.6 6704.8
561 5998.04 6704.8
562 6239.28 6704.8
563 6253.77 6704.8
564 6133.48 6704.8
565 6221.63 6704.8
566 6024.41 6704.8
567 6253.33 6704.8
568 6010.11 6704.8
569 6198.93 6704.8
570 6358.62 6704.8
571 6006.66 6704.8
572 6287.28 6704.8
573 6257.81 6704.8
574 6483.04 6704.8
575 6344.69 6704.8
576 6257.45 6704.8
577 6247.48 6704.8
578 6225.21 6704.8
579 6414.59 6704.8
580 6206.37 6704.8
581 6256.73 6704.8
582 5950.05 6704.8
583 6410.64 6704.8
584 6332.28 6704.8
585 6217.99 6704.8
586 6076.96 6704.8
587 6230.4 6704.8
588 5984.75 6704.8
589 6219.64 6704.8
590 6080.55 6704.8
591 6052.99 6704.8
592 6237.67 6704.8
593 6280.52 6704.8
594 6168.18 6704.8
595 6231.02 6704.8
596 6366.54 6704.8
597 6099.98 6704.8
598 6077.61 6704.8
599 6065.52 6704.8
600 6141.66 6704.8
601 6149.61 6704.8
602 6192.84 6704.8
603 6361.16 6704.8
604 6118.68 6704.8
605 6285.98 6704.8
606 5931.72 6704.8
607 6146.9 6704.8
608 6110.51 6704.8
609 6222.9 6704.8
610 6116.6 6704.8
611 6197.82 6704.8
612 6258.84 6704.8
613 6202.68 6704.8
614 6229.62 6704.8
615 6111.8 6704.8
616 6093.95 6704.8
617 6019.91 6704.8
618 6275.02 6704.8
619 6247.5 6704.8
620 6174.3 6704.8
621 6249.57 6704.8
622 6068.13 6704.8
623 6098.9 6704.8
624 6071.42 6704.8
625 6366.19 6704.8
626 6237.71 6704.8
627 5706.23 6704.8
628 6510.61 6704.8
629 6075.27 6704.8
630 6168.95 6704.8
631 6223.78 6704.8
632 6319.63 6704.8
633 6181.01 6704.8
634 6142.4 6704.8
635 6258.12 6704.8
636 6277.39 6704.8
637 6422.42 6704.8
638 5989.05 6704.8
639 6751.13 6751.13
640 6200.88 6751.13
641 6048.62 6751.13
642 6331.19 6751.13
643 6302.6 6751.13
644 6329.81 6751.13
645 5927.4 6751.13
646 6160.8 6751.13
647 6023.07 6751.13
648 6274.87 6751.13
649 5865.94 6751.13
650 6086.68 6751.13
651 6259.87 6751.13
652 5991.36 6751.13
653 6058.75 6751.13
654 6088.53 6751.13
655 6182.64 6751.13
656 6291.85 6751.13
657 6020.28 6751.13
658 6123.2 6751.13
659 6141.3 6751.13
660 6280.38 6751.13
661 5981.84 6751.13
662 6240.21 6751.13
663 6232.16 6751.13
664 6275.63 6751.13
665 6142.03 6751.13
666 6462.5 6751.13
667 6116.61 6751.13
668 6375.44 6751.13
669 5956.28 6751.13
670 6516.53 6751.13
671 6172.27 6751.13
672 5981.08 6751.13
673 5977.1 6751.13
674 6065.44 6751.13
675 6299.59 6751.13
676 6093.85 6751.13
677 6060.71 6751.13
678 6231.34 6751.13
679 6019.73 6751.13
680 6292.48 6751.13
681 6197.3 6751.13
682 6304.88 6751.13
683 6502.96 6751.13
684 6145.52 6751.13
685 5875.73 6751.13
686 6284.45 6751.13
687 5744.4 6751.13
688 6141.57 6751.13
689 6151.98 6751.13
690 6600.63 6751.13
691 6052.84 6751.13
692 6309.46 6751.13
693 6111.54 6751.13
694 6126.33 6751.13
695 6238.21 6751.13
696 6051.37 6751.13
697 6309.64 6751.13
698 6350.74 6751.13
699 5979.5 6751.13
700 6016.79 6751.13
701 6016.98 6751.13
702 6165.28 6751.13
703 5979.58 6751.13
704 6323.93 6751.13
705 6277.91 6751.13
706 6333.29 6751.13
707 6569.56 6751.13
708 6258.24 6751.13
709 6360.22 6751.13
710 5723.54 6751.13
711 5912.74 6751.13
712 6236.54 6751.13
713 6329.64 6751.13
714 5910.64 6751.13
715 6214.56 6751.13
716 5790 6751.13
717 6118.09 6751.13
718 6184.54 6751.13
719 6511.31 6751.13
720 6250.5 6751.13
721 6301.53 6751.13
722 5954.73 6751.13
723 6060.18 6751.13
724 6256.16 6751.13
725 5958.2 6751.13
726 5919.83 6751.13
727 6015.48 6751.13
728 6079.83 6751.13
729 6168.23 6751.13
730 5927.95 6751.13
731 6104.91 6751.13
732 6542.74 6751.13
733 6299.39 6751.13
734 6129.21 6751.13
735 5914.52 6751.13
736 6170.59 6751.13
737 6095.99 6751.13
738 6396.38 6751.13
739 6464.14 6751.13
740 6461.94 6751.13
741 6051.55 6751.13
742 6357.85 6751.13
743 6568.94 6751.13
744 5859.79 6751.13
745 6267.75 6751.13
746 6169.86 6751.13
747 6101.03 6751.13
748 6178.23 6751.13
749 6098.62 6751.13
750 6047.03 6751.13
751 6230.59 6751.13
752 6613.84 6751.13
753 5998.92 6751.13
754 6142.19 6751.13
755 6184.66 6751.13
756 6464.68 6751.13
757 6137.83 6751.13
758 6603.3 6751.13
759 6231.06 6751.13
760 6134.53 6751.13
761 5877.8 6751.13
762 6337.56 6751.13
763 6107.86 6751.13
764 6322.65 6751.13
765 6282.4 6751.13
766 6195.54 6751.13
767 5961.37 6751.13
768 6139.4 6751.13
769 6068.87 6751.13
770 6401.83 6751.13
771 6100.56 6751.13
772 6480.52 6751.13
773 6137.01 6751.13
774 5965.04 6751.13
775 6050.35 6751.13
776 6267.19 6751.13
777 6138.15 6751.13
778 6090.76 6751.13
779 5907.17 6751.13
780 6145.9 6751.13
781 6357.13 6751.13
782 6005.44 6751.13
783 6490.76 6751.13
784 6370.86 6751.13
785 6195.11 6751.13
786 5959.64 6751.13
787 6182.43 6751.13
788 6414.77 6751.13
789 5791.19 6751.13
790 6271.82 6751.13
791 6417.26 6751.13
792 6180.65 6751.13
793 5887.32 6751.13
794 6408.42 6751.13
795 6041.34 6751.13
796 6145.48 6751.13
797 6557.08 6751.13
798 6319.79 6751.13
799 6344.09 6751.13
800 6044.26 6751.13
801 6363.16 6751.13
802 6464.73 6751.13
803 6022 6751.13
804 6369.72 6751.13
805 6203.69 6751.13
806 6065.33 6751.13
807 6257.04 6751.13
808 6232.87 6751.13
809 6061.23 6751.13
810 5984.46 6751.13
811 6305.78 6751.13
812 6114.77 6751.13
813 6053.06 6751.13
814 6243.97 6751.13
815 6200.8 6751.13
816 6320.75 6751.13
817 6184.65 6751.13
818 6163.04 6751.13
819 6169.16 6751.13
820 6360.61 6751.13
821 6158.26 6751.13
822 6387.92 6751.13
823 6156.4 6751.13
824 5846.34 6751.13
825 6157.77 6751.13
826 6119.46 6751.13
827 6243.28 6751.13
828 6262.18 6751.13
829 6226.7 6751.13
830 6351.64 6751.13
831 6236.14 6751.13
832 6413.08 6751.13
833 6085.14 6751.13
834 6492.84 6751.13
835 5813.89 6751.13
836 6031.99 6751.13
837 6195.93 6751.13
838 6138.4 6751.13
839 5936.37 6751.13
840 5947.08 6751.13
841 6031.34 6751.13
842 6329.22 6751.13
843 5938.2 6751.13
844 6209.14 6751.13
845 5984.16 6751.13
846 6402.16 6751.13
847 6014.36 6751.13
848 6317.21 6751.13
849 6438.86 6751.13
850 6126.5 6751.13
851 6015.3 6751.13
852 6264.17 6751.13
853 6351.11 6751.13
854 6177.34 6751.13
855 6227.22 6751.13
856 6194.81 6751.13
857 6142.78 6751.13
858 5953.37 6751.13
859 6197.44 6751.13
860 6300.78 6751.13
861 5938.68 6751.13
862 6029.99 6751.13
863 6118.59 6751.13
864 6511.57 6751.13
865 6355.13 6751.13
866 6414.54 6751.13
867 5711.27 6751.13
868 5984.16 6751.13
869 6096.8 6751.13
870 6619.33 6751.13
871 5958.21 6751.13
872 6120.18 6751.13
873 5951.89 6751.13
874 5881.96 6751.13
875 6348.55 6751.13
876 6231.79 6751.13
877 6252.12 6751.13
878 6199.52 6751.13
879 6278.18 6751.13
880 6152.66 6751.13
881 6106.31 6751.13
882 6364.27 6751.13
883 6410.58 6751.13
884 6060.05 6751.13
885 6135.52 6751.13
886 6324.75 6751.13
887 5984.07 6751.13
888 6398.49 6751.13
889 6242.17 6751.13
890 6444.29 6751.13
891 6348.23 6751.13
892 6190.67 6751.13
893 6391.05 6751.13
894 6466.08 6751.13
895 6102.08 6751.13
896 6432.61 6751.13
897 6298.78 6751.13
898 5852.17 6751.13
899 5934.63 6751.13
900 6189.4 6751.13
901 6067.52 6751.13
902 6159.06 6751.13
903 6518.38 6751.13
904 6161.78 6751.13
905 6166.64 6751.13
906 6104.12 6751.13
907 6168.22 6751.13
908 6054.14 6751.13
909 6030.49 6751.13
910 6115.07 6751.13
911 6037.3 6751.13
912 6164.41 6751.13
913 6172.29 6751.13
914 6009 6751.13
915 6252.9 6751.13
916 6347.64 6751.13
917 6328.27 6751.13
918 6355.18 6751.13
919 6252.23 6751.13
920 6261.85 6751.13
921 6624.56 6751.13
922 6361.65 6751.13
923 6112.93 6751.13
924 6333.93 6751.13
925 5949.11 6751.13
926 6031.1 6751.13
927 6218.2 6751.13
928 6147.38 6751.13
929 6205.41 6751.13
930 6080.96 6751.13
931 6294.9 6751.13
932 6551.68 6751.13
933 6075.08 6751.13
934 6166.79 6751.13
935 6181.07 6751.13
936 6006.32 6751.13
937 6315.8 6751.13
938 6065.75 6751.13
939 5993.91 6751.13
940 6294.97 6751.13
941 6230.17 6751.13
942 6525.12 6751.13
943 5941.45 6751.13
944 6458.91 6751.13
945 6143.33 6751.13
946 6410.4 6751.13
947 6130.76 6751.13
948 6230.43 6751.13
949 6009.89 6751.13
950 6448.57 6751.13
951 6234.44 6751.13
952 6216.59 6751.13
953 6118.38 6751.13
954 6242.34 6751.13
955 6018.48 6751.13
956 6291.49 6751.13
957 5843.53 6751.13
958 6265.84 6751.13
959 6150.21 6751.13
960 6346.89 6751.13
961 6277.14 6751.13
962 6205.34 6751.13
963 6413.16 6751.13
964 6375.47 6751.13
965 5979.09 6751.13
966 6556.01 6751.13
967 6299.48 6751.13
968 6033.74 6751.13
969 6222.83 6751.13
970 6187.89 6751.13
971 6160.61 6751.13
972 6266.5 6751.13
973 6291.46 6751.13
974 6368.18 6751.13
975 6163.96 6751.13
976 6244.6 6751.13
977 6496.49 6751.13
978 6251.59 6751.13
979 6300.87 6751.13
980 6105.52 6751.13
981 5824.46 6751.13
982 6247.85 6751.13
983 6270.07 6751.13
984 6012.95 6751.13
985 6261.37 6751.13
986 6081.76 6751.13
987 5873.33 6751.13
988 6100.41 6751.13
989 6274.7 6751.13
990 6175.09 6751.13
991 6547.44 6751.13
992 6058.89 6751.13
993 6466.23 6751.13
994 6034.41 6751.13
995 6192.37 6751.13
996 6109.77 6751.13
997 5997.3 6751.13
998 6058.55 6751.13
999 6257.48 6751.13
