0 1074.76 1074.76
1 1068.14 1074.76
2 1097.36 1097.36
3 1050.81 1097.36
4 952.997 1097.36
5 899.121 1097.36
6 931.301 1097.36
7 1043.36 1097.36
8 1053.61 1097.36
9 1068.93 1097.36
10 947.507 1097.36
11 1077.66 1097.36
12 1096.16 1097.36
13 1079.12 1097.36
14 1090.75 1097.36
15 1028.76 1097.36
16 970.454 1097.36
17 908.583 1097.36
18 1082.43 1097.36
19 1057.27 1097.36
20 1039.8 1097.36
21 955.026 1097.36
22 1137.37 1137.37
23 1018.04 1137.37
24 868.017 1137.37
25 1015.14 1137.37
26 1097.11 1137.37
27 1094.52 1137.37
28 1106.45 1137.37
29 992.217 1137.37
30 998.792 1137.37
31 998.622 1137.37
32 1148.76 1148.76
33 1034.98 1148.76
34 949.386 1148.76
35 1058.15 1148.76
36 1109.47 1148.76
37 1067.09 1148.76
38 1025.31 1148.76
39 1034.97 1148.76
40 1055.9 1148.76
41 1053.6 1148.76
42 1093.47 1148.76
43 1104.73 1148.76
44 1003.1 1148.76
45 934.195 1148.76
46 1008.77 1148.76
47 998.226 1148.76
48 962.233 1148.76
49 1065.54 1148.76
50 964.246 1148.76
51 1053.95 1148.76
52 976.609 1148.76
53 928.334 1148.76
54 988.898 1148.76
55 1180.26 1180.26
56 1011.71 1180.26
57 1075.96 1180.26
58 889.961 1180.26
59 1017.37 1180.26
60 941.908 1180.26
61 944.088 1180.26
62 1115.83 1180.26
63 1032.09 1180.26
64 975.243 1180.26
65 1112.43 1180.26
66 1122.6 1180.26
67 1027.48 1180.26
68 1037.89 1180.26
69 1009.85 1180.26
70 1016.44 1180.26
71 1004.35 1180.26
72 1054.77 1180.26
73 1046.39 1180.26
74 1034.03 1180.26
75 1117.93 1180.26
76 1050.78 1180.26
77 1087.44 1180.26
78 1094.29 1180.26
79 909.308 1180.26
80 1030.76 1180.26
81 1125.97 1180.26
82 1030.16 1180.26
83 896.134 1180.26
84 937.258 1180.26
85 1202.2 1202.2
86 1012.33 1202.2
87 1048.88 1202.2
88 1020.54 1202.2
89 1027.7 1202.2
90 1097.49 1202.2
91 994.777 1202.2
92 1012.37 1202.2
93 1085.34 1202.2
94 1000.13 1202.2
95 1028.96 1202.2
96 978.931 1202.2
97 1086.73 1202.2
98 1101.01 1202.2
99 981.052 1202.2
100 1104.07 1202.2
101 964.6 1202.2
102 1014.81 1202.2
103 952.979 1202.2
104 945.029 1202.2
105 981.34 1202.2
106 1114.98 1202.2
107 1058.17 1202.2
108 949.861 1202.2
109 1053.68 1202.2
110 1061.97 1202.2
111 1128.28 1202.2
112 954.444 1202.2
113 1110.27 1202.2
114 1125.05 1202.2
115 1119.37 1202.2
116 1031.37 1202.2
117 1066.73 1202.2
118 997.812 1202.2
119 904.395 1202.2
120 926.723 1202.2
121 1062.16 1202.2
122 1008.19 1202.2
123 1067.83 1202.2
124 975.879 1202.2
125 1070.7 1202.2
126 1076.93 1202.2
127 1055 1202.2
128 1052.25 1202.2
129 976.452 1202.2
130 979.48 1202.2
131 1095.27 1202.2
132 917.211 1202.2
133 953.106 1202.2
134 1011.19 1202.2
135 970.014 1202.2
136 1097.84 1202.2
137 1045.52 1202.2
138 1021.52 1202.2
139 1026.07 1202.2
140 1118.2 1202.2
141 1092.27 1202.2
142 1131.65 1202.2
143 1050.92 1202.2
144 876.315 1202.2
145 1075.5 1202.2
146 944.842 1202.2
147 1026.51 1202.2
148 956.323 1202.2
149 1030.42 1202.2
150 934.88 1202.2
151 953.057 1202.2
152 931.231 1202.2
153 1029.49 1202.2
154 1010.65 1202.2
155 1015.5 1202.2
156 1007.56 1202.2
157 1002.52 1202.2
158 1085.43 1202.2
159 1037 1202.2
160 1049.16 1202.2
161 982.474 1202.2
162 1077.27 1202.2
163 1058.77 1202.2
164 994.261 1202.2
165 1059.66 1202.2
166 1000.7 1202.2
167 960.926 1202.2
168 996.811 1202.2
169 959.612 1202.2
170 1125.79 1202.2
171 980.392 1202.2
172 1058.07 1202.2
173 924.911 1202.2
174 1059.56 1202.2
175 1010.53 1202.2
176 952.744 1202.2
177 947.643 1202.2
178 1145.83 1202.2
179 1032.56 1202.2
180 1016.56 1202.2
181 966.919 1202.2
182 1041.73 1202.2
183 1084.93 1202.2
184 951.366 1202.2
185 984.258 1202.2
186 1114.32 1202.2
187 1113.03 1202.2
188 1035.38 1202.2
189 1044.85 1202.2
190 1071.6 1202.2
191 967.264 1202.2
192 1024.39 1202.2
193 1039.22 1202.2
194 1045.9 1202.2
195 1073.67 1202.2
196 1086.78 1202.2
197 920.274 1202.2
198 1058.33 1202.2
199 1012.85 1202.2
200 912.759 1202.2
201 1156.61 1202.2
202 1011.13 1202.2
203 1072.46 1202.2
204 1013.36 1202.2
205 1037.62 1202.2
206 936.472 1202.2
207 1012.33 1202.2
208 1050.14 1202.2
209 947.936 1202.2
210 981.814 1202.2
211 1150.28 1202.2
212 1087.52 1202.2
213 1011.63 1202.2
214 929.5 1202.2
215 1078.7 1202.2
216 945.679 1202.2
217 1098.98 1202.2
218 1059.28 1202.2
219 1040.64 1202.2
220 1043.25 1202.2
221 1019.92 1202.2
222 1059.27 1202.2
223 1046.8 1202.2
224 1008.47 1202.2
225 1121.98 1202.2
226 1065.17 1202.2
227 1111.85 1202.2
228 1143.5 1202.2
229 966.553 1202.2
230 1008.43 1202.2
231 1039.36 1202.2
232 1051.85 1202.2
233 1003.84 1202.2
234 973.54 1202.2
235 1052.93 1202.2
236 1064.58 1202.2
237 1049.66 1202.2
238 1075.69 1202.2
239 1022.91 1202.2
240 1072.43 1202.2
241 989.843 1202.2
242 1038.13 1202.2
243 1094.57 1202.2
244 967.39 1202.2
245 986 1202.2
246 989.017 1202.2
247 1066.06 1202.2
248 1147.86 1202.2
249 909.382 1202.2
250 1009.29 1202.2
251 1072.9 1202.2
252 1064.87 1202.2
253 973.754 1202.2
254 936.543 1202.2
255 988.649 1202.2
256 1056.54 1202.2
257 1064.95 1202.2
258 1059.39 1202.2
259 1059.97 1202.2
260 1016.43 1202.2
261 1053.6 1202.2
262 1139.43 1202.2
263 1042.08 1202.2
264 1102.07 1202.2
265 1091.64 1202.2
266 1003.87 1202.2
267 959.684 1202.2
268 1041.82 1202.2
269 1098.36 1202.2
270 975.502 1202.2
271 1124.3 1202.2
272 1067.63 1202.2
273 1063.91 1202.2
274 1056.73 1202.2
275 1016.04 1202.2
276 1027.82 1202.2
277 976.912 1202.2
278 984.199 1202.2
279 1135.32 1202.2
280 1065.38 1202.2
281 1083.39 1202.2
282 1073.7 1202.2
283 1086.55 1202.2
284 1162.95 1202.2
285 1007.26 1202.2
286 962.112 1202.2
287 983.081 1202.2
288 956.932 1202.2
289 1030.29 1202.2
290 982.545 1202.2
291 1068.3 1202.2
292 1058.89 1202.2
293 960.901 1202.2
294 1008.04 1202.2
295 992.723 1202.2
296 948.543 1202.2
297 933.703 1202.2
298 1039.56 1202.2
299 927.222 1202.2
300 988.569 1202.2
301 1032.17 1202.2
302 1114.99 1202.2
303 998.203 1202.2
304 1126.68 1202.2
305 1080.46 1202.2
306 1088.24 1202.2
307 979.806 1202.2
308 947.215 1202.2
309 1149.6 1202.2
310 1131.11 1202.2
311 998.262 1202.2
312 1172.22 1202.2
313 978.319 1202.2
314 969.538 1202.2
315 1029.88 1202.2
316 1035.39 1202.2
317 1033.21 1202.2
318 1045.68 1202.2
319 1049.92 1202.2
320 1059.46 1202.2
321 1088.88 1202.2
322 924.428 1202.2
323 1046.77 1202.2
324 979.602 1202.2
325 1043.49 1202.2
326 1104.45 1202.2
327 1086.81 1202.2
328 1012.37 1202.2
329 1026.39 1202.2
330 1018.17 1202.2
331 1044.6 1202.2
332 1071.91 1202.2
333 1157.13 1202.2
334 989.153 1202.2
335 953.745 1202.2
336 1100.76 1202.2
337 1022.19 1202.2
338 1051.15 1202.2
339 1115.92 1202.2
340 1012.84 1202.2
341 1052.5 1202.2
342 1099.95 1202.2
343 1026.64 1202.2
344 1144.79 1202.2
345 1015.31 1202.2
346 964.335 1202.2
347 1062.47 1202.2
348 893.594 1202.2
349 967.073 1202.2
350 991.916 1202.2
351 1050.4 1202.2
352 1093.5 1202.2
353 998.336 1202.2
354 1062.31 1202.2
355 1115.27 1202.2
356 1164.06 1202.2
357 1014.95 1202.2
358 1093.95 1202.2
359 1047.06 1202.2
360 973.737 1202.2
361 1025.31 1202.2
362 1125.18 1202.2
363 995.207 1202.2
364 1007.08 1202.2
365 1076.66 1202.2
366 993.628 1202.2
367 1001.65 1202.2
368 969.403 1202.2
369 1053.16 1202.2
370 951.988 1202.2
371 1069.13 1202.2
372 1079.6 1202.2
373 1056.65 1202.2
374 1038.35 1202.2
375 1021.49 1202.2
376 952.074 1202.2
377 1054.91 1202.2
378 1009.67 1202.2
379 1062.48 1202.2
380 1129.18 1202.2
381 921.95 1202.2
382 1016.85 1202.2
383 1005.36 1202.2
384 1062.37 1202.2
385 1034.77 1202.2
386 928.395 1202.2
387 1020.5 1202.2
388 1031.04 1202.2
389 990.956 1202.2
390 943.281 1202.2
391 1023.76 1202.2
392 1150.63 1202.2
393 971.833 1202.2
394 1017.1 1202.2
395 972.993 1202.2
396 1032.18 1202.2
397 1152.1 1202.2
398 1075.46 1202.2
399 984.406 1202.2
400 944.262 1202.2
401 998.421 1202.2
402 920.711 1202.2
403 1111.99 1202.2
404 1097.08 1202.2
405 1023.3 1202.2
406 1006.01 1202.2
407 1090.41 1202.2
408 992.093 1202.2
409 1002.33 1202.2
410 1069.84 1202.2
411 846.475 1202.2
412 989.621 1202.2
413 950.215 1202.2
414 1091.16 1202.2
415 917.147 1202.2
416 1026.91 1202.2
417 1108.46 1202.2
418 1068.13 1202.2
419 1086.29 1202.2
420 1060.93 1202.2
421 1020.35 1202.2
422 1154.94 1202.2
423 1058.54 1202.2
424 1065.53 1202.2
425 938.351 1202.2
426 948.03 1202.2
427 1033.93 1202.2
428 1029.99 1202.2
429 1038.89 1202.2
430 1068.15 1202.2
431 982.154 1202.2
432 1044.93 1202.2
433 1012.1 1202.2
434 1055 1202.2
435 1052.12 1202.2
436 1029.84 1202.2
437 1053.35 1202.2
438 1038.57 1202.2
439 1117.76 1202.2
440 1119.3 1202.2
441 1129.46 1202.2
442 1090.52 1202.2
443 993.706 1202.2
444 1074.87 1202.2
445 1129.22 1202.2
446 1033.15 1202.2
447 1067.66 1202.2
448 1032.02 1202.2
449 1002.94 1202.2
450 910.724 1202.2
451 1001.09 1202.2
452 959.798 1202.2
453 1055.76 1202.2
454 994.774 1202.2
455 949.942 1202.2
456 1085.39 1202.2
457 1103.56 1202.2
458 1105.76 1202.2
459 1131.31 1202.2
460 1119.78 1202.2
461 1002.08 1202.2
462 841.389 1202.2
463 995.229 1202.2
464 997.47 1202.2
465 1080.77 1202.2
466 1000.93 1202.2
467 1031.64 1202.2
468 1088.11 1202.2
469 1032.52 1202.2
470 1115.77 1202.2
471 1033.29 1202.2
472 975.769 1202.2
473 995.779 1202.2
474 1093.35 1202.2
475 975.937 1202.2
476 1130.39 1202.2
477 1098.85 1202.2
478 1074.47 1202.2
479 1105.57 1202.2
480 1068.23 1202.2
481 980.701 1202.2
482 1122.96 1202.2
483 1017.27 1202.2
484 917.671 1202.2
485 1074.64 1202.2
486 1010.37 1202.2
487 1008.12 1202.2
488 1003.27 1202.2
489 997.637 1202.2
490 1081.39 1202.2
491 1079.68 1202.2
492 1059.6 1202.2
493 1078.12 1202.2
494 1064 1202.2
495 1055.37 1202.2
496 933.987 1202.2
497 1036.02 1202.2
498 1037.72 1202.2
499 1004.77 1202.2
500 1034.35 1202.2
501 1016.53 1202.2
502 1028.9 1202.2
503 972.1 1202.2
504 1003.45 1202.2
505 1052.5 1202.2
506 1052.97 1202.2
507 1080.48 1202.2
508 1049.04 1202.2
509 954.916 1202.2
510 1098.04 1202.2
511 992.641 1202.2
512 1039.21 1202.2
513 1036.96 1202.2
514 940.263 1202.2
515 967.265 1202.2
516 1023.29 1202.2
517 1067.61 1202.2
518 1032.77 1202.2
519 1042.52 1202.2
520 1021.19 1202.2
521 951.787 1202.2
522 991.907 1202.2
523 1027.14 1202.2
524 966.651 1202.2
525 1108.26 1202.2
526 1042.22 1202.2
527 1025.48 1202.2
528 1073.36 1202.2
529 1050.49 1202.2
530 906.388 1202.2
531 1044.73 1202.2
532 1007.91 1202.2
533 1105.24 1202.2
534 1010.36 1202.2
535 954.133 1202.2
536 1057.68 1202.2
537 845.223 1202.2
538 994.044 1202.2
539 922.02 1202.2
540 1008.95 1202.2
541 1011.69 1202.2
542 1009.88 1202.2
543 1020.16 1202.2
544 1081.05 1202.2
545 1004.58 1202.2
546 1038.16 1202.2
547 1017.2 1202.2
548 972.804 1202.2
549 1070.8 1202.2
550 993.596 1202.2
551 1017.18 1202.2
552 1008.27 1202.2
553 931.206 1202.2
554 991.145 1202.2
555 961.635 1202.2
556 974.053 1202.2
557 973.576 1202.2
558 1013.78 1202.2
559 1062.25 1202.2
560 1020.03 1202.2
561 1130.24 1202.2
562 1151.36 1202.2
563 1042.37 1202.2
564 1017.73 1202.2
565 988.672 1202.2
566 1071.34 1202.2
567 1133.99 1202.2
568 1057.04 1202.2
569 988.61 1202.2
570 1030.3 1202.2
571 1073.46 1202.2
572 1037.61 1202.2
573 1093.75 1202.2
574 1074.47 1202.2
575 962.331 1202.2
576 968.2 1202.2
577 1076.94 1202.2
578 1047.13 1202.2
579 1030.81 1202.2
580 1076.71 1202.2
581 935.835 1202.2
582 1033.07 1202.2
583 1028.88 1202.2
584 1067.29 1202.2
585 1066.57 1202.2
586 1068.68 1202.2
587 1052.46 1202.2
588 949.196 1202.2
589 1013.22 1202.2
590 921.566 1202.2
591 1035.55 1202.2
592 1061.43 1202.2
593 903.93 1202.2
594 993.859 1202.2
595 1116.41 1202.2
596 922.483 1202.2
597 978.706 1202.2
598 1127.08 1202.2
599 933.674 1202.2
600 1102.96 1202.2
601 1035.23 1202.2
602 1021.04 1202.2
603 1045.27 1202.2
604 1065.15 1202.2
605 991.925 1202.2
606 1006.13 1202.2
607 964.155 1202.2
608 1080.53 1202.2
609 1018.9 1202.2
610 1109.67 1202.2
611 1052.32 1202.2
612 917.726 1202.2
613 1004 1202.2
614 947.814 1202.2
615 1051.25 1202.2
616 1053.54 1202.2
617 968.174 1202.2
618 1023.36 1202.2
619 1107.82 1202.2
620 985.622 1202.2
621 1072.18 1202.2
622 1007.29 1202.2
623 940.979 1202.2
624 1041.4 1202.2
625 1054.21 1202.2
626 974.979 1202.2
627 1066.54 1202.2
628 1032.88 1202.2
629 974.494 1202.2
630 1035.7 1202.2
631 1039.89 1202.2
632 1063.14 1202.2
633 967.865 1202.2
634 1027.72 1202.2
635 1034.03 1202.2
636 1011.41 1202.2
637 996.861 1202.2
638 1156.63 1202.2
639 1072.97 1202.2
640 1039.45 1202.2
641 957.669 1202.2
642 969.603 1202.2
643 997.468 1202.2
644 951.389 1202.2
645 1134.36 1202.2
646 936.798 1202.2
647 1107.13 1202.2
648 959.091 1202.2
649 1059.56 1202.2
650 1119.63 1202.2
651 1113.38 1202.2
652 1075.49 1202.2
653 1031.55 1202.2
654 1056.52 1202.2
655 1036.13 1202.2
656 1144.16 1202.2
657 991.221 1202.2
658 918.29 1202.2
659 1132.58 1202.2
660 971.397 1202.2
661 934.412 1202.2
662 1107.82 1202.2
663 938.056 1202.2
664 903.923 1202.2
665 957.227 1202.2
666 1126.85 1202.2
667 1041.06 1202.2
668 1004.65 1202.2
669 1127.24 1202.2
670 1022.52 1202.2
671 959.285 1202.2
672 987.692 1202.2
673 1152.4 1202.2
674 944.152 1202.2
675 924.771 1202.2
676 1059.63 1202.2
677 993.286 1202.2
678 1122.83 1202.2
679 1110.58 1202.2
680 1093.82 1202.2
681 1071.35 1202.2
682 1128.45 1202.2
683 1054.86 1202.2
684 1151.27 1202.2
685 1050.11 1202.2
686 1066.56 1202.2
687 1109.27 1202.2
688 988.324 1202.2
689 1020.45 1202.2
690 992.491 1202.2
691 1012.57 1202.2
692 1018.17 1202.2
693 1096.59 1202.2
694 1002 1202.2
695 1035.18 1202.2
696 1089.2 1202.2
697 1053.44 1202.2
698 978.269 1202.2
699 987.278 1202.2
700 1055.76 1202.2
701 1010.61 1202.2
702 1007.92 1202.2
703 998.938 1202.2
704 923.084 1202.2
705 1056.35 1202.2
706 1091.53 1202.2
707 913.26 1202.2
708 996.909 1202.2
709 978.073 1202.2
710 1073.67 1202.2
711 1034 1202.2
712 1107.38 1202.2
713 1020.19 1202.2
714 1052.01 1202.2
715 949.197 1202.2
716 1130.81 1202.2
717 1016.05 1202.2
718 1086 1202.2
719 1008.35 1202.2
720 1076.36 1202.2
721 980.081 1202.2
722 1058.7 1202.2
723 1097.46 1202.2
724 1019.48 1202.2
725 1025.75 1202.2
726 1080.98 1202.2
727 940.01 1202.2
728 998.987 1202.2
729 1068.17 1202.2
730 1119.39 1202.2
731 1002.57 1202.2
732 1021.49 1202.2
733 1008.45 1202.2
734 958.338 1202.2
735 1024.7 1202.2
736 1009.44 1202.2
737 958.604 1202.2
738 1125.34 1202.2
739 989.857 1202.2
740 1069.97 1202.2
741 950.731 1202.2
742 1026.35 1202.2
743 915.53 1202.2
744 1091.67 1202.2
745 1185.63 1202.2
746 939.884 1202.2
747 1127.55 1202.2
748 967.117 1202.2
749 1050.77 1202.2
750 981.472 1202.2
751 892.886 1202.2
752 1142.71 1202.2
753 969.34 1202.2
754 1031.59 1202.2
755 968.269 1202.2
756 1014.67 1202.2
757 1023.8 1202.2
758 941.33 1202.2
759 1049.75 1202.2
760 992.321 1202.2
761 903.383 1202.2
762 1017.27 1202.2
763 1019.35 1202.2
764 1037.49 1202.2
765 907.995 1202.2
766 1078.96 1202.2
767 1104.94 1202.2
768 1106.5 1202.2
769 1123.66 1202.2
770 1112.61 1202.2
771 1116.57 1202.2
772 1091.75 1202.2
773 1026.76 1202.2
774 1036.51 1202.2
775 1058.77 1202.2
776 1086.63 1202.2
777 1040.84 1202.2
778 1078.25 1202.2
779 1010.17 1202.2
780 909.046 1202.2
781 971.207 1202.2
782 1002.78 1202.2
783 985.859 1202.2
784 980.53 1202.2
785 998.289 1202.2
786 914.028 1202.2
787 944.383 1202.2
788 1026.34 1202.2
789 965.097 1202.2
790 1041.49 1202.2
791 964.005 1202.2
792 983.333 1202.2
793 1075.3 1202.2
794 1060.14 1202.2
795 1053.33 1202.2
796 1008.11 1202.2
797 1113.55 1202.2
798 952.632 1202.2
799 1067.69 1202.2
800 1026.86 1202.2
801 946.623 1202.2
802 1059.35 1202.2
803 988.686 1202.2
804 968.201 1202.2
805 1054.37 1202.2
806 895.079 1202.2
807 1073.34 1202.2
808 991.616 1202.2
809 1169.11 1202.2
810 981.276 1202.2
811 1044.15 1202.2
812 951.142 1202.2
813 1079.53 1202.2
814 966.321 1202.2
815 1040.98 1202.2
816 1061.06 1202.2
817 1002.16 1202.2
818 1006.22 1202.2
819 1059.77 1202.2
820 1056.1 1202.2
821 970.398 1202.2
822 1097.44 1202.2
823 1027.25 1202.2
824 1125.98 1202.2
825 1059.29 1202.2
826 1006.85 1202.2
827 898.681 1202.2
828 1108.98 1202.2
829 1155.69 1202.2
830 1057.41 1202.2
831 954.125 1202.2
832 1025.18 1202.2
833 950.342 1202.2
834 1035.09 1202.2
835 991.152 1202.2
836 1042.99 1202.2
837 908.993 1202.2
838 942.205 1202.2
839 1039.14 1202.2
840 967.225 1202.2
841 1003.78 1202.2
842 986.62 1202.2
843 1018.57 1202.2
844 926.625 1202.2
845 1039 1202.2
846 1095.34 1202.2
847 964.875 1202.2
848 975.007 1202.2
849 1025.16 1202.2
850 995.272 1202.2
851 1020.78 1202.2
852 1032.11 1202.2
853 976.314 1202.2
854 1149.6 1202.2
855 1015.35 1202.2
856 981.064 1202.2
857 899.146 1202.2
858 1008.58 1202.2
859 1043.1 1202.2
860 1036.08 1202.2
861 1037.97 1202.2
862 1073.21 1202.2
863 1135.72 1202.2
864 1025.39 1202.2
865 1150.49 1202.2
866 1126.05 1202.2
867 1036.71 1202.2
868 1067.63 1202.2
869 1085.66 1202.2
870 991.385 1202.2
871 1037.17 1202.2
872 1051.55 1202.2
873 987.751 1202.2
874 1047.02 1202.2
875 1120.03 1202.2
876 1060.72 1202.2
877 1075.4 1202.2
878 988.71 1202.2
879 1046.64 1202.2
880 1037.05 1202.2
881 970.885 1202.2
882 1068.94 1202.2
883 1032.65 1202.2
884 1005.66 1202.2
885 973.959 1202.2
886 1062.87 1202.2
887 1082.33 1202.2
888 1074.8 1202.2
889 889.814 1202.2
890 953.215 1202.2
891 947.961 1202.2
892 1077.97 1202.2
893 1048.49 1202.2
894 1025.79 1202.2
895 966.888 1202.2
896 1073.26 1202.2
897 1130.47 1202.2
898 1071.1 1202.2
899 1033.86 1202.2
900 1032.98 1202.2
901 1119.24 1202.2
902 973.471 1202.2
903 1041.43 1202.2
904 885.148 1202.2
905 951.735 1202.2
906 951.676 1202.2
907 977.248 1202.2
908 1030.99 1202.2
909 1091.34 1202.2
910 966.731 1202.2
911 923.153 1202.2
912 1005.59 1202.2
913 1047.29 1202.2
914 936.611 1202.2
915 963.64 1202.2
916 1048.14 1202.2
917 1070.51 1202.2
918 954.096 1202.2
919 1025.97 1202.2
920 1093.11 1202.2
921 1043.84 1202.2
922 1055.04 1202.2
923 1017.11 1202.2
924 972.072 1202.2
925 1080.72 1202.2
926 1016.97 1202.2
927 948.162 1202.2
928 1033.05 1202.2
929 1085.91 1202.2
930 1059.6 1202.2
931 1048.25 1202.2
932 999.2 1202.2
933 957.347 1202.2
934 1010.13 1202.2
935 1039.27 1202.2
936 1056.69 1202.2
937 1051.62 1202.2
938 974.988 1202.2
939 1078.26 1202.2
940 1153.3 1202.2
941 1046.93 1202.2
942 904.94 1202.2
943 1045.07 1202.2
944 1076.11 1202.2
945 1044.72 1202.2
946 1064.41 1202.2
947 1090.66 1202.2
948 971.151 1202.2
949 946.11 1202.2
950 1026.86 1202.2
951 1039.72 1202.2
952 970.978 1202.2
953 1110.64 1202.2
954 1022.86 1202.2
955 1023.97 1202.2
956 1066.66 1202.2
957 888.858 1202.2
958 1162.49 1202.2
959 957.872 1202.2
960 1102.43 1202.2
961 979.255 1202.2
962 1089.06 1202.2
963 1091.94 1202.2
964 1091.16 1202.2
965 1087.94 1202.2
966 1057.25 1202.2
967 1002.22 1202.2
968 981.835 1202.2
969 1067.95 1202.2
970 996.504 1202.2
971 1073.52 1202.2
972 1106.18 1202.2
973 1092.81 1202.2
974 1007.61 1202.2
975 920.773 1202.2
976 962.023 1202.2
977 1018.68 1202.2
978 1134.98 1202.2
979 1098.65 1202.2
980 989.061 1202.2
981 955.009 1202.2
982 985.861 1202.2
983 1158.92 1202.2
984 1025.6 1202.2
985 1147.18 1202.2
986 1023.59 1202.2
987 924.519 1202.2
988 1144.89 1202.2
989 922.615 1202.2
990 1090.92 1202.2
991 1034.1 1202.2
992 906.594 1202.2
993 995.295 1202.2
994 1066.72 1202.2
995 901.032 1202.2
996 1058.52 1202.2
997 990.632 1202.2
998 1076.85 1202.2
999 1089.84 1202.2
