0 457.551
1 477.497
2 567.83
3 570.256
4 601.732
5 607.813
6 611.173
7 625.762
8 637.822
9 655.545
10 655.545
11 655.545
12 655.545
13 655.545
14 655.545
15 655.545
16 655.545
17 655.545
18 655.545
19 655.545
20 655.545
21 655.545
22 655.545
23 655.545
24 655.545
25 655.545
26 655.545
27 655.545
28 655.545
29 655.545
30 655.545
31 655.545
32 655.545
33 655.545
34 655.545
35 655.545
36 655.545
37 655.545
38 655.545
39 655.545
40 655.545
41 655.545
42 655.545
43 655.545
44 655.545
45 655.545
46 655.545
47 655.545
48 655.545
49 655.545
50 655.545
51 655.545
52 655.545
53 655.545
54 655.545
55 655.545
56 655.545
57 655.545
58 655.545
59 655.545
60 655.545
61 655.545
62 655.545
63 655.545
64 655.545
65 655.545
66 655.545
67 655.545
68 655.545
69 655.545
70 655.545
71 655.545
72 655.545
73 655.545
74 655.545
75 655.545
76 655.545
77 655.545
78 655.545
79 655.545
80 655.545
81 655.545
82 655.545
83 655.545
84 655.545
85 655.545
86 655.545
87 655.545
88 655.545
89 655.545
90 655.545
91 655.545
92 655.545
93 655.545
94 655.545
95 655.545
96 655.545
97 655.545
98 655.545
99 655.545
