0 864.505
1 928.904
2 942.593
3 956.231
4 995.474
5 1014.58
6 1018.33
7 1024.69
8 1030.04
9 1057.79
10 1060.85
11 1139.52
12 1143.75
13 1190.45
14 1196.96
15 1210.07
16 1219.25
17 1220.21
18 1239.79
19 1251.83
20 1261.78
21 1277.4
22 1280.16
23 1290.37
24 1298.26
25 1309.65
26 1340.58
27 1364.61
28 1374.76
29 1376.61
30 1386.04
31 1390.34
32 1407.73
33 1409.72
34 1410.09
35 1412.77
36 1421.18
37 1441.48
38 1441.48
39 1442.81
40 1446.03
41 1450.85
42 1457.84
43 1457.84
44 1457.84
45 1457.84
46 1457.84
47 1457.84
48 1457.84
49 1457.84
50 1457.84
51 1457.84
52 1457.84
53 1457.84
54 1457.84
55 1457.84
56 1457.84
57 1457.84
58 1457.84
59 1457.84
60 1457.84
61 1457.84
62 1457.84
63 1457.84
64 1457.84
65 1457.84
66 1457.84
67 1457.84
68 1457.84
69 1457.84
70 1457.84
71 1457.84
72 1457.84
73 1457.84
74 1457.84
75 1457.84
76 1457.84
77 1457.84
78 1457.84
79 1457.84
80 1457.84
81 1457.84
82 1457.84
83 1457.84
84 1457.84
85 1457.84
86 1457.84
87 1457.84
88 1457.84
89 1457.84
90 1457.84
91 1457.84
92 1457.84
93 1457.84
94 1457.84
95 1457.84
96 1457.84
97 1457.84
98 1457.84
99 1457.84
