0 1603.04
1 1611.74
2 1675.55
3 1747.08
4 1760.91
5 1777.87
6 1796.75
7 1812.33
8 1821.25
9 1840.66
10 1868.95
11 1882.39
12 1901.59
13 1906.06
14 1906.49
15 1952.68
16 1960.37
17 1973.56
18 1993.94
19 2019.51
20 2072.34
21 2082.53
22 2085.89
23 2094.67
24 2096.61
25 2098.07
26 2098.07
27 2098.37
28 2108.68
29 2108.68
30 2118.16
31 2118.16
32 2130.24
33 2130.7
34 2147.7
35 2147.7
36 2147.7
37 2147.7
38 2147.7
39 2147.7
40 2147.7
41 2147.7
42 2147.7
43 2147.7
44 2147.7
45 2147.7
46 2147.7
47 2147.7
48 2147.7
49 2147.7
50 2147.7
51 2147.7
52 2147.7
53 2147.7
54 2147.7
55 2147.7
56 2147.7
57 2147.7
58 2147.7
59 2147.7
60 2147.7
61 2147.7
62 2147.7
63 2147.7
64 2147.7
65 2147.7
66 2147.7
67 2147.7
68 2147.7
69 2147.7
70 2147.7
71 2147.7
72 2147.7
73 2147.7
74 2147.7
75 2147.7
76 2147.7
77 2147.7
78 2147.7
79 2147.7
80 2147.7
81 2147.7
82 2147.7
83 2147.7
84 2147.7
85 2147.7
86 2147.7
87 2147.7
88 2147.7
89 2147.7
90 2147.7
91 2147.7
92 2147.7
93 2147.7
94 2147.7
95 2147.7
96 2147.7
97 2147.7
98 2147.7
99 2147.7
