0 683.969
1 705.535
2 731.677
3 750.031
4 775.601
5 780.954
6 801.668
7 808.709
8 808.744
9 858.91
10 903.725
11 909.667
12 959.296
13 966.177
14 973.966
15 990.618
16 994.054
17 996.991
18 1018.83
19 1053.42
20 1068.64
21 1078.91
22 1113.74
23 1143.47
24 1155.9
25 1164.17
26 1171.59
27 1173.58
28 1180.1
29 1193.43
30 1197.03
31 1198.21
32 1198.55
33 1203.82
34 1204.08
35 1204.18
36 1225.09
37 1236.06
38 1253.43
39 1262.17
40 1274.13
41 1285.85
42 1291.36
43 1291.36
44 1291.36
45 1291.36
46 1291.36
47 1291.36
48 1291.36
49 1291.36
50 1291.36
51 1291.36
52 1291.36
53 1291.36
54 1291.36
55 1291.36
56 1291.36
57 1291.36
58 1291.36
59 1291.36
60 1291.36
61 1291.36
62 1291.36
63 1291.36
64 1291.36
65 1291.36
66 1291.36
67 1291.36
68 1291.36
69 1291.36
70 1291.36
71 1291.36
72 1291.36
73 1291.36
74 1291.36
75 1291.36
76 1291.36
77 1291.36
78 1291.36
79 1291.36
80 1291.36
81 1291.36
82 1291.36
83 1291.36
84 1291.36
85 1291.36
86 1291.36
87 1291.36
88 1291.36
89 1291.36
90 1291.36
91 1291.36
92 1291.36
93 1291.36
94 1291.36
95 1291.36
96 1291.36
97 1291.36
98 1291.36
99 1291.36
