0 542.008
1 591.679
2 624.015
3 658.693
4 704.34
5 748.585
6 773.983
7 879.799
8 904.262
9 907.505
10 907.681
11 945.599
12 982.876
13 986.465
14 998.998
15 1007.75
16 1017.22
17 1055.02
18 1081.71
19 1084.17
20 1097.15
21 1118.21
22 1141.54
23 1170.7
24 1179.87
25 1201.57
26 1203.49
27 1209.43
28 1238.29
29 1247.19
30 1251.53
31 1265.71
32 1271.45
33 1273.46
34 1276.15
35 1291.78
36 1293.17
37 1293.74
38 1296.06
39 1298.62
40 1298.62
41 1307.05
42 1307.05
43 1307.05
44 1307.05
45 1307.05
46 1307.05
47 1307.05
48 1307.05
49 1307.05
50 1307.05
51 1307.05
52 1307.05
53 1307.05
54 1307.05
55 1307.05
56 1307.05
57 1307.05
58 1307.05
59 1307.05
60 1307.05
61 1307.05
62 1307.05
63 1307.05
64 1307.05
65 1307.05
66 1307.05
67 1307.05
68 1307.05
69 1307.05
70 1307.05
71 1307.05
72 1307.05
73 1307.05
74 1307.05
75 1307.05
76 1307.05
77 1307.05
78 1307.05
79 1307.05
80 1307.05
81 1307.05
82 1307.05
83 1307.05
84 1307.05
85 1307.05
86 1307.05
87 1307.05
88 1307.05
89 1307.05
90 1307.05
91 1307.05
92 1307.05
93 1307.05
94 1307.05
95 1307.05
96 1307.05
97 1307.05
98 1307.05
99 1307.05
