0 4608.19
1 4615.69
2 4685.71
3 4722
4 4731.86
5 4738.83
6 4770.19
7 4788.21
8 4817.35
9 4840.13
10 4895.37
11 4906.91
12 4917.87
13 4955.41
14 4976.12
15 5010.89
16 5040.92
17 5082.3
18 5100.54
19 5196.57
20 5240.83
21 5246.4
22 5274.65
23 5305.81
24 5323.23
25 5378.54
26 5390.44
27 5451.43
28 5481.91
29 5491.54
30 5543.19
31 5582.1
32 5586.07
33 5594.53
34 5603.15
35 5651.44
36 5661.55
37 5702.41
38 5778.12
39 5786.32
40 5804.35
41 5846.02
42 5864.09
43 5895
44 5910.62
45 5929.11
46 5957.05
47 5960.49
48 5982.01
49 5989.54
50 5991.97
51 6001.52
52 6009.21
53 6015.65
54 6017.05
55 6017.19
56 6053.82
57 6062.71
58 6080.49
59 6099.44
60 6101.7
61 6120.53
62 6135.04
63 6144.41
64 6156.05
65 6163.04
66 6167.47
67 6168.34
68 6169.34
69 6174.42
70 6184.7
71 6190.79
72 6199.78
73 6221.51
74 6227.5
75 6230.8
76 6255.31
77 6258.9
78 6267.11
79 6268.24
80 6271.95
81 6275.86
82 6279.64
83 6279.71
84 6279.71
85 6283.92
86 6285.59
87 6287.44
88 6297.62
89 6304.46
90 6304.46
91 6308.02
92 6311.81
93 6311.81
94 6320.48
95 6338.45
96 6338.91
97 6345.98
98 6350.02
99 6350.75
