0 1537.02
1 1543.97
2 1562.22
3 1602.43
4 1639.3
5 1651.18
6 1794.46
7 1850.45
8 1903.64
9 1952.17
10 1972.45
11 1973.31
12 1974.66
13 2006.87
14 2060.17
15 2071.11
16 2073.48
17 2121.72
18 2124.96
19 2150.27
20 2196.68
21 2198.23
22 2221.2
23 2244.94
24 2247.95
25 2255.01
26 2265.99
27 2274.78
28 2313.48
29 2328.13
30 2330.43
31 2333.14
32 2365.38
33 2373.27
34 2384.68
35 2395.97
36 2403.49
37 2406.19
38 2438.54
39 2455.78
40 2457.09
41 2515.3
42 2519.61
43 2528.42
44 2532.04
45 2532.33
46 2537.64
47 2551.09
48 2554.02
49 2565.86
50 2586.89
51 2590.89
52 2601.31
53 2601.31
54 2601.31
55 2601.31
56 2601.31
57 2602.68
58 2602.68
59 2610.76
60 2623.36
61 2633.93
62 2633.93
63 2633.93
64 2633.93
65 2633.93
66 2633.93
67 2633.93
68 2633.93
69 2633.93
70 2633.93
71 2633.93
72 2633.93
73 2633.93
74 2633.93
75 2633.93
76 2633.93
77 2633.93
78 2633.93
79 2633.93
80 2633.93
81 2633.93
82 2633.93
83 2633.93
84 2633.93
85 2633.93
86 2633.93
87 2633.93
88 2633.93
89 2633.93
90 2633.93
91 2633.93
92 2633.93
93 2633.93
94 2633.93
95 2633.93
96 2633.93
97 2633.93
98 2633.93
99 2633.93
