0 1666.35
1 1709.55
2 1746.8
3 1790.69
4 1797.49
5 1797.56
6 1830.28
7 1834.47
8 1860.43
9 1889.2
10 1923.09
11 1941.45
12 1950.9
13 1971.07
14 2018.43
15 2020.93
16 2050.87
17 2081.83
18 2117.99
19 2124.93
20 2176.02
21 2185.8
22 2192.32
23 2193.31
24 2195.11
25 2211.97
26 2213.71
27 2246.54
28 2256.91
29 2266.86
30 2275.68
31 2282.17
32 2292.22
33 2318.6
34 2324.08
35 2325.41
36 2355.49
37 2380.13
38 2381
39 2399.15
40 2413.72
41 2428.72
42 2453.53
43 2460.48
44 2471.41
45 2474.68
46 2499.41
47 2503.12
48 2520.64
49 2525.5
50 2529
51 2571.08
52 2576.42
53 2584.58
54 2595.74
55 2605.1
56 2609
57 2622.55
58 2622.55
59 2624.06
60 2624.06
61 2624.06
62 2624.06
63 2624.06
64 2624.06
65 2624.06
66 2624.06
67 2624.06
68 2634.58
69 2634.58
70 2634.58
71 2634.58
72 2634.58
73 2634.58
74 2634.58
75 2634.58
76 2634.58
77 2634.58
78 2634.58
79 2634.58
80 2634.58
81 2634.58
82 2634.58
83 2634.58
84 2634.58
85 2634.58
86 2634.58
87 2634.58
88 2634.58
89 2634.58
90 2634.58
91 2634.58
92 2634.58
93 2634.58
94 2634.58
95 2634.58
96 2634.58
97 2634.58
98 2634.58
99 2634.58
