0 1709.43
1 1723.39
2 1771.96
3 1786.44
4 1852.38
5 1891.04
6 1920.75
7 1946.02
8 1950.62
9 1953.41
10 1976.54
11 2028.15
12 2044.91
13 2057.19
14 2083.33
15 2087.21
16 2099.7
17 2118.43
18 2119.1
19 2137.7
20 2196
21 2208
22 2214.45
23 2227.53
24 2264.34
25 2271.93
26 2272.57
27 2296.13
28 2320.49
29 2340.56
30 2347.31
31 2356.26
32 2370.4
33 2382.51
34 2391.51
35 2406.65
36 2434.48
37 2457.08
38 2478.69
39 2500.59
40 2501.46
41 2506.79
42 2528.75
43 2529.66
44 2531.52
45 2543.24
46 2548.98
47 2554.05
48 2572.76
49 2574.38
50 2575.06
51 2575.06
52 2610.59
53 2610.59
54 2610.59
55 2610.59
56 2610.59
57 2610.59
58 2610.59
59 2610.59
60 2610.59
61 2610.59
62 2610.59
63 2610.59
64 2610.59
65 2610.59
66 2610.59
67 2610.59
68 2610.59
69 2610.59
70 2610.59
71 2610.59
72 2610.59
73 2610.59
74 2610.59
75 2610.59
76 2610.59
77 2610.59
78 2610.59
79 2610.59
80 2610.59
81 2610.59
82 2610.59
83 2610.59
84 2610.59
85 2610.59
86 2610.59
87 2610.59
88 2610.59
89 2610.59
90 2610.59
91 2610.59
92 2610.59
93 2610.59
94 2610.59
95 2610.59
96 2610.59
97 2610.59
98 2610.59
99 2610.59
