0 6220.8
1 6276.4
2 6305.69
3 6334.01
4 6349.67
5 6385.33
6 6434.92
7 6467.41
8 6473.11
9 6536.53
10 6559.63
11 6650.91
12 6693.49
13 6765.38
14 6815.98
15 6821.38
16 6846.63
17 6854.39
18 6899.31
19 6904.7
20 6940.17
21 6961.41
22 6968.12
23 6981.38
24 7026.88
25 7088.89
26 7096.06
27 7103.12
28 7164.17
29 7196.86
30 7233.93
31 7235.55
32 7279.98
33 7281.55
34 7290.04
35 7310.91
36 7342.54
37 7386.24
38 7389.9
39 7396.08
40 7412.68
41 7414.66
42 7414.69
43 7414.73
44 7416.38
45 7422.91
46 7432.63
47 7440.28
48 7443.34
49 7466.78
50 7467.57
51 7498.64
52 7504.09
53 7505.19
54 7588.8
55 7596.34
56 7596.52
57 7646.19
58 7648.65
59 7707.34
60 7726.09
61 7737.37
62 7772.24
63 7792.14
64 7795.65
65 7812.95
66 7818.38
67 7821.88
68 7835.69
69 7841.25
70 7846.85
71 7863.15
72 7915.45
73 7919.1
74 7923.07
75 7946.74
76 7952.48
77 7968.23
78 7985.28
79 7996.78
80 7999.1
81 8000.38
82 8005.35
83 8032.48
84 8039.63
85 8062.24
86 8064.94
87 8081.22
88 8081.3
89 8087.78
90 8115.47
91 8150.06
92 8155.14
93 8162.73
94 8166.78
95 8177.28
96 8191.22
97 8193.31
98 8209.72
99 8212.45
