0 6210.14
1 6247.13
2 6251.32
3 6257.82
4 6305.61
5 6322.65
6 6323.15
7 6338.19
8 6369.68
9 6375.3
10 6456.12
11 6458.36
12 6483.57
13 6518.47
14 6537.37
15 6576.4
16 6654.07
17 6672.25
18 6680.34
19 6705.78
20 6712.05
21 6746.87
22 6759.89
23 6782.2
24 6874.14
25 6903.6
26 6958.79
27 7008.93
28 7020.31
29 7033.12
30 7041.52
31 7048.93
32 7053.91
33 7093.83
34 7119.71
35 7122.52
36 7128.19
37 7154.68
38 7157.82
39 7177.66
40 7208.3
41 7220.86
42 7250.38
43 7255.21
44 7291.91
45 7332.95
46 7343.31
47 7395.46
48 7463.44
49 7468.67
50 7510.07
51 7511.12
52 7525.84
53 7540.32
54 7543.91
55 7564.17
56 7598.88
57 7624.87
58 7659.32
59 7664.12
60 7723.87
61 7739.61
62 7771.25
63 7772.91
64 7792.38
65 7792.95
66 7794.13
67 7809.91
68 7827.97
69 7850.4
70 7868.52
71 7877.13
72 7884.57
73 7889.59
74 7903.13
75 7903.61
76 7906.42
77 7931.09
78 7945.14
79 7953.15
80 7964.49
81 7966.95
82 7976.64
83 7978.03
84 7986.38
85 8003.8
86 8009.52
87 8014.23
88 8038.42
89 8048.48
90 8085.37
91 8089.47
92 8109.66
93 8123.6
94 8125.75
95 8152.36
96 8153.32
97 8165.17
98 8165.39
99 8177.64
