0 6207.6
1 6261.6
2 6262.38
3 6289.08
4 6309.04
5 6332.03
6 6451.57
7 6454.55
8 6482.6
9 6522.43
10 6573.29
11 6594.97
12 6678.66
13 6763.48
14 6785.96
15 6811.07
16 6860.03
17 6891.99
18 6938.73
19 6951.71
20 7009.04
21 7009.64
22 7076.56
23 7108.61
24 7129.67
25 7172.23
26 7216.12
27 7255.99
28 7262.99
29 7293.66
30 7300.04
31 7317.96
32 7332.56
33 7362.66
34 7403.35
35 7463.64
36 7466.51
37 7519.95
38 7528.96
39 7549.97
40 7576.53
41 7596.79
42 7597.44
43 7598.47
44 7603.2
45 7635.61
46 7644.33
47 7660.04
48 7671.82
49 7717.31
50 7742.03
51 7747.45
52 7766.82
53 7788.18
54 7823.38
55 7829.93
56 7852.18
57 7867.89
58 7872.84
59 7873.58
60 7889.61
61 7917.43
62 7927.95
63 7957.84
64 8001.69
65 8004.87
66 8018.78
67 8045.39
68 8057.99
69 8059.97
70 8083.67
71 8107.13
72 8141.66
73 8145.13
74 8157.57
75 8180.3
76 8185.04
77 8220.06
78 8229.13
79 8241
80 8244.51
81 8247.19
82 8255.48
83 8264.41
84 8283.42
85 8296.52
86 8298.48
87 8301.89
88 8304.18
89 8318.22
90 8333.65
91 8334.05
92 8347.65
93 8354.34
94 8386.15
95 8391.47
96 8402.13
97 8403.71
98 8453.99
99 8467.19
