0 1131.32
1 1148.11
2 1160.76
3 1163.19
4 1167.47
5 1188.49
6 1234.45
7 1242.03
8 1270.75
9 1279.96
10 1323.85
11 1323.85
12 1323.85
13 1323.85
14 1323.85
15 1323.85
16 1323.85
17 1323.85
18 1323.85
19 1323.85
20 1323.85
21 1323.85
22 1323.85
23 1323.85
24 1323.85
25 1323.85
26 1323.85
27 1323.85
28 1323.85
29 1323.85
30 1323.85
31 1323.85
32 1323.85
33 1323.85
34 1323.85
35 1323.85
36 1323.85
37 1323.85
38 1323.85
39 1323.85
40 1323.85
41 1323.85
42 1323.85
43 1323.85
44 1323.85
45 1323.85
46 1323.85
47 1323.85
48 1323.85
49 1323.85
50 1323.85
51 1323.85
52 1323.85
53 1323.85
54 1323.85
55 1323.85
56 1323.85
57 1323.85
58 1323.85
59 1323.85
60 1323.85
61 1323.85
62 1323.85
63 1323.85
64 1323.85
65 1323.85
66 1323.85
67 1323.85
68 1323.85
69 1323.85
70 1323.85
71 1323.85
72 1323.85
73 1323.85
74 1323.85
75 1323.85
76 1323.85
77 1323.85
78 1323.85
79 1323.85
80 1323.85
81 1323.85
82 1323.85
83 1323.85
84 1323.85
85 1323.85
86 1323.85
87 1323.85
88 1323.85
89 1323.85
90 1323.85
91 1323.85
92 1323.85
93 1323.85
94 1323.85
95 1323.85
96 1323.85
97 1323.85
98 1323.85
99 1323.85
