0 3161.27
1 3262.1
3 3300.69
4 3304.4
9 3335.38
12 3355.04
14 3398.83
17 3404.79
21 3406.68
24 3570.91
27 3603.46
32 3657.23
34 3669.73
46 3681.96
59 3690.92
62 3706.76
73 3746.56
92 3752.84
99 3755.24
105 3775.31
117 3792.83
153 3794.88
249 3818.02
326 3845.84
386 3858
515 3860.86
547 3869.74
614 3879.05
758 3881.61
789 3897.37
823 3903.13
950 3917.09
1021 3919.57
1267 3927.2
1278 3927.44
1289 3939.36
1338 3950.9
2339 3950.9
3340 3950.9
4341 3950.9
5342 3950.9
6343 3950.9
7344 3950.9
8345 3950.9
9346 3950.9
