0 3082.45
1 3118.79
2 3134.84
4 3193.21
5 3248.65
8 3248.95
12 3281.98
16 3347.96
21 3364.89
36 3373.64
41 3375.28
42 3387.3
44 3396.26
48 3407.03
68 3437.52
71 3464.36
72 3465.89
91 3466.67
117 3498.74
122 3512.55
123 3534.25
177 3538.32
215 3558.33
257 3561.48
271 3579.2
281 3583.15
308 3590.21
361 3601.43
372 3612.15
388 3617.4
394 3623.63
397 3637.06
413 3637.67
421 3647.32
453 3648.15
454 3679.12
533 3699.16
1429 3699.22
1768 3702.64
2769 3702.64
3051 3710.09
3054 3723
3440 3726.02
4212 3739.42
4378 3748.28
5379 3748.28
6380 3748.28
7381 3748.28
8382 3748.28
9383 3748.28
