0 1734.54
2 1823.25
5 1842.89
6 1935.08
8 1972.5
10 1988.71
18 1993.19
23 2019.79
28 2046.68
62 2072.5
63 2076.18
67 2127.1
215 2128.47
248 2140.75
271 2142.13
279 2152.51
435 2161.08
1436 1818.99
1437 1819.95
1440 1840.71
1444 1849.78
1446 1864.42
1449 1898.39
1450 1925.88
1451 1931.08
1455 1964.37
1457 1977.24
1479 2014.08
1486 2021.61
1584 2038.25
1597 2050.64
1642 2085.11
1650 2090.89
1680 2128.81
1931 2131.04
1934 2136.12
2935 1893.45
2939 1894.66
2945 1922.24
2952 1936.89
2954 1941.62
2962 1973.58
2964 1990.35
3038 2000
3077 2011.46
3136 2034.46
3300 2040.93
3327 2047.11
3521 2051.51
4522 1767.06
4524 1780.74
4525 1789.31
4526 1868.66
4529 1877.49
4533 1884.57
4554 1891.63
4566 1928.61
4607 1937.49
4777 1960.06
5778 1820.06
5779 1858.72
5788 1875.65
5793 1878.95
5794 1901.8
5796 1948.63
5807 1958.25
5810 1986.07
5828 1986.34
5835 1993.57
6177 2014.5
6237 2037.75
6321 2044.12
6326 2051.7
7327 1629.24
7328 1732.75
7329 1796.93
7330 1851.28
7331 1881.36
7332 1893.47
7333 1928.81
7336 1940.92
7338 1950.92
7339 1963.5
7346 1981.65
7352 2029.81
7373 2031.4
7406 2032.85
7416 2073.37
7479 2073.66
7482 2078.15
7484 2081.41
7489 2091.49
7560 2096.46
7567 2120.02
7751 2120.67
7845 2136.28
8846 1699.73
8849 1720.52
8850 1773.22
8852 1856.7
8863 1890.3
8877 1890.56
8879 1902.63
8884 1936.47
8890 1958.19
8896 1998.74
8901 2040.78
8907 2050.38
8934 2055.52
8936 2060.53
8938 2096.75
8946 2097.09
8974 2099.18
9037 2103.03
10038 1706.2
10041 1715.15
10044 1735.42
10046 1752.91
10056 1771.89
10061 1779.76
10066 1792.69
10069 1806.77
10070 1817.55
10071 1868.06
10113 1903.2
10155 1922.35
10204 1925.93
10258 1928.93
10275 1968.83
10361 1974.07
10380 1979.32
10388 1992.39
10433 1998.81
10514 2000.58
10546 2000.75
11547 1761.48
11548 1764.98
11557 1828.54
11563 1849.59
11565 1887.16
11566 1921.21
11570 1950.02
11577 1958.58
11590 1959.26
11612 1967.05
11624 1969.07
11628 2002.3
11631 2018.79
11759 2038.07
12760 1718.78
12764 1726.03
12765 1727.75
12767 1732.94
12768 1737.19
12769 1797.75
12770 1842.3
12772 1870.04
12773 1908.54
12777 1913.99
12809 1926.03
12814 1982.17
12822 2001.88
12858 2013.69
12880 2017.08
12920 2017.11
12952 2050.36
13016 2085.66
