0 6283.36
1 6331.54
5 6370.4
7 6483.22
9 6497.55
11 6503.36
16 6506.68
17 6566.13
19 6567.47
20 6588.23
21 6659.56
23 6692.1
26 6745.49
28 6760.88
40 6793.86
42 6890.31
44 6993.79
46 7002.69
55 7054.57
61 7059.83
64 7075.66
65 7111.03
75 7125.81
78 7135.99
92 7148.07
100 7154.88
110 7181.61
115 7183.12
122 7193
128 7213.08
133 7217.32
140 7218.92
153 7227.9
156 7270.63
169 7291.7
178 7295.43
180 7308.18
189 7334.54
195 7369.47
240 7405
267 7454.22
277 7455.42
381 7470.05
393 7476.1
488 7488.92
496 7497.06
524 7501.96
568 7526.19
630 7526.35
712 7533.19
819 7541.08
835 7554.94
899 7563.07
903 7574.78
1053 7587.01
1104 7620.57
1200 7628.83
1225 7629.41
1313 7642.64
1325 7681.53
1432 7703
1530 7705.86
1774 7720.94
1860 7722.52
1922 7725.21
1986 7746.01
2037 7747.89
2101 7754.83
2129 7775.12
2477 7787.62
2509 7802.39
2976 7806.99
3242 7810.67
3771 7837.47
4772 7837.47
5773 7837.47
6774 7837.47
7775 7837.47
8776 7837.47
9777 7837.47
