0 6710.52
1 6753.94
2 6771.52
3 6809.22
4 6813.23
5 6822.29
6 6826.94
7 6868.77
8 6909.35
9 6991.35
10 7052.75
11 7075.62
12 7089.65
13 7092.09
14 7098.79
15 7136.6
16 7164.53
17 7168.87
18 7210.82
19 7210.83
20 7237.19
21 7324.15
22 7392.83
23 7401.42
24 7420.17
25 7459.9
26 7533.57
27 7552.64
28 7568.55
29 7612.74
30 7652.32
31 7676.67
32 7684.93
33 7696.13
34 7703.99
35 7707.21
36 7710.55
37 7726.93
38 7729.03
39 7732.31
40 7738.35
41 7756.27
42 7778.09
43 7785.21
44 7793.88
45 7804.98
46 7837.07
47 7867.16
48 7869.47
49 7885.34
50 7914.18
51 7941.11
52 7959.31
53 7959.32
54 7967.89
55 7998.15
56 8020.19
57 8044.81
58 8045.7
59 8049.01
60 8051.77
61 8073.37
62 8076.15
63 8088.45
64 8095.41
65 8096.44
66 8137.94
67 8140.12
68 8174.84
69 8221.69
70 8249.89
71 8264.43
72 8265.77
73 8268.82
74 8279.28
75 8288.01
76 8299.32
77 8301.81
78 8339.4
79 8366.57
80 8372.17
81 8383.41
82 8388.96
83 8411.83
84 8436.58
85 8463.81
86 8478.61
87 8508.06
88 8508.89
89 8510.84
90 8527.71
91 8528.54
92 8530.96
93 8537.56
94 8554.01
95 8559.85
96 8563.66
97 8577.99
98 8607.84
99 8608.29
100 8616.11
101 8629.5
102 8629.66
103 8630.08
104 8636.09
105 8639.53
106 8658.37
107 8676.25
108 8678.34
109 8684.32
110 8684.32
111 8704.3
112 8713.47
113 8727.66
114 8733.31
115 8745.39
116 8753.11
117 8760.2
118 8769.63
119 8775.46
120 8787.85
121 8787.85
122 8787.85
123 8787.85
124 8789.4
125 8789.4
126 8789.4
127 8806.23
128 8806.23
129 8806.23
130 8806.23
1000 8806.23