0 1792.73
10 1796.85
11 1804.86
13 1905.89
14 1909.2
16 1962.5
23 1988.3
26 1995.92
28 2014.71
31 2037.81
83 2045.7
114 2051.36
118 2056.2
153 2060.73
316 2078.6
321 2081.97
456 2082.81
537 2104.01
1538 2104.01
2539 2104.01
3540 2104.01
4541 2104.01
5542 2104.01
6543 2104.01
7544 2104.01
8545 2104.01
9546 2104.01
10547 2104.01
11548 2104.01
12549 2104.01
13550 2104.01
14551 2104.01
15552 2104.01
16553 2104.01
17554 2104.01
18555 2104.01
19556 2104.01
20557 2104.01
21558 2104.01
22559 2104.01
23560 2104.01
24561 2104.01
25562 2104.01
26563 2104.01
27564 2104.01
28565 2104.01
29566 2104.01
30567 2104.01
31568 2104.01
32569 2104.01
33570 2104.01
34571 2104.01
35572 2104.01
36573 2104.01
37574 2104.01
38575 2104.01
39576 2104.01
40577 2104.01
41578 2104.01
42579 2104.01
43580 2104.01
44581 2104.01
45582 2104.01
46583 2104.01
47584 2104.01
48585 2104.01
49586 2104.01
50587 2104.01
51588 2104.01
52589 2104.01
53590 2104.01
54591 2104.01
55592 2104.01
56593 2104.01
57594 2104.01
58595 2104.01
59596 2104.01
60597 2104.01
61598 2104.01
62599 2104.01
63600 2104.01
64601 2104.01
65602 2104.01
66603 2104.01
67604 2104.01
68605 2104.01
69606 2104.01
70607 2104.01
71608 2104.01
72609 2104.01
73610 2104.01
74611 2104.01
75612 2104.01
76613 2104.01
77614 2104.01
78615 2104.01
79616 2104.01
80617 2104.01
81618 2104.01
82619 2104.01
83620 2104.01
84621 2104.01
85622 2104.01
86623 2104.01
87624 2104.01
88625 2104.01
89626 2104.01
90627 2104.01
91628 2104.01
92629 2104.01
93630 2104.01
94631 2104.01
95632 2104.01
96633 2104.01
97634 2104.01
98635 2104.01
99636 2104.01
