0 1885.79 1911.53
1 1911.53 1966.91
14 1966.91 1984.94
21 1984.94 2005.47
32 2005.47 2006.03
65 2006.03 2049.63
71 2049.63 2059.23
80 2059.23 2085.16
185 2085.16 2094.41
249 2094.41 2099.75
370 2099.75 2099.75
1371 1825.46 1848.14
1375 1848.14 1901.54
1376 1901.54 1942.05
1377 1942.05 1977.48
1379 1977.48 2072.77
1388 2072.77 2125.41
1404 2125.41 2141.09
1407 2141.09 2145.67
1462 2145.67 2161.46
1479 2161.46 2167.78
1524 2167.78 2173.35
1644 2173.35 2182.63
1696 2182.63 2185.04
1728 2185.04 2185.04
2729 1738.31 1817.65
2730 1817.65 1840.12
2731 1840.12 1921.42
2733 1921.42 1929.42
2735 1929.42 1962.31
2743 1962.31 1968.55
2744 1968.55 1986.27
2746 1986.27 1997.48
2759 1997.48 2003.75
2775 2003.75 2007.96
2776 2007.96 2053.91
2782 2053.91 2076.71
2787 2076.71 2101.71
2818 2101.71 2111.52
2821 2111.52 2137.04
2843 2137.04 2138.38
2859 2138.38 2146.69
2904 2146.69 2154.12
3210 2154.12 2154.12
4211 1866.46 1878.03
4214 1878.03 1896.05
4219 1896.05 1903.68
4221 1903.68 1905.16
4227 1905.16 1926.13
4245 1926.13 1939.83
4257 1939.83 1984.35
4259 1984.35 2019.14
4260 2019.14 2032.13
4316 2032.13 2061.94
4342 2061.94 2069.82
4349 2069.82 2086.63
4478 2086.63 2095.9
4664 2095.9 2097.23
4735 2097.23 2097.23
5736 1774.57 1777.84
5738 1777.84 1800.58
5744 1800.58 1827.14
5746 1827.14 1878.37
5749 1878.37 1888.71
5799 1888.71 1906.86
5817 1906.86 1928.33
5822 1928.33 1944.77
5833 1944.77 1959.09
5836 1959.09 1962.15
5840 1962.15 1969.25
5937 1969.25 1979.2
6047 1979.2 1991.15
6067 1991.15 1998.16
6073 1998.16 2009.58
6159 2009.58 2026.21
6161 2026.21 2026.21
7162 1706.04 1800.64
7163 1800.64 1862.28
7164 1862.28 1882.27
7187 1882.27 1891.95
7193 1891.95 1892.76
7204 1892.76 1904.45
7217 1904.45 1923.42
7227 1923.42 1937.51
7235 1937.51 1946.94
7245 1946.94 1955.23
7248 1955.23 1955.82
7443 1955.82 1960.1
7590 1960.1 1965.46
7656 1965.46 1972.14
7780 1972.14 1975.57
7941 1975.57 1986.46
7952 1986.46 1986.46
8953 1813.99 1867.49
8954 1867.49 1886.39
8964 1886.39 1914.85
8967 1914.85 1926.74
8969 1926.74 2022.29
8976 2022.29 2029.95
8988 2029.95 2048.97
9002 2048.97 2058.31
9010 2058.31 2058.31
