0 1784.4
11 1858.12
22 1905.69
33 1857.83
44 1902.26
55 1906.49
66 1911.75
77 1915.4
88 1909.02
99 1901.05
110 1885.45
121 1913.62
132 1903.26
143 1910.54
154 1932.75
165 1948.87
176 1915.49
187 1930.61
198 1896.24
209 1934.45
220 1937.19
231 1951.61
242 1952.71
253 1915.33
264 1935.95
275 1897.87
286 1934.39
297 1931.7
308 1924.73
319 1916.89
330 1970.46
341 1940.05
352 1917.02
363 1923.93
374 1938.44
385 1950.04
396 1946.46
407 1939.78
418 1949.37
429 1953.05
440 1895.08
451 1928.64
462 1946.35
473 1947.24
484 1968.79
495 2000.4
506 1933.18
517 1956.92
528 1982.33
539 1930.5
550 1961.11
561 1991.34
572 1955.22
583 1947.48
594 1942.73
605 1935.02
616 1946.82
627 1953.27
638 1962.71
649 1972.97
660 1932.67
671 1920.07
682 1993.56
693 1958.28
704 1956.11
715 1976.19
726 1929.71
737 1951.62
748 1932.15
759 2004.23
770 1921.44
781 1995.88
792 1921.62
803 1945.69
814 1972.22
825 1955.65
836 1949.81
847 1929.36
858 1921.59
869 1912.17
880 1945.16
891 1984.15
902 1996.62
913 1948.72
924 1954.92
935 1936.27
946 1966.01
957 1949.04
968 1991.41
979 1972.35
990 1970.46
1001 2024.25
1012 1934.7
1023 1975.02
1034 1958.97
1045 1947.96
1056 1954.9
1067 1912.82
1078 1964.15
1089 1981.61
1100 1953.72
1111 1932.32
1122 1950.52
1133 1987.96
1144 2007.81
1155 1933.25
1166 1944.57
1177 1928.42
1188 1992.8
1199 1967.47
1210 1911.46
1221 1924.22
1232 1943.48
1243 1982.69
1254 1946.29
1265 1918
1276 1956.66
1287 1939.37
1298 1923.66
1309 1981.89
1320 1971.6
1331 1897.12
1342 1924.94
1353 1993.44
1364 1970.32
1375 1954.31
1386 1963.58
1397 1926.67
1408 1937.16
1419 1997.75
1430 1983.31
1441 1990.07
1452 1922.11
1463 1986.13
1474 1988.18
1485 1906
1496 1949.3
1507 1966.09
1518 1919.71
1529 1938.56
1540 1925.01
1551 1914.61
1562 2005.94
1573 1934.91
1584 1991.3
1595 1982.09
1606 1976.29
1617 1992.48
1628 1944.84
1639 1953.75
1650 1984.4
1661 1967.57
1672 1964.22
1683 1932.4
1694 1964.6
1705 1970.1
1716 1930.48
1727 1972.71
1738 1971.99
1749 1960.31
1760 1955.62
1771 1971.79
1782 1942.55
1793 1956.66
1804 1990.79
1815 1954.64
1826 1941.64
1837 1980.3
1848 1942.66
1859 1938.16
1870 1964.5
1881 1971.53
1892 1945.56
1903 1923.93
1914 1986.02
1925 1936.54
1936 1956.05
1947 1969.3
1958 1962.57
1969 1977.87
1980 1978.68
1991 1947.75
2002 1978.76
2013 1973.57
2024 1936
2035 1963.4
2046 1930.32
2057 1987.33
2068 1963.71
2079 1974.23
2090 1955.13
2101 1973.47
2112 1989.2
2123 1960.77
2134 1927.73
2145 1986.54
2156 1940.24
2167 1975.29
2178 1987.41
2189 1938.34
2200 2020.1
2211 1970.91
2222 1982.38
2233 1943.82
2244 1953.54
2255 1995.92
2266 1915.06
2277 1972.79
2288 1970.68
2299 1951.03
2310 1946.38
2321 1940.13
2332 1955.22
2343 1953.54
2354 1955.57
2365 1971.65
2376 1963.23
2387 1956.64
2398 1990.44
2409 1942.55
2420 1944.64
2431 1959.31
2442 1970.81
2453 1976.87
2464 1973.53
2475 1948.1
2486 1965.85
2497 1960.61
2508 1991.16
2519 2002.27
2530 1985.83
2541 1938.13
2552 1971.51
2563 1947.3
2574 1952.56
2585 1957.03
2596 1946.06
2607 1916.4
2618 1931.57
2629 1963.64
2640 1948.65
2651 1901.35
2662 1984.05
2673 1955.55
2684 1942.7
2695 1986.35
2706 2001.78
2717 1943.63
2728 1979.72
2739 1944.41
2750 1969.23
2761 1967.79
2772 1972.86
2783 1966.47
2794 2013.68
2805 1992
2816 1971.65
2827 1952.15
2838 1959.6
2849 1960.28
2860 1986.74
2871 1986.31
2882 1980.75
2893 1991.16
2904 1981.24
2915 2006.74
2926 1973.79
2937 2043.49
2948 1982.29
2959 1949.17
2970 1936.84
2981 1964.88
2992 2013.01
3003 1927.37
3014 1933.03
3025 1948.09
3036 1978.87
3047 1924.43
3058 1938.53
3069 1979.09
3080 1965.65
3091 1947.38
3102 1976.22
3113 1925.01
3124 1975.47
3135 2014.48
3146 1954.03
3157 1974.59
3168 1939.98
3179 1971.53
3190 1990.44
3201 1992.57
3212 1985.32
3223 1910.52
3234 1986.68
3245 1962.62
3256 1965.62
3267 1953.75
3278 1992.6
3289 2033.68
3300 1987.91
3311 1977.72
3322 1966.11
3333 1996.94
3344 2004.34
3355 1970.79
3366 1991.34
3377 1993.15
3388 1986.29
3399 1916.2
3410 2007.52
3421 1987.23
3432 2009.11
3443 1973.36
3454 1983.94
3465 1963.22
3476 1970.96
3487 1966.09
3498 1943.48
3509 1973
3520 1979.86
3531 1993.54
3542 1945.23
3553 1950.34
3564 1959.28
3575 2008.78
3586 2034.82
3597 2010.45
3608 1985.33
3619 1996.84
3630 2005.97
3641 1960.83
3652 1982.89
3663 1982.19
3674 2002.26
3685 1979.5
3696 2019.37
3707 1980.13
3718 1938.9
3729 1984.86
3740 1981.33
3751 1963.95
3762 2004.14
3773 1963.49
3784 1973.05
3795 1996.53
3806 1968.48
3817 2018.48
3828 1978.8
3839 2015.97
3850 1964.44
3861 1963.24
3872 1982.58
3883 1999.98
3894 1971.28
3905 1947.13
3916 1986.03
3927 1963.15
3938 1984.89
3949 1991.11
3960 1968.37
3971 1979.35
3982 2006.14
3993 2007.55
4004 1986.08
4015 1952.21
4026 1953.24
4037 1970.13
4048 2001.23
4059 1957.58
4070 2038.38
4081 2026.36
4092 2015.94
4103 1949.07
4114 2000.73
4125 2038.92
4136 2019.91
4147 1989.32
4158 1968.44
4169 1974.78
4180 1977.93
4191 1982.82
4202 1947.19
4213 2001.52
4224 1961.7
4235 1992.36
4246 1989.38
4257 1962
4268 1977.11
4279 1972.87
4290 1935.54
4301 1982.32
4312 2004.4
4323 1986.16
4334 1946.63
4345 2032.1
4356 2005.58
4367 2017.91
4378 1986.78
4389 2001.16
4400 1990.85
4411 1979.83
4422 1997.59
4433 1958.44
4444 2008.47
4455 1942.03
4466 1968.69
4477 1985.21
4488 1994.18
4499 1987.57
4510 1970.18
4521 1928.21
4532 2001.14
4543 2016.8
4554 1990.24
4565 1952.28
4576 2004.03
4587 2013.15
4598 1957.57
4609 1944.58
4620 1982.22
4631 2002.56
4642 1989.52
4653 2007.12
4664 1980.37
4675 1953.79
4686 1978.45
4697 2003.77
4708 1952.14
4719 2040.55
4730 1987.39
4741 2004.71
4752 2001.08
4763 1985.98
4774 1972.77
4785 1977.97
4796 1990.75
4807 1975.31
4818 1983.89
4829 2022.88
4840 1987.16
4851 1977.8
4862 1988.3
4873 2016.42
4884 2004.89
4895 1983.62
4906 1962
4917 2001.37
4928 2010.01
4939 1948.22
4950 1956.47
4961 2009.37
4972 1986.96
4983 1977.2
4994 1994.8
5005 1990.24
5016 1983.6
5027 1990.22
5038 1984.86
5049 1991.63
5060 1988.06
5071 2005.28
5082 2014.92
5093 2027.66
5104 2021.09
5115 1982.73
5126 2012.36
5137 1980.72
5148 1941.99
5159 1988.66
5170 1971.01
5181 1978.15
5192 1971
5203 2005.21
5214 1998.51
5225 1989.69
5236 1971.62
5247 1991.92
5258 1983.98
5269 1963.86
5280 2000.37
5291 1970.08
5302 2012.75
5313 1975.51
5324 1993.95
5335 1972.11
5346 1958.61
5357 1970.04
5368 1983.81
5379 1917.34
5390 1939.04
5401 1983.92
5412 1946.37
5423 1976.86
5434 1964.98
5445 1973.85
5456 2006.75
5467 1936.02
5478 1987.87
5489 1955.05
5500 1963.35
5511 1923.62
5522 1970.37
5533 1959.85
5544 1979.54
5555 2003.57
5566 1975.76
5577 1964.21
5588 2027.72
5599 1997.8
5610 1988.69
5621 1968.88
5632 2037.53
5643 1939.3
5654 2028.46
5665 1905.9
5676 2042.75
5687 1919.83
5698 1998.83
5709 1997.78
5720 1966.7
5731 1952.76
5742 1985.19
5753 1986.22
5764 2001.36
5775 1990.61
5786 1970.09
5797 2011.89
5808 1966.94
5819 1969.05
5830 1984.2
5841 1991.11
5852 2040.08
5863 1975.95
5874 1951.78
5885 1942.78
5896 1949.59
5907 1926.81
5918 2004.65
5929 1939.7
5940 1954.85
5951 1979.84
5962 2022.38
5973 1988.85
5984 1968.48
5995 1961.3
6006 1932.26
6017 2007.26
6028 1967.42
6039 1969.79
6050 1990.58
6061 1993.63
6072 1951.75
6083 1963.97
6094 1962.47
6105 1960.78
6116 1993.39
6127 2026.22
6138 1975.26
6149 2017.07
6160 1997.41
6171 1976.15
6182 1989.98
6193 1989.38
6204 1961.44
6215 2038.9
6226 1938.11
6237 2024
6248 1967.02
6259 1987.63
6270 1967.79
6281 1974.43
6292 2042.34
6303 2020.92
6314 1950.44
6325 1968.91
6336 1962.41
6347 1997.41
6358 1970.59
6369 1981.72
6380 1937.81
6391 2016.1
6402 1996.46
6413 1971.33
6424 1986.18
6435 2012.38
6446 1995.42
6457 1992.15
6468 1998.83
6479 2007.44
6490 1974.15
6501 1975.62
6512 1967.43
6523 1987.92
6534 1969.42
6545 2000.69
6556 1954.13
6567 1984.14
6578 1984.01
6589 1957.46
6600 1947.39
6611 1969.52
6622 1997.96
6633 1996.06
6644 1964.39
6655 2003.16
6666 1993.89
6677 2010.41
6688 1950.2
6699 1957.27
6710 1964.82
6721 1997.1
6732 1959.9
6743 1979.19
6754 1983.72
6765 2008.69
6776 1988.61
6787 1993.13
6798 1984.36
6809 1955.22
6820 1982.97
6831 1951.57
6842 1967.84
6853 1948.21
6864 1997.37
6875 1938.99
6886 1968.21
6897 1991.92
6908 1985.28
6919 1989.02
6930 1956.24
6941 1986.24
6952 1995.24
6963 1952.58
6974 2021.95
6985 1989.1
6996 1982.24
7007 2023.22
7018 1966.55
7029 2003.65
7040 1948.3
7051 1999.95
7062 1963.6
7073 1964.02
7084 1939.84
7095 1991.64
7106 1975.77
7117 1957.49
7128 1985.69
7139 2012.11
7150 2015.7
7161 1993.62
7172 1968.19
7183 2013.78
7194 2003.67
7205 1988.03
7216 2001.32
7227 2003.87
7238 1963.62
7249 1966.05
7260 1987.79
7271 1969.52
7282 1944.53
7293 1995.81
7304 2000.77
7315 1993.31
7326 2011.87
7337 1976.17
7348 1984.28
7359 1938.28
7370 1954.81
7381 1957.4
7392 1953.46
7403 1985.45
7414 1991.14
7425 1984.28
7436 1990.67
7447 2005.04
7458 1968.54
7469 1989.52
7480 1984
7491 2013.78
7502 1984.38
7513 1957.99
7524 2025.03
7535 1970.62
7546 2023.37
7557 1943.15
7568 1982.32
7579 1979.05
7590 1997.21
7601 1956.44
7612 1989.6
7623 1975.02
7634 1986.61
7645 1976.56
7656 1984.4
7667 1983.45
7678 1964.92
7689 1976.15
7700 1982.25
7711 1973.01
7722 2003.53
7733 2004.68
7744 2028.32
7755 1983.52
7766 1972.87
7777 1976.32
7788 2017.98
7799 1985.58
7810 2007.42
7821 2033.74
7832 1968.88
7843 1992.26
7854 1955.96
7865 1951.51
7876 1965.32
7887 1946.61
7898 1977.53
7909 1954.69
7920 1968.03
7931 1970.54
7942 1976.06
7953 1959.29
7964 1956.43
7975 1978.33
7986 1988.29
7997 1929.85
8008 1980.5
8019 1949.06
8030 1950.61
8041 1990.64
8052 1972.75
8063 1954.2
8074 2002.04
8085 1974.8
8096 1957.85
8107 1982.32
8118 1966.33
8129 1931.75
8140 1959.62
8151 1961.64
8162 1970.67
8173 1957.2
8184 1936.67
8195 1970.88
8206 2027.31
8217 1970.36
8228 1962.42
8239 1942.77
8250 1981.03
8261 1967.91
8272 1993.44
8283 1996.33
8294 1938.39
8305 1981.53
8316 1972.72
8327 1937.03
8338 2008.09
8349 1970.55
8360 1953.36
8371 1951.2
8382 1974.69
8393 2029.14
8404 1966.26
8415 1978.41
8426 1937.06
8437 1963.21
8448 1980.35
8459 1957.55
8470 2004.49
8481 1946.32
8492 1972.28
8503 1938.78
8514 1956.34
8525 2009.36
8536 1974.54
8547 1978.77
8558 2027.14
8569 1961.62
8580 1961.48
8591 1972.85
8602 1966.69
8613 2006.51
8624 2030.11
8635 1972.95
8646 1989.19
8657 1990.32
8668 1997.72
8679 2034.97
8690 1961.73
8701 1950.56
8712 1983.59
8723 1996.42
8734 1991.2
8745 1984.54
8756 1980.42
8767 1973.43
8778 1985.6
8789 1959.8
8800 1995.48
8811 1957.32
8822 1970.32
8833 1988.79
8844 1965.07
8855 2007.88
8866 1990.72
8877 1963.72
8888 1990.21
8899 2023.19
8910 2027.68
8921 1978.24
8932 1981.84
8943 1953.65
8954 2027.75
8965 2010.51
8976 1970.47
8987 1981.99
8998 1986.93
9009 2022.88
9020 2008.55
9031 1976.52
9042 1989.55
9053 2003.65
9064 1930.59
9075 1983.06
9086 1991.11
9097 1984.58
9108 2005.11
9119 1994.97
9130 1988.11
9141 2004.41
9152 2017.48
9163 1952.33
9174 2004.16
9185 2002.06
9196 2003.85
9207 1997.71
9218 1973.24
9229 1966.74
9240 1978.17
9251 2022.71
9262 1986.84
9273 1977.01
9284 1978.3
9295 1969.09
9306 1972.04
9317 1960.69
9328 1956.83
9339 1965.38
9350 1976.11
9361 1936.17
9372 2015.63
9383 2014.61
9394 1974.16
9405 2019.61
9416 1954.96
9427 1971.31
9438 1952.1
9449 1987.69
9460 2009.3
9471 1963.32
9482 1978.75
9493 1986.99
9504 1955.53
9515 2016.47
9526 1969.75
9537 2032.78
9548 1997.11
9559 1987.66
9570 1937.33
9581 1985.42
9592 1982.64
9603 1975.83
9614 1997.83
9625 1963.37
9636 1985.27
9647 2007.92
9658 1967.04
9669 2013.77
9680 2009.65
9691 1955.1
9702 1949.4
9713 2010.43
9724 1976.08
9735 1993.68
9746 1977.67
9757 2008.65
9768 2022.12
9779 1982.91
9790 1988.93
9801 2007.63
9812 2026.7
9823 2000.34
9834 2000.17
9845 1992.28
9856 1988.98
9867 1997.26
9878 1968.97
9889 1997.05
9900 1985.88
9911 1977.99
9922 1969.2
9933 1971.18
9944 1978.38
9955 1971.63
9966 1973.96
9977 1978.22
9988 1966.24
9999 1994.9
