0 3225.1
11 3441.77
22 3432.04
33 3504.93
44 3510.07
55 3396.48
66 3497.52
77 3569.44
88 3492.05
99 3485.78
110 3535.07
121 3478.55
132 3595.12
143 3636.87
154 3511.63
165 3610.32
176 3573.21
187 3621.17
198 3616.13
209 3591.37
220 3600.85
231 3571.5
242 3568.86
253 3593.35
264 3677.88
275 3604.46
286 3635.41
297 3616.12
308 3554.58
319 3587.06
330 3546.1
341 3587.83
352 3676.79
363 3620.52
374 3556.1
385 3585.48
396 3572.12
407 3609.06
418 3589.39
429 3507.64
440 3652.01
451 3610.02
462 3565.87
473 3601.6
484 3547.46
495 3605.7
506 3671.62
517 3571.45
528 3569.56
539 3663.5
550 3606.22
561 3573.73
572 3736.39
583 3618.56
594 3717.2
605 3636.3
616 3680.39
627 3578.91
638 3647.83
649 3683.56
660 3628.34
671 3711.59
682 3565.5
693 3638.66
704 3673.91
715 3588.61
726 3507.82
737 3664.41
748 3644.08
759 3693.67
770 3634.31
781 3664.97
792 3653.96
803 3677.66
814 3691.7
825 3652.9
836 3715.33
847 3629.86
858 3635.35
869 3627.11
880 3727.68
891 3694.11
902 3618.71
913 3638.2
924 3661.52
935 3627.88
946 3673.38
957 3660.78
968 3630.16
979 3646.51
990 3636.9
1001 3696.49
1012 3638.21
1023 3680.9
1034 3657.58
1045 3662.98
1056 3698.84
1067 3655.61
1078 3646.68
1089 3670.59
1100 3666
1111 3687.23
1122 3643.02
1133 3689.88
1144 3696.49
1155 3653.6
1166 3591.42
1177 3637.19
1188 3670.94
1199 3667.28
1210 3678.66
1221 3715.39
1232 3629.87
1243 3604.13
1254 3721.15
1265 3718.64
1276 3656.53
1287 3672.54
1298 3652.01
1309 3680.79
1320 3678.19
1331 3685.49
1342 3701.48
1353 3650.9
1364 3681.1
1375 3675.04
1386 3643.86
1397 3623.06
1408 3639.75
1419 3681.16
1430 3673.66
1441 3699.9
1452 3718.34
1463 3683.05
1474 3658.56
1485 3706.13
1496 3709.12
1507 3684.19
1518 3712.51
1529 3730.66
1540 3772.16
1551 3762.25
1562 3695.72
1573 3686.99
1584 3702.38
1595 3718.91
1606 3685.63
1617 3679.07
1628 3717.58
1639 3699.79
1650 3727.08
1661 3692.36
1672 3702.92
1683 3710.12
1694 3699.65
1705 3740.55
1716 3668.95
1727 3620.09
1738 3630.14
1749 3704.87
1760 3646.38
1771 3763.91
1782 3773.86
1793 3714.3
1804 3692.18
1815 3714.5
1826 3658.34
1837 3710.99
1848 3701.2
1859 3631.76
1870 3685.58
1881 3659.84
1892 3679.12
1903 3636.66
1914 3693.44
1925 3647.52
1936 3678.36
1947 3671.52
1958 3686.51
1969 3660.15
1980 3716.83
1991 3656.82
2002 3646.71
2013 3704.19
2024 3734.64
2035 3672.68
2046 3665.81
2057 3672.76
2068 3664.9
2079 3683.89
2090 3659.4
2101 3712.17
2112 3714.6
2123 3701.45
2134 3638.32
2145 3649.91
2156 3592.49
2167 3664.46
2178 3673.65
2189 3669.49
2200 3695.47
2211 3638.55
2222 3746.02
2233 3721.96
2244 3679.34
2255 3687.93
2266 3689.63
2277 3664.29
2288 3694.34
2299 3706.93
2310 3636.85
2321 3703.59
2332 3677.47
2343 3704.66
2354 3689.29
2365 3673
2376 3645.96
2387 3744.06
2398 3671.19
2409 3737.75
2420 3684.95
2431 3692.87
2442 3740.83
2453 3645.56
2464 3661.71
2475 3674.77
2486 3643.41
2497 3701.16
2508 3697.55
2519 3729.86
2530 3716.82
2541 3758.83
2552 3605.98
2563 3761.33
2574 3683.22
2585 3699.87
2596 3705.68
2607 3719.37
2618 3709.6
2629 3744.35
2640 3611.51
2651 3719.47
2662 3624.95
2673 3643.56
2684 3718.07
2695 3709.48
2706 3709.59
2717 3619.36
2728 3697.33
2739 3691.6
2750 3726.92
2761 3726.77
2772 3705.92
2783 3701.7
2794 3698.33
2805 3718.59
2816 3666.65
2827 3717.8
2838 3714.5
2849 3702.3
2860 3668.03
2871 3680.78
2882 3756.06
2893 3661.09
2904 3693.99
2915 3711.49
2926 3695.3
2937 3698.52
2948 3665.86
2959 3707.91
2970 3682.42
2981 3664.47
2992 3699.56
3003 3738.78
3014 3735.57
3025 3754.35
3036 3711.41
3047 3641.87
3058 3704.13
3069 3639.55
3080 3626.58
3091 3740.27
3102 3682.47
3113 3672.09
3124 3626.68
3135 3684.26
3146 3735.53
3157 3716.81
3168 3695.35
3179 3691.99
3190 3665.19
3201 3620.07
3212 3699.12
3223 3683.54
3234 3655.3
3245 3745.32
3256 3645.83
3267 3685.89
3278 3710.7
3289 3662.57
3300 3701.81
3311 3746.11
3322 3724.93
3333 3641.85
3344 3712.29
3355 3690.8
3366 3654.13
3377 3694.22
3388 3686.47
3399 3741.17
3410 3670.58
3421 3678.41
3432 3715.78
3443 3720.79
3454 3654.36
3465 3677.16
3476 3719.22
3487 3694.63
3498 3710.62
3509 3721.95
3520 3753.7
3531 3682.47
3542 3715.15
3553 3674.15
3564 3686.24
3575 3739.89
3586 3714.34
3597 3666.73
3608 3709.22
3619 3627.4
3630 3659.86
3641 3694.59
3652 3740.21
3663 3698.55
3674 3747.27
3685 3740.36
3696 3755.92
3707 3679.47
3718 3684.45
3729 3729.72
3740 3635.16
3751 3711.41
3762 3681.72
3773 3711.52
3784 3684.04
3795 3678.26
3806 3696.84
3817 3732.19
3828 3726.02
3839 3676.4
3850 3679.73
3861 3644.58
3872 3693.8
3883 3735.43
3894 3703.43
3905 3710.35
3916 3725.27
3927 3752.21
3938 3723.61
3949 3716.11
3960 3736.36
3971 3693.21
3982 3724.22
3993 3781.46
4004 3670.58
4015 3675.38
4026 3667.62
4037 3726.21
4048 3671.88
4059 3740.37
4070 3742.35
4081 3759.32
4092 3784.06
4103 3692.9
4114 3745.04
4125 3720.26
4136 3680.57
4147 3726.9
4158 3732.38
4169 3719.38
4180 3690.08
4191 3693
4202 3720.77
4213 3700.15
4224 3694.78
4235 3671.47
4246 3682.92
4257 3684.17
4268 3688.43
4279 3743.45
4290 3690.13
4301 3699.82
4312 3686.23
4323 3699.52
4334 3644.83
4345 3693.28
4356 3732.28
4367 3724.44
4378 3665.1
4389 3690.05
4400 3755.36
4411 3710.07
4422 3653.05
4433 3692.57
4444 3721.21
4455 3737.59
4466 3691.18
4477 3709.86
4488 3712.26
4499 3710.41
4510 3683.21
4521 3707.5
4532 3698.94
4543 3629.39
4554 3687.54
4565 3707.52
4576 3696
4587 3666.14
4598 3726.14
4609 3737.56
4620 3703.51
4631 3719.61
4642 3716.09
4653 3698.52
4664 3704.21
4675 3687.84
4686 3687.86
4697 3645.81
4708 3703.94
4719 3695.6
4730 3681.22
4741 3704.31
4752 3692.59
4763 3719.14
4774 3718.02
4785 3700.08
4796 3691.58
4807 3691.28
4818 3674.25
4829 3679.67
4840 3703.61
4851 3645.71
4862 3718.52
4873 3710.79
4884 3685.79
4895 3657.13
4906 3755.93
4917 3746.77
4928 3707.01
4939 3635.96
4950 3758.31
4961 3729.12
4972 3757.79
4983 3719.18
4994 3692.55
5005 3698.45
5016 3702.47
5027 3704.33
5038 3739.53
5049 3692.1
5060 3684.89
5071 3683.06
5082 3639.51
5093 3693.84
5104 3729.24
5115 3744.33
5126 3705.22
5137 3696.76
5148 3661.08
5159 3649.91
5170 3738.66
5181 3683.89
5192 3668.8
5203 3697.67
5214 3655.64
5225 3678.52
5236 3754.65
5247 3735.46
5258 3705.38
5269 3664.84
5280 3690.6
5291 3700.37
5302 3675.66
5313 3698.06
5324 3732.48
5335 3685.77
5346 3696.22
5357 3765.48
5368 3599.68
5379 3654.29
5390 3761.96
5401 3800.45
5412 3742.26
5423 3724.54
5434 3722.09
5445 3683.02
5456 3751.93
5467 3636.32
5478 3660.17
5489 3713.29
5500 3642.54
5511 3689.85
5522 3716.26
5533 3670.77
5544 3687.16
5555 3689.55
5566 3748.35
5577 3711.48
5588 3713.6
5599 3691.86
5610 3699.38
5621 3687.25
5632 3719.95
5643 3698.55
5654 3735.44
5665 3705.59
5676 3756.27
5687 3702.04
5698 3708.67
5709 3696.53
5720 3689.35
5731 3729.14
5742 3691.47
5753 3655.55
5764 3758.63
5775 3721.18
5786 3690.8
5797 3716.44
5808 3751.59
5819 3753.86
5830 3716.98
5841 3666.77
5852 3709.35
5863 3693.04
5874 3698.89
5885 3697.52
5896 3766.33
5907 3657.63
5918 3734.98
5929 3776.23
5940 3697.08
5951 3731.08
5962 3671.59
5973 3731.66
5984 3672.98
5995 3694.95
6006 3684.34
6017 3652.62
6028 3724.21
6039 3733.08
6050 3641.12
6061 3683
6072 3694.87
6083 3661.17
6094 3677.85
6105 3669.5
6116 3659.42
6127 3704.36
6138 3703.21
6149 3771.17
6160 3655.76
6171 3731.08
6182 3787.29
6193 3734.34
6204 3736.61
6215 3724.22
6226 3646.35
6237 3716.76
6248 3749.38
6259 3688.01
6270 3676.08
6281 3744.2
6292 3711.46
6303 3759.23
6314 3750.75
6325 3701.05
6336 3690.93
6347 3697.23
6358 3666.78
6369 3701.22
6380 3680.62
6391 3692.84
6402 3742.32
6413 3720.07
6424 3697.89
6435 3735.77
6446 3658.87
6457 3708.23
6468 3697.71
6479 3725.12
6490 3735.91
6501 3740.75
6512 3663.85
6523 3661.56
6534 3686.12
6545 3734.55
6556 3707.11
6567 3718.29
6578 3648.92
6589 3682.68
6600 3644.89
6611 3710.49
6622 3664.04
6633 3659.84
6644 3733.18
6655 3722.11
6666 3693.93
6677 3656.46
6688 3765.36
6699 3669.96
6710 3688.64
6721 3714.28
6732 3698.97
6743 3720.1
6754 3674.69
6765 3760.45
6776 3697.81
6787 3666.36
6798 3746.67
6809 3691.52
6820 3649.77
6831 3704.93
6842 3717.47
6853 3752.79
6864 3720.26
6875 3622.93
6886 3657.4
6897 3674.29
6908 3695.78
6919 3612.74
6930 3706.47
6941 3689.95
6952 3676.04
6963 3673.97
6974 3664.15
6985 3710.71
6996 3712.35
7007 3736.87
7018 3748.33
7029 3656.96
7040 3687.46
7051 3712.57
7062 3630.68
7073 3710.91
7084 3714.1
7095 3703.31
7106 3714.69
7117 3738.52
7128 3713.72
7139 3646.61
7150 3651.73
7161 3809.39
7172 3675.83
7183 3725.1
7194 3702.29
7205 3708.03
7216 3716.51
7227 3736.96
7238 3719.1
7249 3702.35
7260 3731.24
7271 3638.24
7282 3677.59
7293 3745.87
7304 3714.89
7315 3697.6
7326 3650.38
7337 3647.2
7348 3677.38
7359 3722.13
7370 3649.21
7381 3706.28
7392 3690.89
7403 3695.3
7414 3733.21
7425 3696.77
7436 3710.77
7447 3622.75
7458 3702.89
7469 3743.02
7480 3729.03
7491 3707.54
7502 3768.21
7513 3752.83
7524 3696.12
7535 3693.11
7546 3677.23
7557 3719.54
7568 3703.62
7579 3710.82
7590 3713.36
7601 3664.99
7612 3649.92
7623 3716.38
7634 3689.91
7645 3744.61
7656 3667.9
7667 3729.94
7678 3712.85
7689 3726.02
7700 3675.88
7711 3705.38
7722 3726.53
7733 3734.81
7744 3715.91
7755 3661.47
7766 3672.06
7777 3760.22
7788 3704.43
7799 3648.44
7810 3644.97
7821 3728.49
7832 3670.3
7843 3692.07
7854 3656.11
7865 3749.42
7876 3660.53
7887 3683.21
7898 3699.36
7909 3698.17
7920 3690.15
7931 3645.54
7942 3767.43
7953 3746.18
7964 3702.35
7975 3716.42
7986 3702.99
7997 3746.42
8008 3735.57
8019 3677.44
8030 3640.71
8041 3639.4
8052 3621.23
8063 3685.02
8074 3709.12
8085 3723.99
8096 3707.22
8107 3661.78
8118 3687.89
8129 3746.91
8140 3742.88
8151 3622.09
8162 3671.59
8173 3719.33
8184 3694.88
8195 3697.73
8206 3652.7
8217 3751.63
8228 3717.04
8239 3671.38
8250 3632.39
8261 3703.96
8272 3721.57
8283 3703.86
8294 3666.35
8305 3673.14
8316 3687.48
8327 3735.14
8338 3651.73
8349 3704.48
8360 3619.82
8371 3696.04
8382 3683.51
8393 3688.35
8404 3660.77
8415 3710.88
8426 3638.3
8437 3685.29
8448 3663.33
8459 3710.46
8470 3725.78
8481 3596.68
8492 3661.06
8503 3659.26
8514 3641.53
8525 3719.31
8536 3710.83
8547 3717.69
8558 3728.28
8569 3645.27
8580 3678.48
8591 3670.4
8602 3676.49
8613 3679.39
8624 3656.05
8635 3651.16
8646 3699.68
8657 3727.93
8668 3751.26
8679 3721.13
8690 3700.41
8701 3661.09
8712 3640.68
8723 3665.66
8734 3654.85
8745 3748.81
8756 3701.55
8767 3668.46
8778 3638.59
8789 3719.22
8800 3711.72
8811 3705.97
8822 3705.71
8833 3684.46
8844 3689.91
8855 3744.26
8866 3705.51
8877 3692.72
8888 3709.32
8899 3720.54
8910 3688.16
8921 3674.74
8932 3664.09
8943 3750.49
8954 3620.93
8965 3766.42
8976 3729.94
8987 3679.34
8998 3733.17
9009 3730.05
9020 3617.62
9031 3719.95
9042 3697.99
9053 3663.86
9064 3679.21
9075 3675.13
9086 3767.82
9097 3722.42
9108 3666.01
9119 3619.8
9130 3670.99
9141 3653.31
9152 3748.81
9163 3675.27
9174 3706.41
9185 3697.24
9196 3710.18
9207 3749.47
9218 3712.61
9229 3698.66
9240 3634.79
9251 3702.86
9262 3722.88
9273 3675.28
9284 3612.24
9295 3671.75
9306 3697.56
9317 3762.73
9328 3636.78
9339 3690.07
9350 3662.75
9361 3690.12
9372 3686.43
9383 3616.5
9394 3721.97
9405 3620.27
9416 3710.85
9427 3805.48
9438 3805.36
9449 3728.22
9460 3724.65
9471 3737.92
9482 3730.1
9493 3696.83
9504 3688.92
9515 3694
9526 3697.07
9537 3695.32
9548 3645.42
9559 3647.04
9570 3742.71
9581 3687.3
9592 3708.59
9603 3693.92
9614 3655.49
9625 3673
9636 3663.56
9647 3695.22
9658 3699.77
9669 3771.47
9680 3718.14
9691 3690.58
9702 3708.06
9713 3702.81
9724 3754.3
9735 3687.03
9746 3738.58
9757 3731.18
9768 3703.47
9779 3716.66
9790 3685.15
9801 3700.66
9812 3715.67
9823 3706.77
9834 3681.63
9845 3754.75
9856 3735.31
9867 3718.36
9878 3740.52
9889 3705.94
9900 3694.44
9911 3665.83
9922 3720.61
9933 3642.68
9944 3793.01
9955 3731.81
9966 3689.73
9977 3743.26
9988 3756.54
9999 3729.34
