0 6603.41
11 6765.36
22 6875.33
33 6957.04
44 7013.19
55 6950.96
66 6977.37
77 6964.57
88 7008.41
99 7089.47
110 6998.72
121 6991.24
132 7071.27
143 7055.46
154 7117.11
165 7044.2
176 7229.66
187 7113.12
198 7153.98
209 7102.32
220 7275.56
231 7112.45
242 7112.56
253 7197.34
264 7063.21
275 7204.64
286 7175.75
297 7097.93
308 7229.59
319 7151.71
330 7196.4
341 7119.91
352 7170.53
363 7158.08
374 7035.27
385 7152.25
396 7305.56
407 7265.55
418 7339.84
429 7324.46
440 7253.46
451 7173.03
462 7253.88
473 7207.91
484 7298.64
495 7090.4
506 7195.23
517 7214.74
528 7245.72
539 7110.81
550 7259.18
561 7233.88
572 7233.62
583 7100.11
594 7228.96
605 7265.55
616 7209.91
627 7159.44
638 7155.66
649 7217.36
660 7281.89
671 7244.78
682 7223.33
693 7216.3
704 7244.44
715 7214.76
726 7167.71
737 7187.98
748 7144.12
759 7239.09
770 7278.25
781 7268.02
792 7271.79
803 7235.95
814 7253.87
825 7244.37
836 7244.07
847 7302.41
858 7233.53
869 7191.72
880 7289.84
891 7240.62
902 7267.26
913 7257.74
924 7303.93
935 7180.32
946 7200.23
957 7267.45
968 7199.65
979 7199.91
990 7177.27
1001 7299.37
1012 7327.67
1023 7292.67
1034 7209.03
1045 7345.84
1056 7239.76
1067 7176.86
1078 7282.9
1089 7244.88
1100 7248.09
1111 7177.88
1122 7245.76
1133 7333.53
1144 7283.2
1155 7210.05
1166 7193.36
1177 7305.95
1188 7259.26
1199 7317.5
1210 7326.69
1221 7255.95
1232 7300.6
1243 7177.43
1254 7433.71
1265 7244.56
1276 7296.96
1287 7284.01
1298 7400.09
1309 7172.75
1320 7225.49
1331 7240.11
1342 7262.84
1353 7287.09
1364 7304.42
1375 7278.29
1386 7247.16
1397 7274.68
1408 7242.34
1419 7252.85
1430 7341.44
1441 7277.35
1452 7309.76
1463 7398.18
1474 7361.9
1485 7333.14
1496 7285.34
1507 7246.74
1518 7209.26
1529 7278.91
1540 7272.17
1551 7220.03
1562 7310.58
1573 7370.86
1584 7283.94
1595 7253.69
1606 7291.56
1617 7264.41
1628 7348.07
1639 7326.4
1650 7396.33
1661 7343.41
1672 7302.33
1683 7357.3
1694 7245.87
1705 7390.42
1716 7231.3
1727 7303.71
1738 7287.61
1749 7190.53
1760 7322.92
1771 7249.04
1782 7247.16
1793 7375.79
1804 7247.16
1815 7206.96
1826 7299.4
1837 7252.76
1848 7326.57
1859 7254.71
1870 7300.02
1881 7306.28
1892 7370.21
1903 7272.95
1914 7276.9
1925 7323.63
1936 7362.41
1947 7209.03
1958 7214.21
1969 7247.51
1980 7273.34
1991 7305.02
2002 7274.12
2013 7395.77
2024 7268.69
2035 7329.75
2046 7378.5
2057 7204.33
2068 7205.75
2079 7283.66
2090 7376.68
2101 7419.29
2112 7262.7
2123 7323.57
2134 7226.91
2145 7316.47
2156 7285.91
2167 7264.03
2178 7322.36
2189 7309.71
2200 7277.17
2211 7183.49
2222 7248.16
2233 7345.04
2244 7306.42
2255 7308.12
2266 7229.45
2277 7349.04
2288 7397.29
2299 7382.74
2310 7301.42
2321 7327.42
2332 7236.5
2343 7206.47
2354 7264.05
2365 7291.26
2376 7264.37
2387 7293.23
2398 7290.76
2409 7340.61
2420 7288.15
2431 7339.33
2442 7470.85
2453 7244.77
2464 7295.35
2475 7274.52
2486 7264.12
2497 7335.21
2508 7308.22
2519 7302.48
2530 7284.86
2541 7273.94
2552 7236.47
2563 7342.48
2574 7305.93
2585 7311.04
2596 7365.08
2607 7254.14
2618 7259.02
2629 7324.37
2640 7348.23
2651 7206.44
2662 7281.57
2673 7316.97
2684 7259.14
2695 7262.71
2706 7329.41
2717 7373.7
2728 7317.77
2739 7260.05
2750 7355.95
2761 7272.04
2772 7412.35
2783 7308.96
2794 7319.54
2805 7365.15
2816 7319.56
2827 7335.7
2838 7481.63
2849 7361.54
2860 7312.31
2871 7251.94
2882 7322.84
2893 7299.49
2904 7359.02
2915 7276.45
2926 7374.17
2937 7292.79
2948 7387.58
2959 7367.21
2970 7383.7
2981 7264.76
2992 7294.12
3003 7394.65
3014 7358.91
3025 7257.58
3036 7343.2
3047 7342
3058 7310.51
3069 7328.41
3080 7295.98
3091 7358.35
3102 7337.29
3113 7296.77
3124 7300.72
3135 7260.63
3146 7279.09
3157 7311.43
3168 7352.59
3179 7372.51
3190 7399.92
3201 7331.54
3212 7320.9
3223 7360.55
3234 7281.63
3245 7386.1
3256 7352.84
3267 7327.8
3278 7377.44
3289 7283.74
3300 7391.77
3311 7246.06
3322 7282.45
3333 7243.58
3344 7320.44
3355 7357.88
3366 7340.92
3377 7248.45
3388 7353.37
3399 7327.51
3410 7281.94
3421 7378.38
3432 7256.61
3443 7321.44
3454 7351.83
3465 7287.54
3476 7326.16
3487 7289.6
3498 7330.44
3509 7292.89
3520 7257.05
3531 7281.88
3542 7342.66
3553 7231.88
3564 7239.44
3575 7226.39
3586 7237.55
3597 7275.71
3608 7330.58
3619 7328.85
3630 7371.79
3641 7352.9
3652 7318.05
3663 7355.38
3674 7226.08
3685 7270.66
3696 7311.9
3707 7320.82
3718 7344.07
3729 7302.75
3740 7245.28
3751 7317.62
3762 7280.63
3773 7341.2
3784 7438.85
3795 7296.11
3806 7305.11
3817 7215.4
3828 7337.37
3839 7245.88
3850 7310.75
3861 7285.14
3872 7301.21
3883 7375.15
3894 7223.39
3905 7347.21
3916 7323.98
3927 7363.79
3938 7336.97
3949 7335.53
3960 7406.83
3971 7295.81
3982 7268.18
3993 7259.96
4004 7356.46
4015 7325.42
4026 7312.35
4037 7290.79
4048 7332.13
4059 7324.71
4070 7305.6
4081 7248.94
4092 7357.62
4103 7347.64
4114 7252.7
4125 7372.5
4136 7236.46
4147 7358.6
4158 7299.14
4169 7327.08
4180 7323.32
4191 7206.59
4202 7342.25
4213 7311.3
4224 7342.82
4235 7371.64
4246 7299.86
4257 7285.43
4268 7292.66
4279 7394.43
4290 7302.91
4301 7330.46
4312 7296.01
4323 7293.67
4334 7371
4345 7259.69
4356 7334.3
4367 7299
4378 7353.42
4389 7336.73
4400 7258.95
4411 7394
4422 7258.86
4433 7282.26
4444 7362.14
4455 7309.11
4466 7281.07
4477 7362.28
4488 7322
4499 7320.6
4510 7367.4
4521 7360.77
4532 7235.88
4543 7268.61
4554 7366.42
4565 7278.72
4576 7249.7
4587 7291.86
4598 7315.24
4609 7331.93
4620 7277.63
4631 7376.39
4642 7222.45
4653 7350.12
4664 7266.14
4675 7354.24
4686 7262.27
4697 7273.94
4708 7261.25
4719 7345.25
4730 7278.77
4741 7377.12
4752 7244.5
4763 7408.24
4774 7303.13
4785 7234.1
4796 7297.92
4807 7384.98
4818 7332.81
4829 7345.61
4840 7405.84
4851 7337.2
4862 7404.61
4873 7297.89
4884 7311.68
4895 7350.29
4906 7299.25
4917 7340.2
4928 7367.63
4939 7319.78
4950 7327.82
4961 7342.77
4972 7279.88
4983 7401.85
4994 7313.23
5005 7271.02
5016 7323.48
5027 7322.21
5038 7321.88
5049 7272.79
5060 7325.86
5071 7447.61
5082 7398.95
5093 7261.41
5104 7349.82
5115 7336.14
5126 7259.27
5137 7325.6
5148 7319.62
5159 7301.37
5170 7371.69
5181 7397.93
5192 7342.64
5203 7329.11
5214 7386.61
5225 7209.75
5236 7320.56
5247 7258
5258 7378.24
5269 7301.55
5280 7301.14
5291 7348.38
5302 7292.26
5313 7270.48
5324 7300.67
5335 7353.4
5346 7319.17
5357 7295.54
5368 7346.47
5379 7414.21
5390 7354.19
5401 7423.13
5412 7331.85
5423 7359.51
5434 7397.13
5445 7258.73
5456 7333.64
5467 7362.96
5478 7342.3
5489 7403.56
5500 7347.14
5511 7253.65
5522 7379.05
5533 7217.78
5544 7340.38
5555 7278.59
5566 7349.85
5577 7244.03
5588 7379.27
5599 7317.05
5610 7454.55
5621 7209.8
5632 7319.05
5643 7397.81
5654 7327.03
5665 7346.98
5676 7263.85
5687 7369.63
5698 7322.74
5709 7308.11
5720 7291.29
5731 7287.76
5742 7352.13
5753 7236.21
5764 7280.02
5775 7351.53
5786 7286.59
5797 7293.48
5808 7325.69
5819 7355.24
5830 7213.64
5841 7411.04
5852 7339.87
5863 7260.56
5874 7308.12
5885 7294.02
5896 7307.81
5907 7360.3
5918 7350.88
5929 7302.34
5940 7342.39
5951 7399.27
5962 7301.99
5973 7267.78
5984 7332.21
5995 7284.54
6006 7328.83
6017 7271.35
6028 7421.27
6039 7359.06
6050 7312.81
6061 7298.64
6072 7341.64
6083 7345.53
6094 7386.59
6105 7278.21
6116 7319.54
6127 7417.68
6138 7354.81
6149 7334.99
6160 7302.09
6171 7340.69
6182 7291.91
6193 7300.85
6204 7278.55
6215 7328.7
6226 7264.29
6237 7286.76
6248 7385.33
6259 7354.97
6270 7247.19
6281 7353.69
6292 7304.87
6303 7309.7
6314 7366.26
6325 7278.86
6336 7380.21
6347 7350.65
6358 7330.39
6369 7221.31
6380 7332.23
6391 7223.31
6402 7360.93
6413 7283.47
6424 7377.67
6435 7342.29
6446 7332.76
6457 7305.94
6468 7249.58
6479 7347.3
6490 7410.04
6501 7315.66
6512 7349.74
6523 7354.43
6534 7408.19
6545 7256.56
6556 7326
6567 7307.99
6578 7412.68
6589 7330.85
6600 7290.75
6611 7335.69
6622 7378.65
6633 7473.06
6644 7362.54
6655 7399.79
6666 7260.7
6677 7378.34
6688 7345.27
6699 7339.87
6710 7331
6721 7444.7
6732 7389.84
6743 7396.72
6754 7355.1
6765 7328.58
6776 7339.99
6787 7314.41
6798 7288.46
6809 7291.76
6820 7361.86
6831 7330.69
6842 7382.05
6853 7252.24
6864 7381.58
6875 7268.08
6886 7308.24
6897 7337.93
6908 7317.33
6919 7153.63
6930 7391.57
6941 7363.73
6952 7311.53
6963 7354.52
6974 7385.02
6985 7346.09
6996 7429.65
7007 7368.62
7018 7366.84
7029 7253.66
7040 7354.89
7051 7308.92
7062 7316.31
7073 7380.65
7084 7365.37
7095 7349.83
7106 7377.33
7117 7257.44
7128 7353.3
7139 7230.65
7150 7379.34
7161 7249.63
7172 7353.93
7183 7413.19
7194 7290.93
7205 7332.26
7216 7307.11
7227 7278.69
7238 7357.96
7249 7333.19
7260 7370.74
7271 7353.14
7282 7247.3
7293 7335.14
7304 7289.06
7315 7369.88
7326 7351.34
7337 7266.1
7348 7322.48
7359 7316.59
7370 7350.33
7381 7306.38
7392 7336.16
7403 7270.32
7414 7333.46
7425 7429.91
7436 7390.13
7447 7327.97
7458 7337.61
7469 7445.29
7480 7457.52
7491 7330.79
7502 7325.25
7513 7361.99
7524 7393.81
7535 7419.09
7546 7303.39
7557 7271.07
7568 7368.23
7579 7325.52
7590 7354.94
7601 7349.32
7612 7306.16
7623 7318.01
7634 7334.05
7645 7399.94
7656 7314.89
7667 7444.78
7678 7337.97
7689 7274
7700 7242.92
7711 7383.33
7722 7349.8
7733 7364.18
7744 7239.77
7755 7390.29
7766 7349.76
7777 7312.08
7788 7321.08
7799 7400.48
7810 7391.61
7821 7316.14
7832 7248.64
7843 7338.2
7854 7355.36
7865 7338.72
7876 7346.51
7887 7331.68
7898 7350.93
7909 7323.47
7920 7341.88
7931 7310.34
7942 7319.67
7953 7285.91
7964 7329.21
7975 7252.06
7986 7381.94
7997 7337.32
8008 7366.82
8019 7252.89
8030 7327.37
8041 7355.12
8052 7392.56
8063 7355.08
8074 7337.87
8085 7325.68
8096 7392.34
8107 7277.32
8118 7254.55
8129 7357.11
8140 7396.57
8151 7332.2
8162 7328.28
8173 7272.18
8184 7337.77
8195 7390.43
8206 7384.61
8217 7404.35
8228 7373.6
8239 7283.64
8250 7291.64
8261 7334.57
8272 7351.62
8283 7408.74
8294 7413.11
8305 7363.47
8316 7303.76
8327 7302.08
8338 7349.9
8349 7295.42
8360 7380.6
8371 7345.3
8382 7296.04
8393 7315.68
8404 7277.52
8415 7358.25
8426 7402.74
8437 7309.58
8448 7279.44
8459 7241.22
8470 7352.38
8481 7309.7
8492 7339.54
8503 7355.85
8514 7326.78
8525 7394.38
8536 7328.11
8547 7402.77
8558 7360.73
8569 7411.49
8580 7204.48
8591 7362.15
8602 7247.97
8613 7335.22
8624 7368.07
8635 7318.11
8646 7427.78
8657 7363.47
8668 7350.1
8679 7374.28
8690 7263.2
8701 7344.5
8712 7385.35
8723 7351.62
8734 7345.35
8745 7292.66
8756 7356.95
8767 7264.15
8778 7363.46
8789 7447.3
8800 7289.54
8811 7245.84
8822 7347.54
8833 7282.61
8844 7327.09
8855 7336.57
8866 7358.09
8877 7416.79
8888 7394.74
8899 7236.93
8910 7266.62
8921 7270.77
8932 7301.85
8943 7428.63
8954 7336.77
8965 7373.28
8976 7291.09
8987 7346.78
8998 7377.12
9009 7398.1
9020 7350.55
9031 7344.78
9042 7282.79
9053 7407.62
9064 7408.18
9075 7405.37
9086 7355.91
9097 7370.54
9108 7326.4
9119 7304.65
9130 7394.67
9141 7277.98
9152 7312.64
9163 7352.02
9174 7355.36
9185 7335.63
9196 7317.92
9207 7343.83
9218 7372.94
9229 7317.54
9240 7317.02
9251 7327.15
9262 7374.15
9273 7254.87
9284 7267.94
9295 7362.66
9306 7357.03
9317 7289.2
9328 7398.52
9339 7370.52
9350 7414.16
9361 7343.79
9372 7292.67
9383 7296.19
9394 7359
9405 7325.08
9416 7513.14
9427 7378.65
9438 7305.22
9449 7366.51
9460 7338.95
9471 7394.97
9482 7369.97
9493 7340.1
9504 7517.48
9515 7420.39
9526 7373.03
9537 7300.99
9548 7398.77
9559 7319.64
9570 7393.76
9581 7396.61
9592 7355.54
9603 7234.13
9614 7351.12
9625 7411.16
9636 7317.07
9647 7315.56
9658 7487.09
9669 7342.23
9680 7307.93
9691 7350.39
9702 7306.58
9713 7321.01
9724 7346.47
9735 7352.96
9746 7297.23
9757 7374.16
9768 7222.23
9779 7351.82
9790 7356.86
9801 7390.2
9812 7399.12
9823 7381.34
9834 7322.13
9845 7380.62
9856 7262.42
9867 7407.94
9878 7339.87
9889 7331.35
9900 7402.4
9911 7381.46
9922 7367.94
9933 7335.78
9944 7376.12
9955 7390.26
9966 7468.49
9977 7316.26
9988 7306.48
9999 7282.34
