0 1797.32
11 1859.74
22 1936.53
33 1930.47
44 1929.61
55 1980.22
66 1935.04
77 1898.96
88 1952.11
99 1926.66
110 1962.66
121 1945.84
132 1944.71
143 1956.44
154 1956.6
165 1987.38
176 1965.91
187 1911.92
198 1963.86
209 1986.28
220 1966.51
231 2022.34
242 1926.64
253 1956.22
264 1913.9
275 1972.2
286 1952.5
297 1987.07
308 1954.08
319 1925.51
330 1985.99
341 1957.42
352 1956.64
363 1972.83
374 1983.71
385 1969.43
396 1981.16
407 1992.33
418 1959.49
429 1923.02
440 1970.28
451 1960.28
462 1976.24
473 1994.22
484 1982.75
495 2033.64
506 1962.1
517 1946.16
528 1986.93
539 1978.02
550 1985.7
561 2006.15
572 1992.82
583 1998.16
594 1967.6
605 1970.02
616 1998.94
627 1985.7
638 2026.64
649 1956.13
660 1974.57
671 1984.01
682 1970.76
693 2013.17
704 2000.86
715 2018.91
726 2016.1
737 2031.6
748 2019.64
759 2007.74
770 1970.93
781 1973.01
792 1975.8
803 1986.07
814 1962.93
825 2033
836 2010.55
847 1995.32
858 2023.5
869 2024.65
880 1965.12
891 1997.29
902 2029.24
913 1975.28
924 1996.74
935 2028.24
946 1995.93
957 1974.87
968 2015.92
979 2036.22
990 1999.47
1001 1979.51
1012 2032.76
1023 2031.49
1034 2004.59
1045 1963.04
1056 1995.23
1067 1982.31
1078 2073.94
1089 1950.98
1100 2003.54
1111 1995.52
1122 1973.22
1133 1978.49
1144 1988.87
1155 2034.05
1166 1950.83
1177 2021.98
1188 2006.24
1199 2026.88
1210 2002.13
1221 1953.88
1232 1990.92
1243 1978.72
1254 2018.53
1265 1979.36
1276 1971.65
1287 2010.24
1298 2029.22
1309 1992.55
1320 1980.93
1331 1992.95
1342 2022.82
1353 2022.42
1364 2012.58
1375 2043.83
1386 1949.72
1397 2009.42
1408 2029.36
1419 2000.98
1430 2033.33
1441 1991.17
1452 2008.57
1463 2015.74
1474 1984.55
1485 1977.57
1496 2003.18
1507 2008.27
1518 2042.7
1529 2029.22
1540 2020.04
1551 1978.96
1562 2023.22
1573 2042.64
1584 2031.34
1595 2022.78
1606 1961.25
1617 2016.51
1628 1991.78
1639 1996.37
1650 1948.63
1661 2009.7
1672 1993.81
1683 2006.67
1694 1983.21
1705 2013.89
1716 1966.48
1727 2011.53
1738 1950.39
1749 2017.42
1760 1953.95
1771 2028.06
1782 1994.16
1793 1999.59
1804 2006.84
1815 1994.82
1826 2013.08
1837 2001.14
1848 2057.15
1859 1997.63
1870 2022.52
1881 2006.01
1892 2027.62
1903 2022.41
1914 2033.09
1925 2006.66
1936 1988.26
1947 1946.77
1958 2046.82
1969 2001.54
1980 2013.76
1991 1978.42
2002 2017.15
2013 2032.57
2024 1999.34
2035 1999.24
2046 2042.31
2057 1985.92
2068 2035.06
2079 2040.41
2090 2048.91
2101 2004.44
2112 2018.93
2123 2033.06
2134 2037.75
2145 1974.02
2156 2061.67
2167 1998.06
2178 1992.07
2189 1960.09
2200 2042.23
2211 1944.27
2222 2022.67
2233 2018.84
2244 2012.03
2255 2014.06
2266 2021.35
2277 2027.29
2288 2027.3
2299 2016.78
2310 2018.02
2321 1980.93
2332 1939.67
2343 1990.18
2354 1983.16
2365 2035.9
2376 2016.65
2387 1987.25
2398 1976.8
2409 2007.59
2420 2024.71
2431 2018.32
2442 1990.13
2453 2003.43
2464 2008.01
2475 1984.71
2486 2079.5
2497 2024.11
2508 2027.23
2519 2032.56
2530 2034.5
2541 2032.85
2552 2013.67
2563 2019.91
2574 2003.19
2585 2011.52
2596 2038.11
2607 2018.99
2618 2066.63
2629 2015.2
2640 2020.14
2651 2016.67
2662 2031.77
2673 2072.35
2684 2038.07
2695 2048.83
2706 2028.88
2717 2050.89
2728 2022.53
2739 2071.07
2750 2036.57
2761 2011.84
2772 2033.23
2783 2005.21
2794 1998.48
2805 1967.82
2816 2032.96
2827 1973.83
2838 1985.05
2849 2034.82
2860 2011.96
2871 2040.24
2882 2005.68
2893 2030.61
2904 2006.37
2915 2027.79
2926 1993.33
2937 1965.91
2948 2062.72
2959 2033.93
2970 2045.28
2981 2069.08
2992 2019.63
3003 2065.59
3014 2019.5
3025 1980.29
3036 2006.63
3047 2003.81
3058 2031.94
3069 2012.86
3080 2082.13
3091 2061.93
3102 2017.08
3113 1975.91
3124 2058.69
3135 2000.57
3146 2024.93
3157 1981.8
3168 2032.67
3179 1987.72
3190 1995.03
3201 2041.12
3212 1982.03
3223 2014.59
3234 2032.93
3245 2009.24
3256 2046.96
3267 2026.49
3278 2039.16
3289 2011.43
3300 2060.96
3311 2025.67
3322 1988.65
3333 1990.46
3344 2055.46
3355 2060.15
3366 2063.59
3377 2040.97
3388 2097.78
3399 2010
3410 2051.51
3421 2011.56
3432 1971.74
3443 2057.03
3454 1991.39
3465 2007.64
3476 2018.67
3487 2029.83
3498 2015.07
3509 2039.45
3520 1997.64
3531 1982.19
3542 2024.28
3553 2056.06
3564 2037.2
3575 2074.36
3586 1999.73
3597 2028.42
3608 1997.16
3619 2026.24
3630 2030.58
3641 2025.26
3652 2024.03
3663 2014.34
3674 1948.61
3685 1985.36
3696 2029.54
3707 1970.04
3718 1989.3
3729 2050.22
3740 1972.41
3751 1922.16
3762 2009.85
3773 1977.49
3784 1980.94
3795 2013.28
3806 1998.16
3817 2049.87
3828 2019.26
3839 1986.72
3850 1999.59
3861 2023.77
3872 2025.55
3883 2002.33
3894 2002.27
3905 2040.48
3916 1975.79
3927 2027.75
3938 2048.38
3949 2061.92
3960 1980.76
3971 2026.98
3982 2021.74
3993 1998.74
4004 1967.53
4015 2020.89
4026 2056.38
4037 1991.65
4048 1998.61
4059 2074.81
4070 2025.98
4081 2007.99
4092 2025.31
4103 2047.92
4114 1975.18
4125 2010.85
4136 2009.9
4147 2019.54
4158 1998.63
4169 1957.04
4180 2011.25
4191 2021.5
4202 2029.85
4213 2019.03
4224 1999.8
4235 2014.16
4246 2010.14
4257 2042.09
4268 1993.57
4279 2039.23
4290 2011.18
4301 2067.64
4312 2032.87
4323 2102.7
4334 2012.38
4345 2007.5
4356 2003.78
4367 2002.24
4378 2048.2
4389 1969.47
4400 2005.72
4411 2009.78
4422 2051.17
4433 1993.79
4444 1971.34
4455 2051.4
4466 2035.75
4477 2022.16
4488 2005.94
4499 2046.72
4510 1991.9
4521 2029.3
4532 1980.61
4543 1937.1
4554 2030.52
4565 2006.73
4576 1977.6
4587 2001.14
4598 2027.52
4609 2018.87
4620 2088.09
4631 2024.11
4642 1959.33
4653 1998.4
4664 1985.56
4675 2024.02
4686 2010.02
4697 2050.51
4708 1994.18
4719 2075.03
4730 2022.35
4741 1997.47
4752 2055.13
4763 2011.59
4774 2023.41
4785 2069.22
4796 2030.62
4807 2018.13
4818 2005.14
4829 2017.67
4840 2010.36
4851 1982.3
4862 1979.72
4873 2080.85
4884 2054.55
4895 1999.22
4906 2047.08
4917 2047.28
4928 1996.4
4939 1997.19
4950 2040.79
4961 2035.65
4972 2083.64
4983 1979.83
4994 2088.47
5005 2057.67
5016 2039.34
5027 2011.29
5038 2013.61
5049 2034.88
5060 2063.8
5071 2000.42
5082 2003.89
5093 1999.3
5104 1986.19
5115 2035.02
5126 2032.02
5137 2000.4
5148 2072.11
5159 2015.94
5170 2027.88
5181 1976.57
5192 2029.06
5203 2023.71
5214 2010.91
5225 2057.79
5236 2014.77
5247 2029.71
5258 2020.27
5269 2012.39
5280 2002.99
5291 2017.88
5302 2000.69
5313 2043.99
5324 2022.07
5335 2032.17
5346 2012.21
5357 2040.76
5368 2003.32
5379 2028.84
5390 2002.11
5401 1985.78
5412 2011.8
5423 2066.32
5434 2027.29
5445 2065.36
5456 2038.07
5467 2016.15
5478 2062.42
5489 2028.6
5500 2049.33
5511 2042.97
5522 1999.48
5533 2025.94
5544 2002.53
5555 2009.25
5566 2011.04
5577 2030.56
5588 2054.11
5599 2004.4
5610 2020.75
5621 2034.48
5632 2024.69
5643 2000.41
5654 2060.95
5665 2008.12
5676 1983.51
5687 2038.37
5698 2053.83
5709 2030.96
5720 2039.17
5731 2054.02
5742 2021.75
5753 2046.93
5764 2007.2
5775 2017.21
5786 2027.62
5797 2017.21
5808 1992.62
5819 2015.62
5830 2071.64
5841 2063.35
5852 2067.06
5863 2020.12
5874 2046.79
5885 2076.1
5896 1980.37
5907 1997.58
5918 2005.3
5929 2017.11
5940 1999.17
5951 1993.88
5962 2002.2
5973 2015.15
5984 2029.99
5995 1991.91
6006 2034.41
6017 2057.63
6028 2007.55
6039 2055.37
6050 2006.77
6061 2006.73
6072 1980.08
6083 1980.03
6094 1977.32
6105 2056.92
6116 2025.79
6127 2005.07
6138 2017.02
6149 1999.96
6160 2037.55
6171 2025.06
6182 2015.93
6193 2044.05
6204 2026.73
6215 2052.6
6226 2045.01
6237 2015.57
6248 1993.29
6259 2033.43
6270 2053.68
6281 2066.14
6292 2027.65
6303 2024.52
6314 2009.98
6325 2031.42
6336 1996.11
6347 2035.14
6358 2022.85
6369 2010.97
6380 1954.45
6391 1984.51
6402 2054.16
6413 2034.43
6424 1990.03
6435 2026.6
6446 1975.4
6457 2007.3
6468 2053.89
6479 2073.15
6490 1976.3
6501 2049.2
6512 2032.6
6523 2084.53
6534 2026.47
6545 2041.55
6556 2010.1
6567 2006.41
6578 1965.67
6589 2059.11
6600 1991.18
6611 1978.69
6622 2060.76
6633 2000.95
6644 1979.53
6655 2014.13
6666 2036.58
6677 2038.21
6688 2008.64
6699 2006.21
6710 2005.73
6721 2031.98
6732 1966.02
6743 1972.91
6754 2017.92
6765 2001.41
6776 2003.23
6787 2001.69
6798 2002.31
6809 1988.09
6820 1998.81
6831 2013.72
6842 2002.82
6853 1995.68
6864 2029.04
6875 1986.01
6886 2034.9
6897 2036.25
6908 1970.18
6919 2010.85
6930 1976.22
6941 2027.26
6952 1999.12
6963 2016.12
6974 1993.42
6985 1937.54
6996 2036.2
7007 2045.86
7018 2068.55
7029 2018.7
7040 2037.2
7051 1975.92
7062 2009.59
7073 1932.79
7084 2038.44
7095 2010.89
7106 2036.56
7117 2029.17
7128 2030.02
7139 2056.14
7150 2024.09
7161 2021.06
7172 2017.2
7183 2005.97
7194 1998.89
7205 2038.65
7216 2030.23
7227 2023.55
7238 2044.25
7249 2077.17
7260 2034.34
7271 2059.97
7282 2044.45
7293 2048.27
7304 2047.74
7315 1992.48
7326 2041.94
7337 2021.45
7348 2038.21
7359 2039.21
7370 2003.42
7381 2032.48
7392 2024.5
7403 2053.63
7414 2040.37
7425 2049.82
7436 2049.03
7447 2011.77
7458 2042.95
7469 2032.38
7480 1994.74
7491 2022.39
7502 2041.77
7513 2027.37
7524 2046.26
7535 2032.85
7546 2044.89
7557 2025.04
7568 2016.86
7579 2067.07
7590 2052
7601 2054.46
7612 2047.55
7623 2016.17
7634 2073.62
7645 2069.01
7656 2069.07
7667 2031.94
7678 2037.64
7689 1988.88
7700 2070.63
7711 2045.83
7722 2061.71
7733 2026.41
7744 1995.95
7755 2044.19
7766 2035.19
7777 2044.77
7788 1974.22
7799 2036.31
7810 1992.12
7821 2025.88
7832 1983.32
7843 2090.07
7854 2022.25
7865 2006.97
7876 2047.42
7887 2026.01
7898 2004.32
7909 1994.1
7920 1973.46
7931 1976.81
7942 1967.02
7953 1996.01
7964 2010.89
7975 1997
7986 2018.61
7997 2036.22
8008 1970.85
8019 2023.11
8030 2023.65
8041 2027.12
8052 2014.36
8063 2042.61
8074 1967.47
8085 2014.65
8096 2003.59
8107 2028.33
8118 2036.47
8129 2023.64
8140 2001.97
8151 1997.09
8162 1996.76
8173 1998.19
8184 1921.28
8195 1997.06
8206 2061.12
8217 2067.53
8228 2000.4
8239 2027.93
8250 2028.38
8261 2002.06
8272 2108.16
8283 1982.43
8294 2021.7
8305 2080.23
8316 1996.52
8327 1985.26
8338 2058.39
8349 2017.78
8360 2053.37
8371 2038.03
8382 2003.42
8393 2060.98
8404 2003.33
8415 1989.21
8426 2005.12
8437 1996.04
8448 1982.24
8459 1978.2
8470 2017.22
8481 1991.72
8492 1998.42
8503 2017.26
8514 1986.25
8525 2018.48
8536 2031.36
8547 2047.63
8558 2044.87
8569 2045.2
8580 2044.58
8591 2003.19
8602 2036.36
8613 2056.82
8624 2053.56
8635 2022.33
8646 1982.82
8657 2036.44
8668 2031.33
8679 2027.67
8690 2081.66
8701 2018.09
8712 2015.14
8723 2000.81
8734 2002.95
8745 1958.9
8756 2027.84
8767 1994.25
8778 2047.68
8789 2016.83
8800 2019
8811 2054.84
8822 2041.45
8833 2004.68
8844 2019.45
8855 2052.93
8866 2020.4
8877 2053.23
8888 2042.09
8899 1990.56
8910 2002
8921 2069.25
8932 2039.71
8943 1995.43
8954 2069.5
8965 2052.3
8976 2049.88
8987 2043.31
8998 2011.73
9009 1977.05
9020 2033.07
9031 2020.9
9042 1998.96
9053 2023.6
9064 2014
9075 1995.75
9086 2016.97
9097 2006.86
9108 1996.69
9119 2004.32
9130 1998.68
9141 1974.72
9152 2004.9
9163 1984.06
9174 2010.56
9185 1964.91
9196 1978.43
9207 2023.94
9218 2011.78
9229 2040.09
9240 2011.96
9251 2035.2
9262 2015.68
9273 2039.72
9284 2051.82
9295 2018.94
9306 2015.12
9317 2005.82
9328 2069.37
9339 2026.01
9350 2024.04
9361 1924.88
9372 2023.56
9383 2015.47
9394 2030.04
9405 2041.92
9416 2025.85
9427 2007.55
9438 1981.41
9449 2049.33
9460 2036.79
9471 2003.05
9482 2038.41
9493 2051.57
9504 2031.77
9515 2054.59
9526 2024.6
9537 1988
9548 2059.8
9559 2014.21
9570 2070.69
9581 1994.04
9592 1993.65
9603 2037.02
9614 2028.69
9625 1964.25
9636 2030.78
9647 1970.47
9658 2050.95
9669 1999.19
9680 2016.79
9691 1992.97
9702 2057.04
9713 2023.72
9724 2009.66
9735 2008.65
9746 2028.17
9757 1967.09
9768 2009.72
9779 1991.2
9790 2025.15
9801 1985.77
9812 2031.65
9823 2071.85
9834 1988.27
9845 1999.46
9856 1994.12
9867 2004.34
9878 2058.2
9889 1993.13
9900 2045.52
9911 2026.47
9922 2033.8
9933 2045.34
9944 2006.75
9955 2022.42
9966 1973.11
9977 2027.76
9988 2007.02
9999 2023.57
