0 292.186
0 312.944
0 283.685
0 299.009
11 301.592
22 301.592
33 298.495
44 299.449
55 299.978
66 300.119
77 299.449
88 319.239
99 330.707
110 303.423
121 299.301
132 303.337
143 303.022
154 302.434
165 310.744
176 301.022
187 299.647
198 298.772
209 303.275
220 300.923
231 299.299
242 302.275
253 300.923
264 300.648
275 302.496
286 303.973
297 301.592
308 303.423
319 303.275
330 300.648
341 300.317
352 299.301
363 303.864
374 303.022
385 299.024
396 299.174
407 310.744
418 302.519
429 294.881
440 301.592
451 301.022
462 302.496
473 301.676
484 319.239
495 310.555
506 299.301
517 339.178
528 299.647
539 301.592
550 299.411
561 300.119
572 331.899
583 303.973
594 302.519
605 302.519
616 310.578
627 303.275
638 318.227
649 300.246
660 301.575
671 303.926
682 311.254
693 318.072
704 317.883
715 303.423
726 312.683
737 319.239
748 310.744
759 309.652
770 317.036
781 299.009
792 331.743
803 298.645
814 303.337
825 310.767
836 300.254
847 300.254
858 304.499
869 301.826
880 319.264
891 310.744
902 299.576
913 323.889
924 300.923
935 311.804
946 302.833
957 309.652
968 305.355
979 298.344
990 310.767
0 292.053
11 325.351
22 321.491
33 290.945
44 301.592
55 341.236
66 303.857
77 314.243
88 291.952
99 330.596
110 339.096
121 348.088
132 341.236
143 321.941
154 301.592
165 321.491
176 315.639
187 304.037
198 313.114
209 333.237
220 353.329
231 325.952
242 310.109
253 313.841
264 353.329
275 300.397
286 308.679
297 302.543
308 336.751
319 344.637
330 314.407
341 336.761
352 350.709
363 341.236
374 354.665
385 330.723
396 334.384
407 347.257
418 333.237
429 344.637
440 333.299
451 325.414
462 341.236
473 329.899
484 348.088
495 319.947
506 316.024
517 354.665
528 341.185
539 341.236
550 321.726
561 315.763
572 327.759
583 352.044
594 316.276
605 301.429
616 310.172
627 329.889
638 289.954
649 322.004
660 334.648
671 347.257
682 315.927
693 303.738
704 314.219
715 315.689
726 326.976
737 343.856
748 339.133
759 329.899
770 308.223
781 322.004
792 319.623
803 313.831
814 309.764
825 325.414
836 317.544
847 314.243
858 320.444
869 350.709
880 314.43
891 333.299
902 341.236
913 319.97
924 324.432
935 290.003
946 319.947
957 304.224
968 341.185
979 298.495
990 336.751
1001 326.489
1012 321.467
1023 296.909
1034 327.832
1045 333.341
1056 305.258
1067 319.873
1078 325.414
1089 299.989
1100 325.351
1111 305.863
1122 333.341
1133 318.081
1144 334.384
1155 298.174
1166 322.71
1177 311.715
1188 347.257
1199 343.856
1210 345.985
1221 315.763
1232 291.304
1243 314.249
1254 314.504
1265 319.97
1276 348.088
1287 333.237
1298 329.899
1309 308.702
1320 316.276
1331 321.428
1342 305.841
1353 316.047
1364 339.371
1375 336.751
1386 326.176
1397 334.384
1408 353.329
1419 290.718
1430 322.004
1441 310.195
1452 347.257
1463 309.701
1474 321.404
1485 337.576
1496 329.376
1507 321.428
1518 319.947
1529 348.593
1540 353.329
1551 341.532
1562 317.544
1573 308.612
1584 348.95
1595 332.804
1606 291.77
1617 346.214
1628 354.665
1639 331.023
1650 337.576
1661 335.644
1672 342.575
1683 318.081
1694 319.97
1705 336.751
1716 329.353
1727 308.986
1738 323.246
1749 336.751
1760 326.239
1771 329.836
1782 342.533
1793 336.751
1804 322.004
1815 317.544
1826 339.668
1837 317.544
1848 298.16
1859 331.023
1870 307.279
1881 339.371
1892 321.404
1903 345.985
1914 334.648
1925 333.831
1936 339.096
1947 353.329
1958 344.637
1969 340.701
1980 308.679
1991 347.257
2002 335.473
2013 329.899
2024 308.866
2035 333.299
2046 321.491
2057 317.544
2068 314.43
2079 348.95
2090 341.236
2101 348.95
2112 337.784
2123 316.276
2134 350.709
2145 329.596
2156 341.236
2167 314.504
2178 336.751
2189 339.362
2200 327.856
2211 337.784
2222 348.95
2233 333.299
2244 356.001
2255 327.696
2266 326.239
2277 326.239
2288 311.526
2299 336.751
2310 319.623
2321 321.467
2332 327.696
2343 330.723
2354 341.185
2365 333.583
2376 348.088
2387 313.958
2398 352.044
2409 341.185
2420 348.088
2431 341.236
2442 301.008
2453 339.371
2464 340.196
2475 353.329
2486 339.133
2497 325.414
2508 324.171
2519 307.092
2530 333.237
2541 319.97
2552 334.203
2563 339.123
2574 325.414
2585 345.628
2596 320.795
2607 326.239
2618 342.533
2629 319.811
2640 325.288
2651 341.185
2662 328.92
2673 346.847
2684 325.127
2695 308.3
2706 310.195
2717 348.95
2728 329.353
2739 329.899
2750 327.063
2761 353.329
2772 356.001
2783 339.133
2794 319.97
2805 325.975
2816 337.784
2827 356.965
2838 330.931
2849 335.723
2860 321.404
2871 343.856
2882 333.299
2893 330.723
2904 337.576
2915 354.665
2926 308.679
2937 347.257
2948 350.709
2959 341.236
2970 350.709
2981 329.889
2992 325.414
3003 296.272
3014 351.57
3025 351.57
3036 348.088
3047 344.637
3058 333.299
3069 319.97
3080 356.001
3091 353.329
3102 345.985
3113 347.257
3124 343.856
3135 330.701
3146 333.341
3157 314.527
3168 334.877
3179 348.95
3190 351.57
3201 350.709
3212 327.315
3223 328.584
3234 348.088
3245 322.829
3256 349.941
3267 314.146
3278 308.141
3289 343.856
3300 314.527
3311 353.329
3322 343.856
3333 340.472
3344 329.899
3355 340.196
3366 348.606
3377 351.57
3388 292.396
3399 345.985
3410 332.244
3421 341.532
3432 332.063
3443 319.97
3454 319.947
3465 318.915
3476 339.133
3487 326.239
3498 321.941
3509 345.985
3520 329.899
3531 337.297
3542 325.351
3553 321.491
3564 304.386
3575 329.889
3586 352.906
3597 348.088
3608 332.828
3619 334.124
3630 353.329
3641 352.906
3652 326.489
3663 349.941
3674 350.709
3685 341.716
3696 341.236
3707 353.329
3718 350.709
3729 322.031
3740 346.847
3751 339.371
3762 325.351
3773 351.57
3784 336.688
3795 308.3
3806 345.985
3817 345.196
3828 331.211
3839 335.167
3850 349.811
3861 359.586
3872 323.896
3883 335.644
3894 340.196
3905 325.414
3916 315.225
3927 327.856
3938 325.414
3949 352.906
3960 291.844
3971 316
3982 312.558
3993 341.236
4004 349.941
4015 348.95
4026 316.56
4037 319.97
4048 352.906
4059 326.176
4070 353.329
4081 316
4092 336.751
4103 348.088
4114 344.637
4125 346.847
4136 314.407
4147 346.847
4158 356.001
4169 345.985
4180 339.123
4191 344.111
4202 322.004
4213 334.384
4224 345.498
4235 317.65
4246 325.414
4257 348.088
4268 327.759
4279 321.428
4290 329.376
4301 331.885
4312 348.088
4323 348.606
4334 348.835
4345 348.606
4356 350.709
4367 295.431
4378 339.362
4389 327.063
4400 310.507
4411 308.987
4422 318.528
4433 315.927
4444 316.024
4455 353.329
4466 339.123
4477 348.088
4488 349.941
4499 331.284
4510 328.534
4521 343.437
4532 341.716
4543 347.257
4554 353.329
4565 311.715
4576 353.329
4587 350.709
4598 348.088
4609 322.315
4620 333.583
4631 340.472
4642 319.686
4653 305.761
4664 336.751
4675 350.709
4686 329.376
4697 322.004
4708 329.899
4719 329.353
4730 342.098
4741 314.219
4752 343.882
4763 326.489
4774 331.783
4785 346.847
4796 346.214
4807 346.214
4818 308.27
4829 339.123
4840 345.985
4851 348.95
4862 345.985
4873 329.899
4884 310.098
4895 356.307
4906 303.423
4917 345.985
4928 339.133
4939 299.978
4950 350.709
4961 351.57
4972 332.828
4983 342.533
4994 344.637
5005 353.329
5016 354.665
5027 345.985
5038 328.92
5049 348.606
5060 348.088
5071 348.088
5082 325.767
5093 352.044
5104 325.952
5115 346.847
5126 341.716
5137 334.384
5148 353.329
5159 299.978
5170 321.491
5181 346.214
5192 348.95
5203 350.709
5214 333.299
5225 330.701
5236 339.371
5247 322.031
5258 319.97
5269 314.146
5280 348.088
5291 341.716
5302 351.57
5313 321.491
5324 348.088
5335 350.171
5346 323.896
5357 354.665
5368 349.811
5379 330.725
5390 351.57
5401 332.244
5412 313.958
5423 342.098
5434 314.407
5445 325.975
5456 340.472
5467 314.367
5478 345.985
5489 350.709
5500 337.784
5511 313.958
5522 320.698
5533 348.95
5544 341.185
5555 348.088
5566 339.096
5577 330.723
5588 313.958
5599 302.746
5610 351.57
5621 345.985
5632 331.023
5643 354.971
5654 320.145
5665 323.836
5676 342.763
5687 333.583
5698 354.665
5709 349.941
5720 316
5731 333.299
5742 320.795
5753 337.784
5764 307.258
5775 334.203
5786 319.97
5797 345.985
5808 290.496
5819 346.214
5830 340.196
5841 356.307
5852 348.95
5863 350.709
5874 349.811
5885 331.308
5896 332.608
5907 324.349
5918 357.827
5929 353.329
5940 285.036
5951 331.238
5962 291.143
5973 350.709
5984 304.037
5995 319.148
6006 345.498
6017 351.57
6028 354.665
6039 350.709
6050 324.894
6061 314.527
6072 343.856
6083 341.716
6094 301.575
6105 308.702
6116 333.831
6127 343.882
6138 353.329
6149 331.023
6160 338.437
6171 319.97
6182 342.533
6193 326.176
6204 321.491
6215 332.244
6226 349.811
6237 352.906
6248 335.723
6259 345.985
6270 322.218
6281 354.665
6292 319.97
6303 329.376
6314 348.95
6325 318.528
6336 325.952
6347 341.236
6358 325.288
6369 334.384
6380 329.41
6391 336.761
6402 329.204
6413 345.498
6424 290.135
6435 348.835
6446 352.35
6457 317.544
6468 334.979
6479 320.659
6490 319.947
6501 344.637
6512 333.831
6523 345.985
6534 314.219
6545 346.847
6556 345.985
6567 352.35
6578 316.276
6589 324.349
6600 316.024
6611 341.185
6622 334.648
6633 350.709
6644 332.828
6655 339.096
6666 327.291
6677 309.149
6688 322.71
6699 322.218
6710 347.257
6721 350.709
6732 339.371
6743 329.204
6754 356.001
6765 325.351
6776 346.214
6787 351.57
6798 348.593
6809 361.227
6820 342.575
6831 322.829
6842 336.751
6853 348.899
6864 330.701
6875 340.701
6886 348.088
6897 346.214
6908 320.511
6919 320.659
6930 348.088
6941 348.088
6952 348.088
6963 353.329
6974 354.665
6985 335.406
6996 353.329
7007 333.299
7018 337.784
7029 349.811
7040 333.644
7051 317.521
7062 290.521
7073 348.088
7084 354.665
7095 341.236
7106 327.759
7117 291.158
7128 329.899
7139 337.613
7150 348.088
7161 350.171
7172 353.329
7183 352.044
7194 315.74
7205 341.185
7216 346.214
7227 342.575
7238 339.096
7249 348.606
7260 351.57
7271 320.145
7282 321.491
7293 350.709
7304 333.237
7315 352.044
7326 354.971
7337 334.384
7348 329.204
7359 350.709
7370 323.836
7381 327.063
7392 345.985
7403 347.257
7414 348.606
7425 362.747
7436 345.985
7447 354.665
7458 314.43
7469 348.088
7480 333.299
7491 343.882
7502 305.841
7513 344.111
7524 351.57
7535 343.437
7546 333.341
7557 344.637
7568 335.644
7579 344.637
7590 346.214
7601 341.236
7612 348.088
7623 354.665
7634 348.899
7645 330.725
7656 342.533
7667 345.985
7678 335.644
7689 351.57
7700 345.985
7711 343.12
7722 319.148
7733 306.831
7744 331.308
7755 353.329
7766 326.629
7777 309.911
7788 348.088
7799 329.434
7810 350.709
7821 337.576
7832 345.985
7843 342.533
7854 345.985
7865 348.088
7876 356.001
7887 319.686
7898 323.524
7909 352.906
7920 290.96
7931 326.055
7942 344.341
7953 342.533
7964 343.12
7975 349.941
7986 348.088
7997 316.463
8008 322.315
8019 336.993
8030 346.214
8041 320.439
8052 328.92
8063 328.611
8074 336.268
8085 343.12
8096 330.438
8107 344.341
8118 346.214
8129 322.031
8140 348.088
8151 334.648
8162 356.001
8173 304.655
8184 353.329
8195 330.723
8206 324.349
8217 334.815
8228 315.927
8239 340.472
8250 353.329
8261 335.723
8272 302.803
8283 326.176
8294 348.088
8305 348.088
8316 353.329
8327 352.906
8338 352.35
8349 335.406
8360 325.697
8371 339.096
8382 310.483
8393 339.958
8404 339.096
8415 353.871
8426 356.307
8437 325.975
8448 332.063
8459 354.665
8470 353.212
8481 348.95
8492 348.606
8503 323.836
8514 353.329
8525 320.254
8536 314.243
8547 325.975
8558 327.291
8569 342.575
8580 348.835
8591 333.644
8602 342.533
8613 331.783
8624 307.115
8635 298.197
8646 341.716
8657 350.709
8668 339.133
8679 342.575
8690 349.811
8701 349.811
8712 345.985
8723 306.831
8734 348.95
8745 339.096
8756 325.952
8767 305.664
8778 339.133
8789 346.847
8800 351.57
8811 353.329
8822 348.088
8833 327.759
8844 345.192
8855 356.001
8866 337.784
8877 345.985
8888 326.489
8899 339.123
8910 329.376
8921 352.35
8932 337.062
8943 342.533
8954 335.473
8965 333.928
8976 353.329
8987 341.017
8998 352.044
9009 353.329
9020 332.244
9031 332.804
9042 326.414
9053 354.971
9064 332.804
9075 342.575
9086 354.665
9097 354.971
9108 331.783
9119 339.362
9130 352.906
9141 353.329
9152 303.367
9163 348.088
9174 351.57
9185 346.847
9196 343.882
9207 335.723
9218 348.835
9229 351.57
9240 348.95
9251 316.047
9262 344.111
9273 314.146
9284 340.701
9295 367.3
9306 348.95
9317 350.709
9328 348.088
9339 336.993
9350 327.759
9361 339.958
9372 353.329
9383 335.723
9394 329.836
9405 329.376
9416 348.95
9427 343.882
9438 332.608
9449 352.044
9460 332.244
9471 346.847
9482 346.214
9493 350.709
9504 348.606
9515 349.941
9526 332.146
9537 338.152
9548 342.533
9559 345.985
9570 340.472
9581 342.098
9592 352.906
9603 354.665
9614 354.665
9625 331.308
9636 342.763
9647 329.353
9658 345.985
9669 337.576
9680 292.396
9691 323.524
9702 300.221
9713 348.95
9724 352.044
9735 333.583
9746 324.757
9757 297.504
9768 321.467
9779 339.958
9790 339.096
9801 345.985
9812 306.831
9823 307.018
9834 325.744
9845 354.665
9856 308.963
9867 348.606
9878 343.856
9889 336.993
9900 343.12
9911 353.329
9922 337.607
9933 336.993
9944 348.606
9955 323.836
9966 303.423
9977 348.95
9988 345.985
9999 330.725
10010 314.407
10021 346.214
10032 328.92
10043 322.031
10054 342.098
10065 351.57
10076 350.709
10087 339.096
10098 321.793
10109 339.096
10120 352.044
10131 322.292
10142 345.985
10153 299.703
10164 332.244
10175 345.74
10186 305.477
10197 345.498
10208 352.044
10219 340.701
10230 342.763
10241 348.606
10252 337.784
10263 338.437
10274 337.576
10285 339.096
10296 345.985
10307 337.576
10318 318.081
10329 335.425
10340 354.665
10351 356.613
10362 339.123
10373 349.811
10384 348.088
10395 345.985
10406 354.665
10417 306.831
10428 343.856
10439 344.111
10450 348.95
10461 353.329
10472 351.57
10483 345.74
10494 315.763
10505 326.176
10516 341.185
10527 348.088
10538 301.575
10549 341.236
10560 292.979
10571 344.637
10582 356.001
10593 329.899
10604 345.985
10615 354.665
10626 316.276
10637 342.533
10648 337.062
10659 350.709
10670 327.315
10681 313.608
10692 339.096
10703 313.958
10714 319.873
10725 343.982
10736 314.43
10747 327.759
10758 335.723
10769 336.688
10780 331.211
10791 316.047
10802 348.95
10813 336.751
10824 348.95
10835 349.811
10846 346.214
10857 353.329
10868 353.329
10879 319.406
10890 321.491
10901 331.023
10912 341.185
10923 345.985
10934 348.088
10945 322.829
10956 356.001
10967 319.97
10978 319.947
10989 351.57
11000 350.477
11011 341.185
11022 359.586
11033 348.088
11044 344.111
11055 351.57
11066 349.941
11077 331.238
11088 348.088
11099 334.877
11110 319.873
11121 324.349
11132 339.096
11143 325.51
11154 346.847
11165 353.329
11176 349.811
11187 332.063
11198 357.827
11209 348.088
11220 348.95
11231 343.856
11242 348.088
11253 350.709
11264 339.668
11275 341.236
11286 344.637
11297 339.362
11308 343.882
11319 291.82
11330 354.665
11341 306.225
11352 348.088
11363 341.017
11374 354.971
11385 314.219
11396 318.383
11407 346.214
11418 301.85
11429 339.133
11440 314.219
11451 337.062
11462 348.95
11473 339.123
11484 335.473
11495 339.668
11506 356.001
11517 340.707
11528 343.882
11539 331.954
11550 299.406
11561 314.146
11572 339.123
11583 327.063
11594 350.709
11605 350.709
11616 332.608
11627 353.329
11638 354.665
11649 353.329
11660 302.783
11671 318.383
11682 334.128
11693 346.847
11704 346.847
11715 348.088
11726 348.088
11737 349.811
11748 328.584
11759 324.171
11770 344.637
11781 315.763
11792 340.472
11803 348.088
11814 327.759
11825 339.668
11836 345.985
11847 352.044
11858 342.575
11869 308.083
11880 335.723
11891 345.985
11902 346.847
11913 303.453
11924 338.152
11935 345.498
11946 345.985
11957 341.017
11968 326.055
11979 344.637
11990 313.608
12001 326.176
12012 329.204
12023 353.329
12034 341.017
12045 346.847
12056 353.329
12067 352.044
12078 356.001
12089 324.455
12100 353.329
12111 339.133
12122 348.95
12133 295.431
12144 322.004
12155 297.302
12166 320.698
12177 350.171
12188 350.709
12199 337.607
12210 315.74
12221 348.088
12232 316.56
12243 343.882
12254 319.947
12265 354.862
12276 345.74
12287 354.971
12298 314.146
12309 345.74
12320 352.906
12331 343.437
12342 339.362
12353 331.347
12364 350.247
12375 351.57
12386 318.415
12397 340.472
12408 353.329
12419 337.784
12430 350.709
12441 340.472
12452 343.882
12463 354.665
12474 318.625
12485 314.333
12496 319.686
12507 343.982
12518 351.57
12529 349.811
12540 325.952
12551 349.941
12562 314.146
12573 292.862
12584 299.989
12595 356.613
12606 354.665
12617 327.828
12628 350.709
12639 320.698
12650 325.952
12661 332.804
12672 308.702
12683 345.985
12694 352.044
12705 332.608
12716 294.886
12727 341.236
12738 348.95
12749 343.12
12760 332.063
12771 292.621
12782 308.635
12793 350.709
12804 324.894
12815 345.985
12826 349.811
12837 350.709
12848 330.701
12859 343.882
12870 350.709
12881 350.709
12892 294.886
12903 306.831
12914 343.12
12925 333.583
12936 317.544
12947 303.652
12958 353.329
12969 339.371
12980 333.644
12991 342.763
13002 342.533
13013 348.088
13024 353.329
13035 354.665
13046 331.783
13057 352.906
13068 337.607
13079 344.637
13090 351.57
13101 339.668
13112 352.906
13123 325.795
13134 341.185
13145 356.307
13156 345.498
13167 340.472
13178 344.637
13189 338.152
13200 344.111
13211 335.448
13222 345.196
13233 325.351
13244 368.635
13255 331.308
13266 318.057
13277 324.432
13288 347.076
13299 334.384
13310 318.625
13321 316.775
13332 339.096
13343 318.658
13354 344.111
13365 339.958
13376 352.906
13387 337.576
13398 324.171
13409 350.709
13420 357.827
13431 321.467
13442 331.954
13453 349.811
13464 350.709
13475 332.608
13486 350.709
13497 321.428
13508 348.088
13519 348.606
13530 329.41
13541 350.709
13552 354.665
13563 314.146
13574 334.648
13585 315.95
13596 354.665
13607 345.985
13618 353.329
13629 354.971
13640 353.329
13651 341.236
13662 331.347
13673 345.985
13684 299.978
13695 356.001
13706 301.551
13717 313.681
13728 353.329
13739 368.941
13750 345.498
13761 345.985
13772 324.171
13783 350.709
13794 327.063
13805 330.723
13816 328.584
13827 316.276
13838 321.509
13849 339.362
13860 346.214
13871 350.247
13882 354.971
13893 351.57
13904 333.583
13915 351.57
13926 331.284
13937 339.362
13948 326.605
13959 328.584
13970 339.362
13981 353.329
13992 348.088
14003 331.211
14014 354.665
14025 348.95
14036 299.449
14047 318.594
14058 325.51
14069 335.425
14080 336.688
14091 335.723
14102 339.096
14113 345.192
14124 348.088
14135 335.702
14146 348.606
14157 346.847
14168 348.088
14179 348.088
14190 348.088
14201 348.088
14212 321.491
14223 360.921
14234 351.57
14245 335.406
14256 352.906
14267 331.023
14278 325.697
14289 292.948
14300 350.709
14311 307.018
14322 322.004
14333 331.211
14344 348.835
14355 341.236
14366 311.213
14377 313.383
14388 337.576
14399 313.608
14410 353.329
14421 341.236
14432 308.679
14443 317.043
14454 327.572
14465 344.637
14476 332.063
14487 350.709
14498 310.46
14509 343.982
14520 356.001
14531 330.723
14542 348.95
14553 335.723
14564 348.088
14575 339.096
14586 339.362
14597 348.606
14608 330.104
14619 319.873
14630 351.57
14641 353.329
14652 326.489
14663 343.982
14674 356.491
14685 345.985
14696 313.958
14707 348.088
14718 340.472
14729 314.243
14740 336.751
14751 346.847
14762 345.196
14773 340.472
14784 348.088
14795 339.362
14806 349.811
14817 314.243
14828 351.57
14839 325.51
14850 347.076
14861 337.784
14872 345.985
14883 308.612
14894 321.467
14905 342.575
14916 339.096
14927 342.575
14938 316.463
14949 306.293
14960 350.709
14971 348.95
14982 326.629
14993 348.835
15004 347.076
15015 339.096
15026 334.124
15037 335.723
15048 308.887
15059 333.583
15070 339.133
15081 341.532
15092 348.95
15103 332.244
15114 354.665
15125 290.995
15136 354.665
15147 313.958
15158 356.001
15169 320.719
15180 353.329
15191 316.463
15202 327.063
15213 346.214
15224 330.104
15235 331.023
15246 350.709
15257 353.329
15268 352.044
15279 347.257
15290 348.088
15301 347.257
15312 354.665
15323 313.42
15334 308.612
15345 352.906
15356 332.063
15367 352.044
15378 328.584
15389 329.434
15400 344.111
15411 337.55
15422 353.329
15433 326.414
15444 343.437
15455 324.349
15466 344.341
15477 345.74
15488 339.362
15499 352.044
15510 357.827
15521 350.709
15532 345.985
15543 348.088
15554 344.637
15565 339.668
15576 334.877
15587 343.856
15598 329.107
15609 345.498
15620 307.018
15631 342.533
15642 348.088
15653 330.104
15664 354.665
15675 346.847
15686 313.705
15697 319.947
15708 328.584
15719 327.572
15730 327.828
15741 308.612
15752 346.847
15763 348.95
15774 343.856
15785 344.111
15796 298.088
15807 331.023
15818 332.828
15829 327.291
15840 327.063
15851 354.665
15862 352.906
15873 353.329
15884 299.703
15895 354.665
15906 327.837
15917 353.329
15928 348.95
15939 322.829
15950 349.941
15961 332.063
15972 344.637
15983 340.196
15994 362.747
16005 339.133
16016 343.12
16027 328.584
16038 332.063
16049 348.088
16060 337.062
16071 334.384
16082 342.763
16093 339.096
16104 353.329
16115 345.192
16126 348.088
16137 349.941
16148 352.906
16159 351.57
16170 348.95
16181 348.95
16192 315.763
16203 292.038
16214 305.863
16225 351.57
16236 353.329
16247 348.95
16258 345.985
16269 314.504
16280 342.533
16291 360.921
16302 348.95
16313 348.95
16324 327.859
16335 320.145
16346 353.329
16357 337.784
16368 348.606
16379 348.088
16390 348.088
16401 342.098
16412 348.088
16423 354.732
16434 337.222
16445 350.709
16456 346.214
16467 314.333
16478 342.533
16489 306.831
16500 319.608
16511 350.709
16522 350.709
16533 346.847
16544 348.088
16555 334.384
16566 320.698
16577 352.044
16588 316.537
16599 348.95
16610 350.709
16621 341.236
16632 299.978
16643 340.644
16654 290.96
16665 342.575
16676 343.12
16687 304.037
16698 342.533
16709 348.088
16720 327.828
16731 335.473
16742 339.123
16753 329.893
16764 316.463
16775 340.196
16786 345.985
16797 342.575
16808 333.341
16819 332.072
16830 341.017
16841 330.954
16852 348.088
16863 337.784
16874 350.171
16885 353.329
16896 341.246
16907 351.57
16918 349.811
16929 342.098
16940 351.57
16951 336.993
16962 335.723
16973 325.771
16984 337.607
16995 350.709
17006 333.299
17017 346.214
17028 343.12
17039 314.219
17050 350.709
17061 349.811
17072 340.472
17083 351.57
17094 316.276
17105 312.834
17116 361.227
17127 345.985
17138 365.541
17149 333.583
17160 353.212
17171 349.811
17182 348.835
17193 348.088
17204 322.292
17215 332.828
17226 320.518
17237 353.329
17248 342.575
17259 323.664
17270 301.022
17281 337.062
17292 348.088
17303 354.665
17314 304.037
17325 339.362
17336 339.958
17347 353.329
17358 346.214
17369 299.449
17380 306.831
17391 351.57
17402 318.383
17413 351.57
17424 332.169
17435 339.371
17446 344.111
17457 345.985
17468 341.017
17479 336.993
17490 341.185
17501 339.096
17512 335.723
17523 344.637
17534 339.133
17545 325.975
17556 335.723
17567 346.847
17578 350.709
17589 350.709
17600 345.985
17611 357.827
17622 337.297
17633 322.068
17644 335.425
17655 329.204
17666 352.35
17677 345.985
17688 350.709
17699 349.811
17710 359.653
17721 351.57
17732 334.648
17743 344.111
17754 319.97
17765 348.088
17776 342.533
17787 298.314
17798 329.899
17809 345.985
17820 345.498
17831 314.504
17842 341.236
17853 345.498
17864 354.665
17875 350.709
17886 343.12
17897 343.856
17908 339.958
17919 356.307
17930 345.498
17941 329.353
17952 345.192
17963 319.09
17974 329.353
17985 339.133
17996 356.613
18007 350.709
18018 340.472
18029 326.239
18040 343.882
18051 312.229
18062 346.214
18073 348.95
18084 332.063
18095 333.299
18106 351.57
18117 337.062
18128 348.606
18139 339.362
18150 345.985
18161 348.606
18172 345.985
18183 317.521
18194 343.12
18205 352.044
18216 321.793
18227 335.723
18238 347.076
18249 299.703
18260 341.236
18271 335.702
18282 318.341
18293 332.608
18304 354.665
18315 330.725
18326 354.665
18337 314.504
18348 344.637
18359 324.358
18370 354.665
18381 353.329
18392 347.076
18403 346.847
18414 347.257
18425 315.69
18436 348.95
18447 354.732
18458 314.146
18469 341.236
18480 348.95
18491 335.723
18502 332.244
18513 344.111
18524 341.236
18535 352.906
18546 322.004
18557 307.115
18568 352.906
18579 342.763
18590 293.531
18601 341.236
18612 348.95
18623 332.063
18634 348.95
18645 332.608
18656 322.031
18667 348.088
18678 296.049
18689 341.236
18700 351.57
18711 332.244
18722 342.763
18733 316.047
18744 347.257
18755 342.533
18766 352.35
18777 344.111
18788 315.74
18799 344.637
18810 350.709
18821 347.257
18832 354.971
18843 304.444
18854 362.747
18865 339.096
18876 314.407
18887 348.088
18898 353.329
18909 346.214
18920 356.307
18931 353.329
18942 346.214
18953 348.835
18964 336.268
18975 354.665
18986 350.171
18997 301.551
19008 346.214
19019 348.088
19030 353.329
19041 324.006
19052 325.351
19063 335.473
19074 345.985
19085 341.236
19096 348.95
19107 332.063
19118 313.658
19129 350.171
19140 348.088
19151 347.076
19162 341.532
19173 345.985
19184 348.088
19195 351.57
19206 327.759
19217 348.088
19228 354.732
19239 350.709
19250 356.491
19261 345.985
19272 302.783
19283 334.384
19294 333.905
19305 346.214
19316 313.658
19327 335.425
19338 301.575
19349 341.017
19360 348.088
19371 352.044
19382 348.606
19393 343.982
19404 348.088
19415 337.062
19426 352.044
19437 345.985
19448 296.326
19459 357.827
19470 348.088
19481 352.044
19492 320.795
19503 343.437
19514 350.709
19525 344.111
19536 347.257
19547 348.088
19558 344.341
19569 336.268
19580 314.219
19591 350.709
19602 332.244
19613 337.062
19624 341.017
19635 352.35
19646 351.57
19657 344.637
19668 343.12
19679 332.608
19690 327.759
19701 354.665
19712 339.096
19723 293.445
19734 331.238
19745 344.637
19756 347.076
19767 340.701
19778 339.371
19789 348.95
19800 348.088
19811 343.12
19822 346.214
19833 346.531
19844 337.062
19855 303.399
19866 329.353
19877 350.709
19888 340.472
19899 340.472
19910 330.723
19921 346.214
19932 332.063
19943 344.637
19954 345.498
19965 310.195
19976 320.659
19987 348.95
19998 307.258
20009 345.74
20020 345.985
20031 334.124
20042 342.533
20053 345.192
20064 320.511
20075 346.214
20086 327.315
20097 316.56
20108 350.709
20119 353.329
20130 352.35
20141 346.214
20152 333.905
20163 329.889
20174 350.709
20185 343.882
20196 314.43
20207 342.533
20218 335.644
20229 346.214
20240 328.373
20251 341.236
20262 315.74
20273 332.804
20284 350.709
20295 341.236
20306 331.238
20317 350.709
20328 348.088
20339 348.835
20350 352.906
20361 344.637
20372 340.701
20383 348.088
20394 327.315
20405 294.99
20416 348.95
20427 339.133
20438 346.847
20449 338.152
20460 324.349
20471 329.337
20482 308.94
20493 324.171
20504 334.877
20515 346.214
20526 336.993
20537 337.062
20548 348.088
20559 323.87
20570 302.305
20581 342.575
20592 342.575
20603 351.57
20614 350.709
20625 335.723
20636 338.152
20647 353.871
20658 342.533
20669 348.835
20680 336.268
20691 325.51
20702 345.985
20713 354.665
20724 318.528
20735 348.088
20746 322.829
20757 354.971
20768 337.607
20779 348.95
20790 342.763
20801 354.665
20812 350.709
20823 356.307
20834 348.088
20845 327.315
20856 337.607
20867 346.214
20878 345.985
20889 348.088
20900 339.668
20911 335.406
20922 344.637
20933 325.51
20944 335.473
20955 340.472
20966 322.218
20977 314.998
20988 350.709
20999 348.088
21010 356.307
21021 350.709
21032 348.593
21043 313.958
21054 356.001
21065 334.128
21076 331.238
21087 330.104
21098 348.088
21109 316.537
21120 322.829
21131 343.882
21142 345.985
21153 348.088
21164 351.57
21175 318.927
21186 344.111
21197 344.111
21208 318.625
21219 340.472
21230 330.485
21241 332.828
21252 348.088
21263 320.772
21274 310.195
21285 346.214
21296 350.709
21307 337.613
21318 344.111
21329 345.985
21340 328.92
21351 310.172
21362 349.811
21373 341.017
21384 320.772
21395 328.584
21406 353.329
21417 348.95
21428 334.877
21439 342.575
21450 333.831
21461 345.196
21472 319.686
21483 326.176
21494 321.509
21505 348.088
21516 329.899
21527 352.044
21538 350.709
21549 335.723
21560 351.57
21571 343.12
21582 346.214
21593 324.972
21604 330.723
21615 340.472
21626 345.985
21637 331.308
21648 301.022
21659 334.877
21670 336.751
21681 351.767
21692 308.635
21703 339.133
21714 350.709
21725 314.146
21736 346.847
21747 346.214
21758 304.224
21769 322.004
21780 351.57
21791 356.307
21802 342.575
21813 348.95
21824 345.985
21835 348.95
21846 341.246
21857 352.044
21868 351.57
21879 330.723
21890 326.055
21901 328.584
21912 342.575
21923 318.594
21934 343.982
21945 335.723
21956 356.307
21967 320.511
21978 343.437
21989 334.128
22000 325.975
22011 337.062
22022 338.152
22033 348.088
22044 339.668
22055 349.811
22066 332.063
22077 330.723
22088 340.701
22099 337.607
22110 327.759
22121 325.952
22132 332.063
22143 313.658
22154 303.162
22165 308.612
22176 341.017
22187 350.171
22198 303.714
22209 324.171
22220 337.607
22231 337.613
22242 348.088
22253 352.35
22264 342.575
22275 344.341
22286 330.931
22297 345.985
22308 350.709
22319 348.95
22330 342.575
22341 356.001
22352 339.371
22363 345.498
22374 341.236
22385 348.95
22396 345.985
22407 337.062
22418 346.214
22429 331.175
22440 346.214
22451 344.637
22462 314.903
22473 301.575
22484 297.286
22495 324.069
22506 350.709
22517 335.962
22528 341.246
22539 318.602
22550 354.665
22561 337.062
22572 348.088
22583 313.958
22594 356.001
22605 348.088
22616 333.583
22627 329.889
22638 345.985
22649 339.123
22660 348.088
22671 347.076
22682 344.637
22693 348.835
22704 344.637
22715 343.437
22726 346.214
22737 352.906
22748 353.212
22759 354.665
22770 323.633
22781 348.088
22792 348.088
22803 357.827
22814 308.679
22825 331.238
22836 339.668
22847 351.57
22858 335.723
22869 353.871
22880 328.554
22891 332.063
22902 346.214
22913 342.575
22924 329.337
22935 335.24
22946 348.088
22957 328.584
22968 341.236
22979 316.537
22990 354.665
23001 340.472
23012 332.063
23023 333.299
23034 356.613
23045 350.709
23056 321.463
23067 346.847
23078 343.882
23089 344.637
23100 322.004
23111 336.993
23122 354.862
23133 337.607
23144 350.709
23155 345.498
23166 344.111
23177 327.828
23188 346.214
23199 339.096
23210 345.985
23221 341.716
23232 348.088
23243 348.088
23254 328.584
23265 337.607
23276 336.688
23287 350.709
23298 348.088
23309 320.775
23320 348.95
23331 337.784
23342 324.349
23353 351.57
23364 322.292
23375 353.329
23386 347.076
23397 342.763
23408 328.584
23419 348.95
23430 348.95
23441 337.222
23452 313.958
23463 348.95
23474 361.227
23485 343.12
23496 348.835
23507 340.196
23518 352.906
23529 348.088
23540 349.811
23551 337.576
23562 348.088
23573 336.993
23584 346.214
23595 342.533
23606 325.795
23617 353.212
23628 310.098
23639 339.668
23650 332.063
23661 334.128
23672 343.882
23683 349.941
23694 348.95
23705 350.709
23716 343.856
23727 343.982
23738 318.081
23749 351.57
23760 351.57
23771 348.088
23782 342.575
23793 328.584
23804 339.668
23815 354.665
23826 342.533
23837 343.12
23848 348.088
23859 333.583
23870 365.842
23881 332.244
23892 333.237
23903 324.894
23914 341.246
23925 350.709
23936 339.096
23947 324.171
23958 314.407
23969 340.701
23980 345.985
23991 335.723
24002 341.017
24013 337.576
24024 345.498
24035 344.637
24046 350.171
24057 315.74
24068 345.985
24079 352.044
24090 341.236
24101 346.214
24112 344.637
24123 342.098
24134 345.985
24145 349.811
24156 344.637
24167 353.329
24178 299.703
24189 350.709
24200 346.214
24211 315.74
24222 353.329
24233 345.985
24244 343.882
24255 344.341
24266 356.491
24277 352.35
24288 335.723
24299 341.246
24310 319.686
24321 315.74
24332 346.214
24343 330.104
24354 297.885
24365 348.606
24376 330.723
24387 342.575
24398 339.133
24409 345.985
24420 315.255
24431 337.062
24442 348.95
24453 335.644
24464 337.607
24475 346.214
24486 322.829
24497 348.95
24508 314.407
24519 316.024
24530 348.606
24541 350.709
24552 339.096
24563 337.607
24574 340.472
24585 354.971
24596 337.222
24607 341.017
24618 346.531
24629 342.533
24640 348.95
24651 349.941
24662 348.95
24673 345.74
24684 348.835
24695 333.341
24706 320.775
24717 345.985
24728 352.044
24739 346.214
24750 324.349
24761 350.709
24772 352.906
24783 353.871
24794 349.811
24805 350.709
24816 324.006
24827 333.905
24838 335.473
24849 331.023
24860 350.477
24871 326.242
24882 345.985
24893 356.965
24904 354.665
24915 346.847
24926 342.575
24937 314.407
24948 345.985
24959 354.665
24970 332.244
24981 347.076
24992 308.679
25003 356.001
25014 346.214
25025 351.57
25036 333.583
25047 341.236
25058 346.214
25069 344.637
25080 337.222
25091 326.339
25102 327.033
25113 337.222
25124 342.533
25135 347.076
25146 360.921
25157 302.411
25168 346.214
25179 348.835
25190 352.044
25201 333.905
25212 351.57
25223 350.709
25234 321.101
25245 336.993
25256 348.088
25267 352.044
25278 339.096
25289 333.583
25300 354.665
25311 345.498
25322 321.793
25333 345.74
25344 346.847
25355 340.701
25366 341.246
25377 336.751
25388 328.373
25399 306.831
25410 328.584
25421 354.665
25432 348.95
25443 344.111
25454 342.763
25465 345.985
25476 322.292
25487 326.239
25498 342.533
25509 353.329
25520 332.244
25531 345.985
25542 335.702
25553 346.214
25564 310.098
25575 342.763
25586 351.57
25597 310.46
25608 348.088
25619 339.123
25630 350.709
25641 346.214
25652 324.432
25663 346.214
25674 327.837
25685 345.985
25696 348.088
25707 346.214
25718 351.57
25729 357.827
25740 350.709
25751 340.472
25762 337.576
25773 350.171
25784 296.909
25795 322.829
25806 326.414
25817 343.982
25828 313.958
25839 348.95
25850 343.882
25861 346.214
25872 354.732
25883 353.212
25894 322.031
25905 350.709
25916 348.088
25927 345.985
25938 315.231
25949 351.57
25960 335.473
25971 348.088
25982 348.088
25993 345.985
26004 346.847
26015 345.498
26026 350.709
26037 342.763
26048 336.993
26059 348.088
26070 346.214
26081 348.95
26092 353.329
26103 319.873
26114 334.124
26125 335.702
26136 296.24
26147 341.236
26158 325.51
26169 336.993
26180 350.709
26191 331.284
26202 348.088
26213 341.838
26224 311.692
26235 315.55
26246 350.709
26257 346.214
26268 325.697
26279 349.811
26290 313.681
26301 321.493
26312 348.95
26323 344.111
26334 349.811
26345 345.74
26356 346.214
26367 348.088
26378 351.57
26389 314.146
26400 341.236
26411 342.533
26422 328.584
26433 322.315
26444 337.576
26455 324.171
26466 324.069
26477 307.092
26488 318.528
26499 336.268
26510 333.689
26521 320.659
26532 331.783
26543 353.329
26554 347.257
26565 357.827
26576 344.637
26587 354.665
26598 350.709
26609 353.329
26620 347.257
26631 347.257
26642 338.437
26653 346.214
26664 346.214
26675 350.709
26686 312.882
26697 348.95
26708 346.214
26719 353.329
26730 344.341
26741 344.637
26752 353.329
26763 335.962
26774 349.811
26785 331.211
26796 345.985
26807 322.004
26818 327.033
26829 339.123
26840 346.847
26851 334.877
26862 348.95
26873 348.95
26884 323.836
26895 325.952
26906 328.584
26917 356.307
26928 346.214
26939 337.062
26950 337.576
26961 348.95
26972 348.95
26983 332.063
26994 360.921
27005 336.688
27016 350.709
27027 342.763
27038 344.341
27049 344.637
27060 332.244
27071 315.201
27082 348.95
27093 351.57
27104 344.111
27115 328.373
27126 297.885
27137 346.214
27148 337.784
27159 330.723
27170 337.607
27181 356.001
27192 295.415
27203 339.123
27214 356.613
27225 333.341
27236 328.584
27247 350.709
27258 346.837
27269 343.052
27280 320.263
27291 350.709
27302 354.665
27313 345.985
27324 329.893
27335 331.467
27346 354.665
27357 320.659
27368 348.088
27379 348.088
27390 336.993
27401 348.95
27412 348.95
27423 344.637
27434 340.701
27445 342.575
27456 311.692
27467 321.793
27478 346.214
27489 354.665
27500 337.784
27511 314.407
27522 348.088
27533 346.214
27544 343.12
27555 350.247
27566 346.847
27577 339.123
27588 318.658
27599 335.425
27610 348.95
27621 351.57
27632 335.473
27643 350.709
27654 340.701
27665 348.088
27676 328.92
27687 348.088
27698 307.018
27709 337.607
27720 346.214
27731 337.062
27742 323.893
27753 339.096
27764 337.607
27775 332.804
27786 326.239
27797 352.044
27808 325.771
27819 315.738
27830 339.123
27841 342.763
27852 352.044
27863 350.709
27874 328.584
27885 342.098
27896 350.709
27907 353.329
27918 343.12
27929 349.811
27940 326.414
27951 337.576
27962 348.95
27973 346.214
27984 328.554
27995 354.665
28006 348.088
28017 348.088
28028 344.341
28039 316.537
28050 356.613
28061 324.349
28072 351.57
28083 345.196
28094 350.171
28105 314.146
28116 348.088
28127 318.081
28138 349.811
28149 333.303
28160 354.665
28171 345.192
28182 314.146
28193 342.575
28204 350.247
28215 319.635
28226 350.709
28237 322.586
28248 337.576
28259 324.349
28270 342.575
28281 344.341
28292 314.903
28303 349.811
28314 319.686
28325 350.709
28336 340.701
28347 316.276
28358 330.931
28369 348.088
28380 330.723
28391 353.329
28402 316
28413 347.257
28424 348.088
28435 346.214
28446 339.133
28457 348.088
28468 348.606
28479 341.017
28490 335.723
28501 333.341
28512 316.463
28523 351.57
28534 343.982
28545 353.329
28556 308.887
28567 341.246
28578 348.95
28589 317.043
28600 317.984
28611 316.537
28622 345.985
28633 343.882
28644 333.583
28655 342.533
28666 319.873
28677 348.088
28688 327.759
28699 337.222
28710 325.771
28721 324.349
28732 353.329
28743 320.698
28754 323.633
28765 334.128
28776 353.329
28787 304.631
28798 335.723
28809 352.044
28820 317.803
28831 350.709
28842 348.95
28853 332.804
28864 351.57
28875 353.329
28886 310.483
28897 352.044
28908 352.044
28919 292.776
28930 342.575
28941 324.358
28952 337.222
28963 323.896
28974 325.952
28985 353.329
28996 325.697
29007 348.835
29018 346.847
29029 347.076
29040 325.697
29051 352.906
29062 312.755
29073 348.95
29084 337.062
29095 307.018
29106 350.709
29117 350.709
29128 345.985
29139 346.214
29150 356.491
29161 340.472
29172 341.017
29183 346.214
29194 345.985
29205 340.701
29216 350.477
29227 348.088
29238 325.952
29249 340.472
29260 318.383
29271 339.096
29282 327.063
29293 331.238
29304 324.432
29315 338.437
29326 329.899
29337 316.276
29348 339.958
29359 350.709
29370 344.341
29381 346.214
29392 351.57
29403 340.472
29414 350.709
29425 331.284
29436 339.096
29447 324.894
29458 344.341
29469 336.993
29480 310.172
29491 352.044
29502 348.606
29513 350.709
29524 342.763
29535 328.584
29546 310.195
29557 339.371
29568 319.947
29579 342.575
29590 343.437
29601 356.613
29612 340.472
29623 336.993
29634 336.761
29645 328.373
29656 345.498
29667 342.575
29678 310.172
29689 334.384
29700 325.771
29711 349.811
29722 352.906
29733 339.958
29744 348.95
29755 353.329
29766 340.701
29777 348.835
29788 344.111
29799 339.133
29810 325.767
29821 348.088
29832 335.723
29843 342.575
29854 348.088
29865 350.709
29876 348.95
29887 342.575
29898 356.307
29909 314.146
29920 341.246
29931 341.236
29942 352.906
29953 329.376
29964 344.341
29975 329.41
29986 335.473
29997 334.124
30008 345.985
30019 352.906
30030 345.985
30041 341.017
30052 354.665
30063 354.665
30074 344.341
30085 342.763
30096 324.069
30107 302.264
30118 350.709
30129 306.293
30140 350.709
30151 352.044
30162 303.423
30173 336.993
30184 348.95
30195 333.583
30206 341.017
30217 337.062
30228 308.887
30239 335.644
30250 354.665
30261 331.238
30272 350.709
30283 335.425
30294 348.835
30305 340.472
30316 341.017
30327 315.225
30338 334.128
30349 352.044
30360 336.268
30371 322.218
30382 327.759
30393 324.972
30404 324.069
30415 349.811
30426 337.613
30437 348.606
30448 346.214
30459 341.236
30470 326.239
30481 322.292
30492 345.985
30503 342.575
30514 361.227
30525 342.575
30536 351.57
30547 326.414
30558 318.602
30569 345.74
30580 332.608
30591 354.665
30602 346.214
30613 348.835
30624 336.751
30635 353.329
30646 326.239
30657 350.709
30668 353.329
30679 307.293
30690 316.276
30701 306.762
30712 327.572
30723 350.709
30734 353.329
30745 340.196
30756 340.472
30767 352.35
30778 348.835
30789 313.42
30800 316
30811 343.437
30822 344.637
30833 353.329
30844 348.95
30855 348.95
30866 353.329
30877 351.57
30888 322.218
30899 320.799
30910 329.337
30921 348.95
30932 330.701
30943 337.576
30954 348.95
30965 330.725
30976 344.341
30987 319.873
30998 342.575
31009 339.096
31020 352.044
31031 346.214
31042 318.057
31053 343.12
31064 343.882
31075 348.95
31086 325.517
31097 351.57
31108 307.106
31119 345.985
31130 350.709
31141 350.709
31152 337.607
31163 345.985
31174 346.214
31185 354.665
31196 340.472
31207 348.088
31218 334.384
31229 335.644
31240 334.877
31251 339.123
31262 344.111
31273 353.329
31284 350.709
31295 348.95
31306 348.835
31317 348.835
31328 329.899
31339 299.978
31350 329.107
31361 348.088
31372 348.088
31383 354.971
31394 320.511
31405 352.044
31416 339.123
31427 345.985
31438 342.533
31449 345.985
31460 362.805
31471 348.95
31482 342.533
31493 345.985
31504 345.985
31515 331.783
31526 346.847
31537 348.95
31548 344.111
31559 313.958
31570 318.602
31581 352.906
31592 344.637
31603 339.668
31614 354.665
31625 341.246
31636 348.95
31647 296.326
31658 345.192
31669 320.698
31680 350.709
31691 339.133
31702 328.584
31713 348.088
31724 332.063
31735 342.533
31746 333.831
31757 342.533
31768 348.088
31779 346.214
31790 348.606
31801 324.349
31812 350.709
31823 339.668
31834 342.533
31845 323.836
31856 345.196
31867 354.665
31878 343.12
31889 348.95
31900 352.906
31911 339.123
31922 323.812
31933 318.383
31944 356.001
31955 341.246
31966 333.583
31977 352.044
31988 342.575
31999 339.668
32010 345.196
32021 340.701
32032 324.873
32043 348.606
32054 342.763
32065 340.196
32076 337.062
32087 350.709
32098 352.35
32109 346.847
32120 332.244
32131 345.985
32142 342.575
32153 345.985
32164 348.835
32175 329.204
32186 348.95
32197 356.307
32208 337.222
32219 339.668
32230 348.95
32241 353.329
32252 344.111
32263 347.076
32274 345.196
32285 345.985
32296 348.95
32307 337.607
32318 315.74
32329 325.952
32340 302.783
32351 314.333
32362 341.246
32373 326.239
32384 348.088
32395 350.247
32406 348.088
32417 348.835
32428 353.329
32439 324.757
32450 323.812
32461 344.111
32472 315.763
32483 344.111
32494 332.063
32505 347.076
32516 350.709
32527 351.57
32538 350.709
32549 343.882
32560 348.088
32571 314.43
32582 318.341
32593 334.124
32604 350.709
32615 345.985
32626 348.088
32637 352.044
32648 334.384
32659 339.123
32670 344.341
32681 346.847
32692 337.607
32703 353.212
32714 354.665
32725 314.146
32736 348.088
32747 343.856
32758 345.985
32769 337.062
32780 297.885
32791 359.653
32802 327.856
32813 350.709
32824 311.715
32835 348.088
32846 335.723
32857 325.771
32868 351.57
32879 333.299
32890 337.222
32901 356.001
32912 341.017
32923 353.329
32934 335.644
32945 328.584
32956 334.648
32967 348.088
32978 346.214
32989 342.575
33000 348.95
33011 360.921
33022 339.362
33033 353.871
33044 347.076
33055 346.214
33066 354.665
33077 337.784
33088 342.533
33099 339.096
33110 327.291
33121 330.723
33132 325.975
33143 320.511
33154 321.467
33165 325.952
33176 350.171
33187 350.709
33198 346.214
33209 344.637
33220 326.316
33231 354.665
33242 313.608
33253 329.899
33264 334.648
33275 345.498
33286 316
33297 348.088
33308 347.257
33319 345.74
33330 345.196
33341 339.668
33352 346.847
33363 353.329
33374 303.453
33385 345.985
33396 343.12
33407 343.437
33418 326.489
33429 353.329
33440 333.583
33451 350.709
33462 336.993
33473 345.985
33484 348.95
33495 346.847
33506 343.437
33517 352.044
33528 348.835
33539 340.196
33550 319.623
33561 354.665
33572 346.214
33583 301.551
33594 342.098
33605 343.882
33616 297.885
33627 347.257
33638 348.95
33649 354.665
33660 327.063
33671 331.284
33682 345.196
33693 322.829
33704 299.978
33715 324.069
33726 354.665
33737 320.511
33748 350.709
33759 348.088
33770 318.602
33781 342.575
33792 342.533
33803 332.244
33814 343.052
33825 341.246
33836 356.307
33847 348.593
33858 329.899
33869 340.472
33880 348.606
33891 325.771
33902 348.95
33913 350.709
33924 322.829
33935 343.12
33946 348.088
33957 346.214
33968 331.211
33979 336.268
33990 324.349
34001 346.847
34012 346.847
34023 346.847
34034 327.759
34045 344.111
34056 329.353
34067 346.214
34078 350.709
34089 333.341
34100 329.181
34111 348.088
34122 354.971
34133 350.709
34144 348.95
34155 348.088
34166 351.57
34177 337.607
34188 350.709
34199 353.329
34210 342.533
34221 339.123
34232 345.196
34243 350.709
34254 334.648
34265 341.236
34276 312.029
34287 324.069
34298 322.218
34309 331.175
34320 351.57
34331 325.952
34342 313.958
34353 336.993
34364 351.57
34375 348.088
34386 325.414
34397 348.088
34408 343.982
34419 319.686
34430 342.763
34441 351.57
34452 320.469
34463 356.001
34474 325.771
34485 336.993
34496 338.152
34507 350.709
34518 343.12
34529 340.701
34540 351.57
34551 307.018
34562 342.575
34573 319.686
34584 337.576
34595 336.751
34606 341.236
34617 325.952
34628 337.062
34639 348.088
34650 348.088
34661 342.575
34672 350.709
34683 314.903
34694 315.74
34705 348.088
34716 350.709
34727 334.979
34738 356.307
34749 323.812
34760 337.576
34771 315.763
34782 349.811
34793 348.95
34804 350.709
34815 342.533
34826 339.362
34837 339.958
34848 350.709
34859 346.214
34870 346.214
34881 353.329
34892 334.124
34903 328.554
34914 339.123
34925 344.637
34936 335.723
34947 335.644
34958 334.128
34969 327.759
34980 331.783
34991 327.828
35002 316.537
35013 335.723
35024 345.985
35035 350.709
35046 348.835
35057 356.965
35068 344.111
35079 333.303
35090 342.098
35101 351.57
35112 339.133
35123 345.196
35134 348.95
35145 339.668
35156 350.709
35167 348.088
35178 302.783
35189 315.179
35200 313.42
35211 332.063
35222 345.985
35233 346.214
35244 301.551
35255 341.185
35266 349.811
35277 326.316
35288 308.963
35299 308.138
35310 308.679
35321 350.709
35332 313.958
35343 340.472
35354 351.57
35365 350.709
35376 340.472
35387 346.847
35398 314.903
35409 324.349
35420 345.985
35431 344.637
35442 341.017
35453 342.575
35464 315.179
35475 334.384
35486 329.107
35497 349.941
35508 307.106
35519 319.228
35530 342.533
35541 329.41
35552 341.246
35563 356.307
35574 342.575
35585 352.35
35596 352.044
35607 337.613
35618 340.472
35629 301.826
35640 322.218
35651 314.407
35662 345.985
35673 351.57
35684 349.811
35695 340.701
35706 346.214
35717 346.214
35728 356.491
35739 346.847
35750 346.214
35761 337.613
35772 339.096
35783 353.329
35794 351.57
35805 337.062
35816 348.088
35827 336.993
35838 314.333
35849 350.709
35860 348.835
35871 344.111
35882 340.472
35893 348.088
35904 350.477
35915 343.12
35926 340.472
35937 337.784
35948 348.088
35959 343.12
35970 348.95
35981 349.811
35992 335.723
36003 331.238
36014 350.709
36025 336.751
36036 348.95
36047 352.044
36058 337.607
36069 317.544
36080 342.575
36091 353.329
36102 336.993
36113 356.001
36124 346.214
36135 332.608
36146 343.882
36157 343.12
36168 312.229
36179 347.076
36190 320.123
36201 348.088
36212 351.57
36223 349.811
36234 337.062
36245 343.12
36256 319.947
36267 329.15
36278 326.239
36289 320.772
36300 339.096
36311 339.668
36322 345.498
36333 353.329
36344 335.723
36355 326.976
36366 339.668
36377 356.001
36388 350.709
36399 344.111
36410 343.437
36421 348.835
36432 345.498
36443 347.076
36454 344.111
36465 332.244
36476 340.472
36487 304.297
36498 333.532
36509 342.763
36520 342.533
36531 344.341
36542 353.329
36553 332.608
36564 344.111
36575 329.353
36586 346.214
36597 327.828
36608 353.329
36619 341.017
36630 351.57
36641 346.214
36652 330.954
36663 351.57
36674 334.124
36685 351.57
36696 345.498
36707 337.062
36718 346.214
36729 341.017
36740 340.701
36751 352.906
36762 323.812
36773 341.013
36784 322.004
36795 339.362
36806 351.57
36817 351.57
36828 356.307
36839 331.238
36850 341.246
36861 344.637
36872 343.12
36883 333.303
36894 319.947
36905 344.111
36916 329.181
36927 325.51
36938 325.414
36949 356.965
36960 343.982
36971 332.608
36982 352.35
36993 346.214
37004 345.985
37015 344.341
37026 353.329
37037 356.001
37048 332.146
37059 343.882
37070 321.467
37081 352.906
37092 353.329
37103 347.257
37114 343.437
37125 331.023
37136 328.373
37147 314.43
37158 353.329
37169 322.542
37180 312.882
37191 350.709
37202 348.088
37213 348.088
37224 337.062
37235 328.554
37246 310.098
37257 347.076
37268 350.709
37279 342.218
37290 306.568
37301 344.111
37312 337.576
37323 354.971
37334 348.088
37345 330.725
37356 337.784
37367 334.384
37378 351.57
37389 344.111
37400 348.088
37411 332.608
37422 350.709
37433 348.088
37444 343.882
37455 335.702
37466 335.473
37477 348.835
37488 343.12
37499 356.001
37510 348.088
37521 353.329
37532 336.993
37543 344.111
37554 339.123
37565 348.95
37576 348.606
37587 347.076
37598 325.697
37609 331.238
37620 320.659
37631 340.472
37642 356.307
37653 353.329
37664 340.707
37675 350.709
37686 352.906
37697 343.12
37708 351.57
37719 350.709
37730 354.665
37741 335.473
37752 350.709
37763 356.491
37774 339.123
37785 333.532
37796 333.583
37807 351.57
37818 346.214
37829 353.329
37840 329.899
37851 344.637
37862 349.811
37873 354.971
37884 316.752
37895 343.882
37906 341.246
37917 354.665
37928 346.847
37939 353.329
37950 345.985
37961 341.017
37972 340.701
37983 339.958
37994 335.644
38005 339.133
38016 315.927
38027 344.111
38038 350.709
38049 350.709
38060 346.214
38071 345.196
38082 349.811
38093 301.551
38104 346.214
38115 350.709
38126 339.123
38137 356.001
38148 337.222
38159 348.088
38170 336.993
38181 345.985
38192 329.893
38203 335.644
38214 339.668
38225 339.362
38236 344.341
38247 320.659
38258 344.341
38269 348.835
38280 325.033
38291 319.686
38302 348.088
38313 354.971
38324 341.017
38335 350.709
38346 340.701
38357 346.847
38368 339.133
38379 337.297
38390 335.473
38401 344.637
38412 350.709
38423 350.709
38434 356.613
38445 348.95
0 269.583
11 307.942
22 279.701
33 280.229
44 279.701
55 300.876
66 314.457
77 320.71
88 298.134
99 312.608
110 319.259
121 307.942
132 292.016
143 313.403
154 322.509
165 314.059
176 283.65
187 314.059
198 325.91
209 309.673
220 326.667
231 315.858
242 331.171
253 280.372
264 315.51
275 284.663
286 309.881
297 279.844
308 317.309
319 323.613
330 322.509
341 310.071
352 305.476
363 309.673
374 319.259
385 296.45
396 316.256
407 321.813
418 309.484
429 314.059
440 313.403
451 319.656
462 307.277
473 297.08
484 331.171
495 280.758
506 300.284
517 307.942
528 315.51
539 328.117
550 310.071
561 317.052
572 313.403
583 313.006
594 308.339
605 312.608
616 314.457
627 321.813
638 327.013
649 309.484
660 334.225
671 318.851
682 320.76
693 313.006
704 323.613
715 319.108
726 315.999
737 317.309
748 331.171
759 304.284
770 290.185
781 307.534
792 313.006
803 315.858
814 313.403
825 319.108
836 309.673
847 313.006
858 314.059
869 309.484
880 310.49
891 317.052
902 319.108
913 317.309
924 313.403
935 319.108
946 313.006
957 312.608
968 305.007
979 303.531
990 312.608
1001 316.256
1012 323.613
1023 322.509
1034 315.999
1045 313.006
1056 320.71
1067 319.108
1078 313.006
1089 320.362
1100 319.108
1111 305.823
1122 307.942
1133 307.942
1144 315.601
1155 319.108
1166 310.49
1177 304.284
1188 314.457
1199 318.851
1210 314.457
1221 322.252
1232 313.403
1243 315.858
1254 313.403
1265 315.601
1276 309.673
1287 326.409
1298 325.91
1309 297.152
1320 304.284
1331 313.403
1342 309.484
1353 310.887
1364 317.309
1375 315.51
1386 313.403
1397 313.006
1408 313.006
1419 314.457
1430 288.406
1441 314.059
1452 309.673
1463 331.171
1474 316.256
1485 326.409
1496 323.613
1507 327.013
1518 315.601
1529 313.403
1540 313.006
1551 313.006
1562 296.001
1573 317.309
1584 317.052
1595 321.813
1606 312.608
1617 315.858
1628 310.887
1639 323.613
1650 313.403
1661 315.601
1672 305.823
1683 312.608
1694 328.117
1705 315.999
1716 320.76
1727 313.006
1738 327.013
1749 317.309
1760 304.284
1771 314.457
1782 313.403
1793 313.403
1804 300.094
1815 305.007
1826 320.76
1837 300.81
1848 318.594
1859 321.813
1870 307.942
1881 320.76
1892 320.76
1903 320.76
1914 312.608
1925 307.365
1936 314.059
1947 318.594
1958 313.403
1969 321.813
1980 313.006
1991 315.51
2002 313.403
2013 312.608
2024 313.403
2035 312.608
2046 315.999
2057 331.171
2068 309.484
2079 310.887
2090 322.509
2101 313.006
2112 305.476
2123 309.673
2134 323.613
2145 313.006
2156 312.608
2167 316.256
2178 312.608
2189 312.608
2200 304.284
2211 304.681
2222 313.006
2233 313.403
2244 314.457
2255 328.117
2266 313.403
2277 299.617
2288 309.484
2299 312.608
2310 313.403
2321 314.457
2332 313.006
2343 318.851
2354 313.006
2365 313.403
2376 308.372
2387 316.256
2398 307.365
2409 323.613
2420 315.601
2431 314.457
2442 313.006
2453 305.476
2464 313.006
2475 316.256
2486 305.476
2497 296.001
2508 321.813
2519 305.823
2530 320.76
2541 313.006
2552 312.608
2563 315.999
2574 316.256
2585 313.006
2596 313.006
2607 315.999
2618 318.594
2629 318.851
2640 305.874
2651 313.403
2662 323.355
2673 309.484
2684 313.006
2695 313.403
2706 315.858
2717 320.362
2728 307.942
2739 323.613
2750 318.851
2761 319.108
2772 313.006
2783 312.608
2794 334.225
2805 313.006
2816 317.309
2827 310.49
2838 312.608
2849 313.006
2860 317.309
2871 313.403
2882 315.858
2893 315.999
2904 315.999
2915 310.49
2926 313.006
2937 312.608
2948 315.51
2959 317.052
2970 323.613
2981 321.813
2992 316.256
3003 331.171
3014 320.76
3025 323.355
3036 323.613
3047 314.457
3058 302.351
3069 319.108
3080 314.457
3091 326.667
3102 313.006
3113 313.403
3124 322.509
3135 313.403
3146 326.409
3157 307.365
3168 319.108
3179 313.006
3190 313.006
3201 313.403
3212 320.76
3223 327.013
3234 312.608
3245 302.351
3256 312.608
3267 313.006
3278 323.355
3289 304.284
3300 312.608
3311 323.355
3322 318.594
3333 310.49
3344 313.403
3355 304.817
3366 314.059
3377 313.74
3388 323.613
3399 313.403
3410 314.059
3421 322.252
3432 304.284
3443 315.999
3454 316.256
3465 318.851
3476 323.613
3487 316.256
3498 310.887
3509 313.483
3520 316.256
3531 315.858
3542 322.252
3553 313.006
3564 322.509
3575 313.403
3586 322.509
3597 324.868
3608 314.059
3619 320.76
3630 314.457
3641 313.403
3652 328.117
3663 323.355
3674 312.608
3685 326.409
3696 322.509
3707 315.999
3718 314.457
3729 313.006
3740 316.256
3751 315.999
3762 317.052
3773 307.365
3784 323.613
3795 325.91
3806 320.76
3817 317.052
3828 312.608
3839 313.006
3850 318.594
3861 328.117
3872 315.858
3883 307.942
3894 313.403
3905 313.006
3916 315.999
3927 322.509
3938 317.309
3949 315.51
3960 322.509
3971 317.052
3982 316.256
3993 316.256
4004 313.006
4015 310.49
4026 312.608
4037 302.351
4048 323.355
4059 317.052
4070 315.601
4081 305.823
4092 319.108
4103 305.874
4114 313.403
4125 315.999
4136 313.006
4147 328.117
4158 321.813
4169 322.252
4180 315.999
4191 313.403
4202 313.006
4213 316.256
4224 314.457
4235 322.509
4246 313.403
4257 315.858
4268 294.809
4279 305.476
4290 314.457
4301 313.403
4312 313.403
4323 318.851
4334 326.409
4345 311.941
4356 328.117
4367 319.108
4378 303.358
4389 312.608
4400 303.531
4411 327.013
4422 318.851
4433 314.457
4444 307.942
4455 310.49
4466 307.942
4477 309.484
4488 315.601
4499 312.608
4510 314.457
4521 313.403
4532 313.403
4543 314.457
4554 316.256
4565 312.608
4576 315.999
4587 313.403
4598 312.608
4609 318.851
4620 312.608
4631 305.476
4642 322.509
4653 314.457
4664 314.457
4675 310.887
4686 310.49
4697 318.851
4708 322.509
4719 303.133
4730 315.999
4741 314.059
4752 304.817
4763 323.613
4774 313.006
4785 313.006
4796 312.608
4807 313.006
4818 318.851
4829 318.594
4840 323.613
4851 319.108
4862 315.601
4873 312.608
4884 313.403
4895 318.851
4906 314.059
4917 313.403
4928 313.403
4939 312.477
4950 312.608
4961 310.49
4972 307.365
4983 315.999
4994 312.608
5005 313.006
5016 323.814
5027 312.608
5038 312.608
5049 284.663
5060 313.403
5071 312.608
5082 313.006
5093 300.81
5104 318.851
5115 314.457
5126 313.006
5137 312.608
5148 313.006
5159 313.006
5170 314.457
5181 313.403
5192 302.351
5203 310.49
5214 313.006
5225 313.006
5236 316.256
5247 313.403
5258 319.108
5269 313.006
5280 322.509
5291 318.851
5302 313.403
5313 313.006
5324 315.601
5335 313.403
5346 323.355
5357 313.403
5368 312.608
5379 319.108
5390 313.403
5401 313.006
5412 316.256
5423 317.052
5434 323.613
5445 310.49
5456 314.457
5467 315.999
5478 294.908
5489 315.51
5500 318.851
5511 313.006
5522 305.476
5533 313.403
5544 314.457
5555 314.059
5566 319.108
5577 308.339
5588 322.509
5599 314.457
5610 313.403
5621 318.594
5632 318.594
5643 305.476
5654 331.171
5665 313.403
5676 318.851
5687 315.601
5698 310.49
5709 314.059
5720 323.355
5731 316.256
5742 318.594
5753 317.309
5764 303.133
5775 320.71
5786 316.256
5797 313.006
5808 313.006
5819 308.339
5830 317.309
5841 313.006
5852 315.51
5863 313.006
5874 323.613
5885 317.309
5896 326.409
5907 312.608
5918 319.108
5929 313.006
5940 328.117
5951 312.608
5962 319.656
5973 323.613
5984 305.476
5995 315.999
6006 315.601
6017 312.608
6028 327.013
6039 313.403
6050 323.613
6061 313.006
6072 314.059
6083 312.608
6094 313.403
6105 300.81
6116 313.006
6127 314.457
6138 314.457
6149 310.49
6160 312.608
6171 322.252
6182 319.259
6193 315.999
6204 313.006
6215 318.851
6226 305.476
6237 317.052
6248 308.372
6259 313.403
6270 319.108
6281 328.117
6292 313.006
6303 310.49
6314 316.256
6325 322.252
6336 305.476
6347 310.49
6358 313.006
6369 295.96
6380 327.013
6391 312.608
6402 317.052
6413 305.874
6424 317.052
6435 315.999
6446 315.51
6457 318.851
6468 313.006
6479 303.133
6490 317.309
6501 315.999
6512 310.49
6523 315.601
6534 311.941
6545 313.403
6556 322.252
6567 315.601
6578 315.601
6589 310.49
6600 317.309
6611 323.613
6622 315.601
6633 318.851
6644 313.403
6655 317.052
6666 310.49
6677 322.252
6688 303.133
6699 323.613
6710 313.006
6721 322.509
6732 323.355
6743 330.067
6754 310.887
6765 313.006
6776 297.152
6787 326.667
6798 327.013
6809 315.601
6820 322.509
6831 322.509
6842 313.006
6853 334.225
6864 322.509
6875 314.457
6886 312.608
6897 313.006
6908 319.108
6919 314.059
6930 328.117
6941 313.006
6952 314.457
6963 322.509
6974 315.999
6985 304.817
6996 312.608
7007 314.059
7018 312.608
7029 328.117
7040 315.51
7051 314.457
7062 313.403
7073 315.999
7084 313.74
7095 318.594
7106 296.45
7117 312.608
7128 328.117
7139 313.403
7150 309.484
7161 319.108
7172 313.403
7183 313.403
7194 319.108
7205 313.006
7216 319.108
7227 322.509
7238 315.999
7249 313.006
7260 312.608
7271 328.117
7282 319.108
7293 313.403
7304 313.006
7315 314.457
7326 327.013
7337 318.851
7348 315.999
7359 322.509
7370 323.613
7381 309.484
7392 313.403
7403 318.851
7414 313.006
7425 313.403
7436 313.006
7447 317.052
7458 318.851
7469 314.457
7480 312.608
7491 320.76
7502 313.403
7513 323.613
7524 319.108
7535 315.999
7546 309.484
7557 316.256
7568 313.403
7579 315.51
7590 328.117
7601 313.403
7612 317.052
7623 331.171
7634 319.656
7645 312.608
7656 313.006
7667 316.256
7678 312.608
7689 313.006
7700 320.76
7711 328.117
7722 310.887
7733 313.006
7744 312.608
7755 315.999
7766 315.601
7777 303.133
7788 315.858
7799 318.851
7810 317.052
7821 315.999
7832 309.484
7843 314.457
7854 318.594
7865 319.108
7876 314.457
7887 312.608
7898 318.594
7909 319.108
7920 310.887
7931 322.509
7942 308.339
7953 322.252
7964 298.094
7975 313.006
7986 313.403
7997 315.999
8008 318.594
8019 312.608
8030 307.365
8041 313.006
8052 305.476
8063 313.403
8074 318.851
8085 317.052
8096 313.403
8107 312.608
8118 312.608
8129 319.656
8140 286.541
8151 317.052
8162 314.059
8173 310.49
8184 314.059
8195 327.013
8206 330.067
8217 313.403
8228 313.403
8239 317.309
8250 315.601
8261 314.457
8272 313.403
8283 312.608
8294 316.256
8305 313.403
8316 312.608
8327 320.76
8338 310.887
8349 315.601
8360 315.999
8371 310.49
8382 317.052
8393 327.013
8404 316.256
8415 313.403
8426 313.403
8437 314.059
8448 316.256
8459 313.006
8470 313.006
8481 313.403
8492 326.409
8503 315.601
8514 313.403
8525 310.935
8536 318.851
8547 313.403
8558 312.608
8569 322.509
8580 313.403
8591 313.403
8602 315.999
8613 328.117
8624 315.51
8635 315.51
8646 314.457
8657 313.006
8668 314.457
8679 321.813
8690 316.256
8701 313.006
8712 315.51
8723 317.309
8734 328.117
8745 327.013
8756 312.608
8767 305.823
8778 300.009
8789 323.613
8800 313.006
8811 309.393
8822 304.817
8833 323.814
8844 323.613
8855 310.935
8866 300.009
8877 314.457
8888 315.51
8899 312.608
8910 312.608
8921 320.71
8932 296.001
8943 304.681
8954 315.999
8965 313.006
8976 313.006
8987 317.052
8998 322.252
9009 322.252
9020 314.059
9031 319.108
9042 327.013
9053 313.006
9064 327.013
9075 319.656
9086 315.999
9097 313.006
9108 317.309
9119 318.851
9130 309.393
9141 312.608
9152 328.117
9163 319.259
9174 323.613
9185 312.608
9196 322.509
9207 327.013
9218 313.403
9229 331.171
9240 315.999
9251 327.013
9262 322.509
9273 310.49
9284 322.509
9295 321.813
9306 313.006
9317 305.476
9328 315.999
9339 314.457
9350 317.309
9361 328.117
9372 313.006
9383 309.484
9394 313.006
9405 310.887
9416 328.117
9427 319.108
9438 300.009
9449 327.013
9460 310.887
9471 310.49
9482 304.681
9493 312.477
9504 316.256
9515 326.409
9526 313.006
9537 315.51
9548 310.887
9559 331.171
9570 313.403
9581 315.601
9592 323.613
9603 320.362
9614 320.76
9625 331.171
9636 313.006
9647 312.608
9658 309.484
9669 318.594
9680 314.457
9691 313.403
9702 322.509
9713 310.49
9724 314.457
9735 320.76
9746 312.608
9757 313.403
9768 318.851
9779 316.256
9790 314.457
9801 313.403
9812 312.608
9823 315.999
9834 313.006
9845 317.052
9856 312.608
9867 313.006
9878 313.006
9889 331.171
9900 312.608
9911 316.256
9922 322.509
9933 319.108
9944 326.667
9955 313.006
9966 315.601
9977 313.403
9988 300.81
9999 313.403
0 298.556
11 332.371
22 265.887
33 353.329
44 312.496
55 354.971
66 319.268
77 297.791
88 312.496
99 350.34
110 353.329
121 333.237
132 348.899
143 307.781
154 291.679
165 359.506
176 358.054
187 333.237
198 347.257
209 358.054
220 354.971
231 286.535
242 353.329
253 354.971
264 326.516
275 303.657
286 347.257
297 356.491
308 353.329
319 354.971
330 326.219
341 316.535
352 312.094
363 326.516
374 322.259
385 321.885
396 309.945
407 336.245
418 347.257
429 354.971
440 330.596
451 334.743
462 325.288
473 354.971
484 343.179
495 333.302
506 308.735
517 311.385
528 299.703
539 359.574
550 348.899
561 349.356
572 354.971
583 334.743
594 334.603
605 303.21
616 350.419
627 347.257
638 359.506
649 365.842
660 353.329
671 291.758
682 341.185
693 325.354
704 353.329
715 286.535
726 347.257
737 312.561
748 342.626
759 320.444
770 305.712
781 365.683
792 329.972
803 347.257
814 304.759
825 307.79
836 339.374
847 348.698
858 350.34
869 313.993
880 354.971
891 344.066
902 354.971
913 339.374
924 320.444
935 328.531
946 329.678
957 320.444
968 333.237
979 321.885
990 339.309
1001 350.419
1012 328.531
1023 306.851
1034 348.698
1045 313.993
1056 312.496
1067 353.329
1078 322.493
1089 309.945
1100 315.877
1111 362.747
1122 347.257
1133 299.703
1144 328.486
1155 299.703
1166 306.435
1177 365.763
1188 354.971
1199 308.735
1210 307.79
1221 332.719
1232 279.766
1243 356.613
1254 312.496
1265 301.753
1276 332.719
1287 301.673
1298 336.279
1309 307.79
1320 330.207
1331 353.329
1342 339.309
1353 322.493
1364 331.648
1375 356.613
1386 362.668
1397 353.329
1408 348.899
1419 285.359
1430 334.743
1441 344.066
1452 340.951
1463 312.473
1474 291.158
1485 333.302
1496 339.309
1507 316.6
1518 348.899
1529 350.34
1540 334.603
1551 356.412
1562 328.531
1573 362.747
1584 328.531
1595 356.412
1606 326.568
1617 354.971
1628 347.257
1639 328.486
1650 354.971
1661 319.23
1672 342.626
1683 297.38
1694 362.747
1705 312.496
1716 353.329
1727 358.054
1738 342.626
1749 342.626
1760 299.703
1771 297.38
1782 356.613
1793 328.531
1804 351.78
1815 297.352
1826 277.248
1837 358.054
1848 312.496
1859 337.921
1870 299.703
1881 334.361
1892 332.719
1903 294.622
1914 348.698
1925 309.839
1936 329.972
1947 358.054
1958 298.527
1969 295.431
1980 307.79
1991 301.673
2002 348.698
2013 306.614
2024 320.738
2035 298.556
2046 344.066
2057 273.367
2068 341.185
2079 354.971
2090 353.329
2101 342.626
2112 309.839
2123 315.877
2134 326.516
2145 354.971
2156 334.677
2167 307.79
2178 320.444
2189 353.329
2200 347.257
2211 298.556
2222 344.066
2233 361.148
2244 356.491
2255 350.34
2266 305.906
2277 320.709
2288 339.374
2299 354.971
2310 354.971
2321 353.329
2332 347.257
2343 328.531
2354 310.589
2365 354.971
2376 362.589
2387 304.73
2398 308.717
2409 358.054
2420 356.412
2431 353.329
2442 353.329
2453 358.054
2464 353.329
2475 344.066
2486 304.386
2497 348.899
2508 321.885
2519 313.993
2530 321.885
2541 353.329
2552 315.877
2563 365.683
2574 353.329
2585 336.245
2596 353.329
2607 332.719
2618 347.257
2629 347.257
2640 348.698
2651 328.158
2662 329.972
2673 309.466
2684 312.561
2695 358.054
2706 356.613
2717 339.374
2728 334.603
2739 353.329
2750 356.412
2761 337.686
2772 356.412
2783 370.382
2794 348.899
2805 350.34
2816 353.329
2827 353.329
2838 334.603
2849 328.531
2860 339.374
2871 334.603
2882 354.971
2893 326.516
2904 325.369
2915 362.668
2926 354.971
2937 353.329
2948 329.972
2959 329.599
2970 314.149
2981 347.257
2992 359.574
3003 347.257
3014 358.054
3025 347.257
3036 320.583
3047 321.885
3058 339.374
3069 315.877
3080 305.906
3091 356.491
3102 315.669
3113 328.531
3124 342.626
3135 348.899
3146 354.971
3157 334.603
3168 320.444
3179 347.257
3190 348.899
3201 347.257
3212 312.109
3223 348.698
3234 339.374
3245 331.648
3256 337.921
3267 318.764
3278 347.257
3289 326.647
3300 354.971
3311 334.603
3322 339.309
3333 354.971
3344 328.531
3355 342.626
3366 354.971
3377 336.245
3388 312.473
3399 354.971
3410 331.648
3421 298.556
3432 354.971
3443 358.133
3454 356.613
3465 356.412
3476 297.38
3487 326.568
3498 354.971
3509 298.527
3520 331.199
3531 315.669
3542 328.531
3553 273.367
3564 328.158
3575 353.329
3586 353.329
3597 358.054
3608 307.79
3619 334.361
3630 350.34
3641 339.374
3652 354.971
3663 359.494
3674 347.257
3685 334.603
3696 347.257
3707 356.412
3718 359.586
3729 320.648
3740 347.257
3751 348.899
3762 304.386
3773 331.199
3784 294.622
3795 356.412
3806 273.367
3817 329.972
3828 353.329
3839 305.906
3850 329.972
3861 356.412
3872 356.491
3883 353.329
3894 320.444
3905 304.73
3916 301.753
3927 334.603
3938 313.993
3949 334.603
3960 329.972
3971 353.329
3982 356.491
3993 303.802
4004 354.971
4015 356.412
4026 286.535
4037 315.877
4048 359.653
4059 354.971
4070 294.622
4081 354.971
4092 298.527
4103 359.506
4114 299.703
4125 356.412
4136 309.839
4147 347.257
4158 336.245
4169 326.516
4180 304.386
4191 313.993
4202 351.78
4213 344.066
4224 350.419
4235 353.329
4246 351.78
4257 344.066
4268 286.535
4279 329.972
4290 332.719
4301 273.367
4312 330.207
4323 354.971
4334 362.668
4345 342.626
4356 362.668
4367 359.574
4378 299.703
4389 342.626
4400 320.648
4411 342.626
4422 354.875
4433 362.668
4444 354.971
4455 359.574
4466 358.054
4477 358.054
4488 356.412
4499 312.561
4510 329.972
4521 313.993
4532 350.34
4543 334.603
4554 299.703
4565 339.374
4576 358.133
4587 313.993
4598 341.185
4609 307.79
4620 348.698
4631 317.553
4642 306.614
4653 326.516
4664 329.972
4675 315.877
4686 347.257
4697 353.329
4708 298.527
4719 273.367
4730 329.972
4741 334.603
4752 354.971
4763 334.603
4774 332.719
4785 348.698
4796 337.686
4807 347.257
4818 325.369
4829 329.972
4840 359.506
4851 299.703
4862 310.589
4873 353.329
4884 326.647
4895 298.527
4906 339.441
4917 326.516
4928 305.906
4939 313.993
4950 320.648
4961 315.877
4972 336.245
4983 358.054
4994 347.257
5005 332.719
5016 334.603
5027 299.703
5038 313.993
5049 348.698
5060 307.79
5071 317.553
5082 359.574
5093 353.329
5104 339.374
5115 299.703
5126 353.329
5137 342.626
5148 353.329
5159 356.412
5170 299.703
5181 339.362
5192 348.698
5203 353.329
5214 344.066
5225 297.352
5236 298.527
5247 330.207
5258 356.491
5269 315.877
5280 298.556
5291 325.127
5302 350.34
5313 321.885
5324 307.79
5335 311.516
5346 354.971
5357 347.257
5368 356.412
5379 298.527
5390 353.329
5401 365.763
5412 359.494
5423 309.466
5434 353.329
