10 359.494
21 365.842
32 365.842
43 381.27
54 381.27
65 381.27
76 381.27
87 381.27
98 381.27
109 381.27
120 381.27
131 381.27
142 381.27
153 381.27
164 381.27
175 381.27
186 381.27
197 381.27
208 381.27
219 381.27
230 381.27
241 381.27
252 381.27
263 381.27
274 381.27
285 381.27
296 381.27
307 381.27
318 381.27
329 381.27
340 381.27
351 381.27
362 381.27
373 381.27
384 381.27
395 381.27
406 381.27
417 381.27
428 381.27
439 381.27
450 381.27
461 381.27
472 381.27
483 381.27
494 381.27
505 381.27
516 381.27
527 381.27
538 381.27
549 381.27
560 381.27
571 381.27
582 381.27
593 381.27
604 381.27
615 381.27
626 381.27
637 381.27
648 381.27
659 381.27
670 381.27
681 381.27
692 381.27
703 381.27
714 381.27
725 381.27
736 381.27
747 381.27
758 381.27
769 381.27
780 381.27
791 381.27
802 381.27
813 381.27
824 381.27
835 381.27
846 381.27
857 381.27
868 381.27
879 381.27
890 381.27
901 381.27
912 381.27
923 381.27
934 381.27
945 381.27
956 381.27
967 381.27
978 381.27
989 381.27
1000 381.27
1011 381.27
1022 381.27
1033 381.27
1044 381.27
1055 381.27
1066 381.27
1077 381.27
1088 381.27
1099 381.27
1110 381.27
1121 381.27
1132 381.27
1143 381.27
1154 381.27
1165 381.27
1176 381.27
1187 381.27
1198 381.27
1209 381.27
1220 381.27
1231 381.27
1242 381.27
1253 381.27
1264 381.27
1275 381.27
1286 381.27
1297 381.27
1308 381.27
1319 381.27
1330 381.27
1341 381.27
1352 381.27
1363 381.27
1374 381.27
1385 381.27
1396 381.27
1407 381.27
1418 381.27
1429 381.27
1440 381.27
1451 381.27
1462 381.27
1473 381.27
1484 381.27
1495 381.27
1506 381.27
1517 381.27
1528 381.27
1539 381.27
1550 381.27
1561 381.27
1572 381.27
1583 381.27
1594 381.27
1605 381.27
1616 381.27
1627 381.27
1638 381.27
1649 381.27
1660 381.27
1671 381.27
1682 381.27
1693 381.27
1704 381.27
1715 381.27
1726 381.27
1737 381.27
1748 381.27
1759 381.27
1770 381.27
1781 381.27
1792 381.27
1803 381.27
1814 381.27
1825 381.27
1836 381.27
1847 381.27
1858 381.27
1869 381.27
1880 381.27
1891 381.27
1902 381.27
1913 381.27
1924 381.27
1935 381.27
1946 381.27
1957 381.27
1968 381.27
1979 381.27
1990 381.27
2001 381.27
2012 381.27
2023 381.27
2034 381.27
2045 381.27
2056 381.27
2067 381.27
2078 381.27
2089 381.27
2100 381.27
2111 381.27
2122 381.27
2133 381.27
2144 381.27
2155 381.27
2166 381.27
2177 381.27
2188 381.27
2199 381.27
2210 381.27
2221 381.27
2232 381.27
2243 381.27
2254 381.27
2265 381.27
2276 381.27
2287 381.27
2298 381.27
2309 381.27
2320 381.27
2331 381.27
2342 381.27
2353 381.27
2364 381.27
2375 381.27
2386 381.27
2397 381.27
2408 381.27
2419 381.27
2430 381.27
2441 381.27
2452 381.27
2463 381.27
2474 381.27
2485 381.27
2496 381.27
2507 381.27
2518 381.27
2529 381.27
2540 381.27
2551 381.27
2562 381.27
2573 381.27
2584 381.27
2595 381.27
2606 381.27
2617 381.27
2628 381.27
2639 381.27
2650 381.27
2661 381.27
2672 381.27
2683 381.27
2694 381.27
2705 381.27
2716 381.27
2727 381.27
2738 381.27
2749 381.27
2760 381.27
2771 381.27
2782 381.27
2793 381.27
2804 381.27
2815 381.27
2826 381.27
2837 381.27
2848 381.27
2859 381.27
2870 381.27
2881 381.27
2892 381.27
2903 381.27
2914 381.27
2925 381.27
2936 381.27
2947 381.27
2958 381.27
2969 381.27
2980 381.27
2991 381.27
3002 381.27
3013 381.27
3024 381.27
3035 381.27
3046 381.27
3057 381.27
3068 381.27
3079 381.27
3090 381.27
3101 381.27
3112 381.27
3123 381.27
3134 381.27
3145 381.27
3156 381.27
3167 381.27
3178 381.27
3189 381.27
3200 381.27
3211 381.27
3222 381.27
3233 381.27
3244 381.27
3255 381.27
3266 381.27
3277 381.27
3288 381.27
3299 381.27
3310 381.27
3321 381.27
3332 381.27
3343 381.27
3354 381.27
3365 381.27
3376 381.27
3387 381.27
3398 381.27
3409 381.27
3420 381.27
3431 381.27
3442 381.27
3453 381.27
3464 381.27
3475 381.27
3486 381.27
3497 381.27
3508 381.27
3519 381.27
3530 381.27
3541 381.27
3552 381.27
3563 381.27
3574 381.27
3585 381.27
3596 381.27
3607 381.27
3618 381.27
3629 381.27
3640 381.27
3651 381.27
3662 381.27
3673 381.27
3684 381.27
3695 381.27
3706 381.27
3717 381.27
3728 381.27
3739 381.27
3750 381.27
3761 381.27
3772 381.27
3783 381.27
3794 381.27
3805 381.27
3816 381.27
3827 381.27
3838 381.27
3849 381.27
3860 381.27
3871 381.27
3882 381.27
3893 381.27
3904 381.27
3915 381.27
3926 381.27
3937 381.27
3948 381.27
3959 381.27
3970 381.27
3981 381.27
3992 381.27
4003 381.27
4014 381.27
4025 381.27
4036 381.27
4047 381.27
4058 381.27
4069 381.27
4080 381.27
4091 381.27
4102 381.27
4113 381.27
4124 381.27
4135 381.27
4146 381.27
4157 381.27
4168 381.27
4179 381.27
4190 381.27
4201 381.27
4212 381.27
4223 381.27
4234 381.27
4245 381.27
4256 381.27
4267 381.27
4278 381.27
4289 381.27
4300 381.27
4311 381.27
4322 381.27
4333 381.27
4344 381.27
4355 381.27
4366 381.27
4377 381.27
4388 381.27
4399 381.27
4410 381.27
4421 381.27
4432 381.27
4443 381.27
4454 381.27
4465 381.27
4476 381.27
4487 381.27
4498 381.27
4509 381.27
4520 381.27
4531 381.27
4542 381.27
4553 381.27
4564 381.27
4575 381.27
4586 381.27
4597 381.27
4608 381.27
4619 381.27
4630 381.27
4641 381.27
4652 381.27
4663 381.27
4674 381.27
4685 381.27
4696 381.27
4707 381.27
4718 381.27
4729 381.27
4740 381.27
4751 381.27
4762 381.27
4773 381.27
4784 381.27
4795 381.27
4806 381.27
4817 381.27
4828 381.27
4839 381.27
4850 381.27
4861 381.27
4872 381.27
4883 381.27
4894 381.27
4905 381.27
4916 381.27
4927 381.27
4938 381.27
4949 381.27
4960 381.27
4971 381.27
4982 381.27
4993 381.27
5004 381.27
5015 381.27
5026 381.27
5037 381.27
5048 381.27
5059 381.27
5070 381.27
5081 381.27
5092 381.27
5103 381.27
5114 381.27
5125 381.27
5136 381.27
5147 381.27
5158 381.27
5169 381.27
5180 381.27
5191 381.27
5202 381.27
5213 381.27
5224 381.27
5235 381.27
5246 381.27
5257 381.27
5268 381.27
5279 381.27
5290 381.27
5301 381.27
5312 381.27
5323 381.27
5334 381.27
5345 381.27
5356 381.27
5367 381.27
5378 381.27
5389 381.27
5400 381.27
5411 381.27
5422 381.27
5433 381.27
