10 3444.05
21 3509.12
32 3553.21
43 3600.34
54 3625.81
65 3646.56
76 3646.56
87 3769.72
98 3769.72
109 3769.72
120 3769.72
131 3769.72
142 3769.72
153 3769.72
164 3786.74
175 3810.83
186 3810.83
197 3817.82
208 3817.82
219 3817.82
230 3817.82
241 3817.82
252 3817.82
263 3817.82
274 3817.82
285 3817.82
296 3817.82
307 3817.82
318 3817.82
329 3817.82
340 3817.82
351 3817.82
362 3817.82
373 3817.82
384 3817.82
395 3817.82
406 3817.82
417 3817.82
428 3817.82
439 3853.36
450 3853.36
461 3853.36
472 3853.36
483 3853.36
494 3853.36
505 3853.36
516 3853.36
527 3853.36
538 3853.36
549 3853.36
560 3853.36
571 3853.36
582 3856.33
593 3856.33
604 3856.33
615 3856.33
626 3856.33
637 3856.33
648 3856.33
659 3856.33
670 3856.33
681 3862.28
692 3862.28
703 3862.28
714 3862.28
725 3880.45
736 3880.45
747 3880.45
758 3880.45
769 3880.45
780 3880.45
791 3880.45
802 3880.45
813 3880.45
824 3880.45
835 3880.45
846 3880.45
857 3880.45
868 3880.45
879 3880.45
890 3880.45
901 3880.45
912 3880.45
923 3880.45
934 3880.45
945 3880.45
956 3880.45
967 3880.45
978 3880.45
989 3880.45
1000 3880.45
1011 3880.45
1022 3880.45
1033 3880.45
1044 3880.45
1055 3880.45
1066 3880.45
1077 3880.45
1088 3880.45
1099 3880.45
1110 3880.45
1121 3880.45
1132 3880.45
1143 3880.45
1154 3880.45
1165 3880.45
1176 3880.45
1187 3880.45
1198 3880.45
1209 3880.45
1220 3880.45
1231 3880.45
1242 3880.45
1253 3880.45
1264 3880.45
1275 3880.45
1286 3913.68
1297 3913.68
1308 3913.68
1319 3913.68
1330 3913.68
1341 3913.68
1352 3913.68
1363 3913.68
1374 3913.68
1385 3913.68
1396 3913.68
1407 3913.68
1418 3913.68
1429 3913.68
1440 3913.68
1451 3913.68
1462 3913.68
1473 3913.68
1484 3913.68
1495 3913.68
1506 3913.68
1517 3913.68
1528 3913.68
1539 3951.17
1550 3951.17
1561 3951.17
1572 3951.17
1583 3951.17
1594 3951.17
1605 3951.17
1616 3951.17
1627 3951.17
1638 3951.17
1649 3951.17
1660 3951.17
1671 3951.17
1682 3951.17
1693 3951.17
1704 3951.17
1715 3951.17
1726 3951.17
1737 3951.17
1748 3951.17
1759 3951.17
1770 3951.17
1781 3951.17
1792 3951.17
1803 3951.17
1814 3951.17
1825 3951.17
1836 3951.17
1847 3951.17
1858 3951.17
1869 3951.17
1880 3951.17
1891 3951.17
1902 3951.17
1913 3951.17
1924 3951.17
1935 3951.17
1946 3951.17
1957 3951.17
1968 3951.17
1979 3951.17
1990 3951.17
2001 3951.17
2012 3951.17
2023 3951.17
2034 3951.17
2045 3951.17
2056 3951.17
2067 3951.17
2078 3951.17
2089 3951.17
2100 3951.17
2111 3951.17
2122 3951.17
2133 3951.17
2144 3951.17
2155 3951.17
2166 3951.17
2177 3951.17
2188 3951.17
2199 3951.17
2210 3951.17
2221 3951.17
2232 3951.17
2243 3951.17
2254 3951.17
2265 3951.17
2276 3951.17
2287 3951.17
2298 3951.17
2309 3951.17
2320 3951.17
2331 3951.17
2342 3951.17
2353 3951.17
2364 3951.17
2375 3951.17
2386 3951.17
2397 3951.17
2408 3951.17
2419 3951.17
2430 3951.17
2441 3951.17
2452 3951.17
2463 3951.17
2474 3951.17
2485 3951.17
2496 3951.17
2507 3951.17
2518 3951.17
2529 3951.17
2540 3951.17
2551 3951.17
2562 3951.17
2573 3951.17
2584 3951.17
2595 3951.17
2606 3951.17
2617 3951.17
2628 3951.17
2639 3951.17
2650 3951.17
2661 3951.17
2672 3951.17
2683 3951.17
2694 3951.17
2705 3951.17
2716 3951.17
2727 3951.17
2738 3951.17
2749 3951.17
2760 3951.17
2771 3951.17
2782 3951.17
2793 3951.17
2804 3951.17
2815 3951.17
2826 3951.17
2837 3951.17
2848 3951.17
2859 3951.17
2870 3951.17
2881 3951.17
2892 3951.17
2903 3951.17
2914 3951.17
2925 3951.17
2936 3951.17
2947 3951.17
2958 3951.17
2969 3951.17
2980 3951.17
2991 3951.17
3002 3951.17
3013 3951.17
3024 3951.17
3035 3951.17
3046 3951.17
3057 3951.17
3068 3951.17
3079 3951.17
3090 3951.17
3101 3951.17
3112 3951.17
3123 3951.17
3134 3951.17
3145 3951.17
3156 3951.17
3167 3951.17
3178 3951.17
3189 3951.17
3200 3951.17
3211 3951.17
3222 3951.17
3233 3951.17
3244 3951.17
3255 3951.17
3266 3951.17
3277 3951.17
3288 3951.17
3299 3951.17
3310 3951.17
3321 3951.17
3332 3951.17
3343 3951.17
3354 3951.17
3365 3951.17
3376 3951.17
3387 3951.17
3398 3951.17
3409 3951.17
3420 3951.17
3431 3951.17
3442 3951.17
3453 3951.17
3464 3951.17
3475 3951.17
3486 3951.17
3497 3951.17
3508 3951.17
3519 3951.17
3530 3951.17
3541 3951.17
3552 3951.17
3563 3951.17
3574 3951.17
3585 3951.17
3596 3951.17
3607 3951.17
3618 3951.17
3629 3951.17
3640 3951.17
3651 3951.17
3662 3951.17
3673 3951.17
3684 3951.17
3695 3951.17
3706 3951.17
3717 3951.17
3728 3951.17
3739 3951.17
3750 3951.17
3761 3951.17
3772 3951.17
3783 3951.17
3794 3951.17
3805 3951.17
3816 3951.17
3827 3951.17
3838 3951.17
3849 3951.17
3860 3951.17
3871 3951.17
3882 3951.17
3893 3951.17
3904 3951.17
3915 3951.17
3926 3951.17
3937 3951.17
3948 3951.17
3959 3951.17
3970 3951.17
3981 3951.17
3992 3951.17
4003 3951.17
4014 3951.17
4025 3951.17
4036 3951.17
4047 3951.17
4058 3951.17
4069 3951.17
4080 3951.17
4091 3951.17
4102 3951.17
4113 3951.17
4124 3951.17
4135 3951.17
4146 3951.17
4157 3951.17
4168 3951.17
4179 3951.17
4190 3951.17
4201 3951.17
4212 3971.7
4223 3971.7
4234 3971.7
4245 3971.7
4256 3971.7
4267 3971.7
4278 3971.7
4289 3971.7
4300 3971.7
4311 3971.7
4322 3971.7
4333 3971.7
4344 3971.7
4355 3971.7
4366 3971.7
4377 3971.7
4388 3971.7
4399 3971.7
4410 3971.7
4421 3971.7
4432 3971.7
4443 3971.7
4454 3971.7
4465 3971.7
4476 3971.7
4487 3971.7
4498 3971.7
4509 3971.7
4520 3971.7
4531 3971.7
4542 3971.7
4553 3971.7
4564 3971.7
4575 3971.7
4586 3971.7
4597 3971.7
4608 3971.7
4619 3971.7
4630 3971.7
4641 3971.7
4652 3971.7
4663 3971.7
4674 3971.7
4685 3971.7
4696 3971.7
4707 3971.7
4718 3971.7
4729 3971.7
4740 3971.7
4751 3971.7
4762 3971.7
4773 3971.7
4784 3971.7
4795 3971.7
4806 3971.7
4817 3971.7
4828 3971.7
4839 3971.7
4850 3971.7
4861 3971.7
4872 3971.7
4883 3971.7
4894 3971.7
4905 3971.7
4916 3971.7
4927 3971.7
4938 3971.7
4949 3971.7
4960 3971.7
4971 3971.7
4982 3971.7
4993 3971.7
5004 3971.7
5015 3971.7
5026 3971.7
5037 3971.7
5048 3971.7
5059 3971.7
5070 3971.7
5081 3971.7
5092 3971.7
5103 3971.7
5114 3971.7
5125 3971.7
5136 3971.7
5147 3971.7
5158 3971.7
5169 3971.7
5180 3971.7
5191 3971.7
5202 3971.7
5213 3971.7
5224 3971.7
5235 3971.7
5246 3971.7
5257 3971.7
5268 3971.7
5279 3971.7
5290 3971.7
5301 3971.7
5312 3971.7
5323 3971.7
5334 3971.7
5345 3971.7
5356 3971.7
5367 3971.7
5378 3971.7
5389 3971.7
5400 3971.7
5411 3971.7
5422 3971.7
5433 3971.7
5444 3971.7
5455 3971.7
5466 3971.7
5477 3971.7
5488 3971.7
5499 3971.7
5510 3971.7
5521 3971.7
5532 3971.7
5543 3971.7
5554 3971.7
5565 3971.7
5576 3971.7
5587 3971.7
5598 3971.7
5609 3971.7
5620 3971.7
5631 3971.7
5642 3971.7
5653 3971.7
5664 3971.7
5675 3971.7
5686 3971.7
5697 3971.7
5708 3971.7
5719 3971.7
5730 3971.7
5741 3971.7
5752 3971.7
5763 3971.7
5774 3971.7
5785 3971.7
5796 3971.7
5807 3971.7
5818 3971.7
5829 3971.7
5840 3971.7
5851 3971.7
5862 3971.7
5873 3971.7
5884 3971.7
5895 3971.7
5906 3971.7
5917 3971.7
5928 3971.7
5939 3971.7
5950 3995.36
5961 3995.36
5972 3995.36
5983 3995.36
5994 3995.36
6005 3995.36
6016 3995.36
6027 3995.36
6038 3995.36
6049 3995.36
6060 3995.36
6071 3995.36
6082 3995.36
6093 3995.36
6104 3995.36
6115 3995.36
6126 3995.36
6137 3995.36
6148 3995.36
6159 3995.36
6170 3995.36
6181 3995.36
6192 3995.36
6203 3995.36
6214 3995.36
6225 3995.36
6236 3995.36
6247 3995.36
6258 3995.36
6269 3995.36
6280 3995.36
6291 3995.36
6302 3995.36
6313 3995.36
6324 3995.36
6335 3995.36
6346 3995.36
6357 3995.36
6368 3995.36
6379 3995.36
6390 3995.36
6401 3995.36
6412 3995.36
6423 3995.36
6434 3995.36
6445 3995.36
6456 3995.36
6467 3995.36
6478 3995.36
6489 3995.36
6500 3995.36
6511 3995.36
6522 3995.36
6533 3995.36
6544 3995.36
6555 3995.36
6566 3995.36
6577 3995.36
6588 3995.36
6599 3995.36
6610 3995.36
6621 3995.36
6632 3995.36
6643 3995.36
6654 3995.36
6665 3995.36
6676 3995.36
6687 3995.36
6698 3995.36
6709 3995.36
6720 3995.36
6731 3995.36
6742 3995.36
6753 3995.36
6764 3995.36
6775 3995.36
6786 3995.36
6797 3995.36
6808 3995.36
6819 3995.36
6830 3995.36
6841 3995.36
6852 3995.36
6863 3995.36
6874 3995.36
6885 3995.36
6896 3995.36
6907 3995.36
6918 3995.36
6929 3995.36
6940 3995.36
6951 3995.36
6962 3995.36
6973 3995.36
6984 3995.36
6995 3995.36
7006 3995.36
7017 3995.36
7028 3995.36
7039 3995.36
7050 3995.36
7061 3995.36
7072 3995.36
7083 3995.36
7094 3995.36
7105 3995.36
7116 3995.36
7127 3995.36
7138 3995.36
7149 3995.36
7160 3995.36
7171 3995.36
7182 3995.36
7193 3995.36
7204 3995.36
7215 3995.36
7226 3995.36
7237 3995.36
7248 3995.36
7259 3995.36
7270 3995.36
7281 3995.36
7292 3995.36
7303 3995.36
7314 3995.36
7325 3995.36
7336 3995.36
7347 3995.36
7358 3995.36
7369 3995.36
7380 3995.36
7391 3995.36
7402 3995.36
7413 3995.36
7424 3995.36
7435 3995.36
7446 3995.36
7457 3995.36
7468 3995.36
7479 3995.36
7490 3995.36
7501 3995.36
7512 3995.36
7523 3995.36
7534 3995.36
7545 3995.36
7556 3995.36
7567 3995.36
7578 3995.36
7589 3995.36
7600 3995.36
7611 3995.36
7622 3995.36
7633 3995.36
7644 3995.36
7655 3995.36
7666 3995.36
7677 3995.36
7688 3995.36
7699 3995.36
7710 3995.36
7721 3995.36
7732 3995.36
7743 3995.36
7754 3995.36
7765 3995.36
7776 3995.36
7787 3995.36
7798 3995.36
7809 3995.36
7820 3995.36
7831 3995.36
7842 3995.36
7853 3995.36
7864 3995.36
7875 3995.36
7886 3995.36
7897 3995.36
7908 3995.36
7919 3995.36
7930 3995.36
7941 3995.36
7952 3995.36
7963 3995.36
7974 3995.36
7985 3995.36
7996 3995.36
8007 3995.36
8018 3995.36
8029 3995.36
8040 3995.36
8051 3995.36
8062 3995.36
8073 3995.36
8084 3995.36
8095 3995.36
8106 3995.36
8117 3995.36
8128 3995.36
8139 3995.36
8150 3995.36
8161 3995.36
8172 3995.36
8183 3995.36
8194 3995.36
8205 3995.36
8216 3995.36
8227 3995.36
8238 3995.36
8249 3995.36
8260 3995.36
8271 3995.36
8282 3995.36
8293 3995.36
8304 3995.36
8315 3995.36
8326 3995.36
8337 3995.36
8348 3995.36
8359 3995.36
8370 3995.36
8381 3995.36
8392 3995.36
8403 3995.36
8414 3995.36
8425 3995.36
8436 3995.36
8447 3995.36
8458 3995.36
8469 3995.36
8480 3995.36
8491 3995.36
8502 3995.36
8513 3995.36
8524 3995.36
8535 3995.36
8546 3995.36
8557 3995.36
8568 3995.36
8579 3995.36
8590 3995.36
8601 3995.36
8612 3995.36
8623 3995.36
8634 3995.36
8645 3995.36
8656 3995.36
8667 3995.36
8678 3995.36
8689 3995.36
8700 3995.36
8711 3995.36
8722 3995.36
8733 3995.36
8744 3995.36
8755 3995.36
8766 3995.36
8777 3995.36
8788 3995.36
8799 3995.36
8810 3995.36
8821 3995.36
8832 3995.36
8843 3995.36
8854 3995.36
8865 3995.36
8876 3995.36
8887 3995.36
8898 3995.36
8909 3995.36
8920 3995.36
8931 3995.36
8942 3995.36
8953 3995.36
8964 3995.36
8975 3995.36
8986 3995.36
8997 3995.36
9008 3995.36
9019 3995.36
9030 3995.36
9041 3995.36
9052 3995.36
9063 3995.36
9074 3995.36
9085 3995.36
9096 3995.36
9107 3995.36
9118 3995.36
9129 3995.36
9140 3995.36
9151 3995.36
9162 3995.36
9173 3995.36
9184 3995.36
9195 3995.36
9206 3995.36
9217 3995.36
9228 3995.36
9239 3995.36
9250 3995.36
9261 3995.36
9272 3995.36
9283 3995.36
9294 3995.36
9305 3995.36
9316 3995.36
9327 3995.36
9338 3995.36
9349 3995.36
9360 3995.36
9371 3995.36
9382 3995.36
9393 3995.36
9404 3995.36
9415 3995.36
9426 3995.36
9437 3995.36
9448 3995.36
9459 3995.36
9470 3995.36
9481 3995.36
9492 3995.36
9503 3995.36
9514 3995.36
9525 3995.36
9536 3995.36
9547 3995.36
9558 3995.36
9569 3995.36
9580 3995.36
9591 3995.36
9602 3995.36
9613 3995.36
9624 3995.36
9635 3995.36
9646 3995.36
9657 3995.36
9668 3995.36
9679 3995.36
9690 3995.36
9701 3995.36
9712 3995.36
9723 3995.36
9734 3995.36
9745 3995.36
9756 3995.36
9767 3995.36
9778 3995.36
9789 3995.36
9800 3995.36
9811 3995.36
9822 3995.36
9833 3995.36
9844 3995.36
9855 3995.36
9866 3995.36
9877 3995.36
9888 3995.36
9899 3995.36
9910 3995.36
9921 3995.36
9932 3995.36
9943 3995.36
9954 3995.36
9965 3995.36
9976 3995.36
9987 3995.36
9998 3995.36
10009 3995.36
