10 6758.29
21 6944.01
32 7015.93
43 7087.7
54 7236.88
65 7236.88
76 7236.88
87 7236.88
98 7236.88
109 7286.32
120 7286.32
131 7286.32
142 7286.32
153 7286.32
164 7286.32
175 7351.93
186 7351.93
197 7351.93
208 7478.1
219 7478.1
230 7478.1
241 7478.1
252 7478.1
263 7478.1
274 7552.16
285 7552.16
296 7552.16
307 7552.16
318 7552.16
329 7552.16
340 7552.16
351 7552.16
362 7552.16
373 7552.16
384 7552.16
395 7552.16
406 7552.16
417 7552.16
428 7557.47
439 7557.47
450 7557.47
461 7557.47
472 7557.47
483 7557.47
494 7557.47
505 7557.47
516 7557.47
527 7557.47
538 7557.47
549 7557.47
560 7557.47
571 7557.47
582 7557.47
593 7557.47
604 7557.47
615 7572.03
626 7572.03
637 7572.03
648 7572.03
659 7572.03
670 7572.03
681 7572.03
692 7572.03
703 7572.03
714 7572.03
725 7572.03
736 7572.03
747 7572.03
758 7572.03
769 7572.03
780 7572.03
791 7572.03
802 7572.03
813 7572.03
824 7572.03
835 7572.03
846 7572.03
857 7572.03
868 7572.03
879 7572.03
890 7572.03
901 7572.03
912 7572.03
923 7572.03
934 7572.03
945 7572.03
956 7572.03
967 7572.03
978 7572.03
989 7572.03
1000 7572.03
1011 7572.03
1022 7572.03
1033 7572.03
1044 7572.03
1055 7636.5
1066 7636.5
1077 7636.5
1088 7636.5
1099 7636.5
1110 7636.5
1121 7636.5
1132 7636.5
1143 7636.5
1154 7636.5
1165 7636.5
1176 7636.5
1187 7636.5
1198 7636.5
1209 7636.5
1220 7636.5
1231 7636.5
1242 7636.5
1253 7636.5
1264 7636.5
1275 7636.5
1286 7719.07
1297 7719.07
1308 7719.07
1319 7719.07
1330 7719.07
1341 7719.07
1352 7719.07
1363 7719.07
1374 7719.07
1385 7719.07
1396 7719.07
1407 7719.07
1418 7719.07
1429 7719.07
1440 7719.07
1451 7719.07
1462 7719.07
1473 7719.07
1484 7719.07
1495 7719.07
1506 7719.07
1517 7719.07
1528 7719.07
1539 7719.07
1550 7719.07
1561 7719.07
1572 7719.07
1583 7719.07
1594 7719.07
1605 7719.07
1616 7719.07
1627 7719.07
1638 7719.07
1649 7719.07
1660 7719.07
1671 7719.07
1682 7719.07
1693 7719.07
1704 7719.07
1715 7719.07
1726 7719.07
1737 7719.07
1748 7719.07
1759 7719.07
1770 7719.07
1781 7719.07
1792 7719.07
1803 7719.07
1814 7719.07
1825 7719.07
1836 7719.07
1847 7719.07
1858 7719.07
1869 7719.07
1880 7719.07
1891 7719.07
1902 7719.07
1913 7719.07
1924 7719.07
1935 7719.07
1946 7719.07
1957 7719.07
1968 7719.07
1979 7719.07
1990 7719.07
2001 7719.07
2012 7719.07
2023 7719.07
2034 7719.07
2045 7719.07
2056 7719.07
2067 7719.07
2078 7719.07
2089 7719.07
2100 7719.07
2111 7719.07
2122 7719.07
2133 7719.07
2144 7719.07
2155 7719.07
2166 7719.07
2177 7719.07
2188 7719.07
2199 7719.07
2210 7719.07
2221 7719.07
2232 7719.07
2243 7719.07
2254 7719.07
2265 7719.07
2276 7719.07
2287 7719.07
2298 7719.07
2309 7719.07
2320 7719.07
2331 7719.07
2342 7719.07
2353 7719.07
2364 7719.07
2375 7719.07
2386 7719.07
2397 7719.07
2408 7719.07
2419 7719.07
2430 7719.07
2441 7719.07
2452 7719.07
2463 7719.07
2474 7719.07
2485 7719.07
2496 7719.07
2507 7719.07
2518 7719.07
2529 7719.07
2540 7719.07
2551 7719.07
2562 7719.07
2573 7719.07
2584 7719.07
2595 7719.07
2606 7719.07
2617 7719.07
2628 7719.07
2639 7719.07
2650 7719.07
2661 7719.07
2672 7719.07
2683 7719.07
2694 7719.07
2705 7719.07
2716 7719.07
2727 7719.07
2738 7719.07
2749 7719.07
2760 7719.07
2771 7719.07
2782 7719.07
2793 7719.07
2804 7719.07
2815 7719.07
2826 7719.07
2837 7719.07
2848 7719.07
2859 7719.07
2870 7719.07
2881 7719.07
2892 7719.07
2903 7719.07
2914 7719.07
2925 7719.07
2936 7719.07
2947 7719.07
2958 7719.07
2969 7719.07
2980 7719.07
2991 7719.07
3002 7719.07
3013 7719.07
3024 7719.07
3035 7719.07
3046 7719.07
3057 7719.07
3068 7719.07
3079 7719.07
3090 7719.07
3101 7719.07
3112 7719.07
3123 7719.07
3134 7719.07
3145 7719.07
3156 7719.07
3167 7719.07
3178 7719.07
3189 7719.07
3200 7719.07
3211 7719.07
3222 7719.07
3233 7719.07
3244 7719.07
3255 7719.07
3266 7719.07
3277 7719.07
3288 7719.07
3299 7719.07
3310 7719.07
3321 7719.07
3332 7719.07
3343 7719.07
3354 7719.07
3365 7719.07
3376 7719.07
3387 7719.07
3398 7719.07
3409 7719.07
3420 7719.07
3431 7719.07
3442 7719.07
3453 7719.07
3464 7719.07
3475 7719.07
3486 7719.07
3497 7719.07
3508 7719.07
3519 7719.07
3530 7719.07
3541 7719.07
3552 7719.07
3563 7719.07
3574 7719.07
3585 7719.07
3596 7719.07
3607 7719.07
3618 7719.07
3629 7719.07
3640 7719.07
3651 7719.07
3662 7719.07
3673 7719.07
3684 7719.07
3695 7719.07
3706 7719.07
3717 7719.07
3728 7719.07
3739 7719.07
3750 7719.07
3761 7719.07
3772 7719.07
3783 7719.07
3794 7719.07
3805 7719.07
3816 7719.07
3827 7719.07
3838 7719.07
3849 7719.07
3860 7719.07
3871 7719.07
3882 7719.07
3893 7719.07
3904 7719.07
3915 7719.07
3926 7719.07
3937 7719.07
3948 7719.07
3959 7719.07
3970 7719.07
3981 7719.07
3992 7719.07
4003 7719.07
4014 7719.07
4025 7719.07
4036 7719.07
4047 7719.07
4058 7719.07
4069 7719.07
4080 7719.07
4091 7719.07
4102 7719.07
4113 7719.07
4124 7719.07
4135 7719.07
4146 7719.07
4157 7719.07
4168 7719.07
4179 7719.07
4190 7719.07
4201 7719.07
4212 7719.07
4223 7719.07
4234 7719.07
4245 7719.07
4256 7719.07
4267 7719.07
4278 7719.07
4289 7719.07
4300 7719.07
4311 7719.07
4322 7719.07
4333 7719.07
4344 7719.07
4355 7719.07
4366 7719.07
4377 7719.07
4388 7719.07
4399 7719.07
4410 7719.07
4421 7719.07
4432 7719.07
4443 7719.07
4454 7719.07
4465 7719.07
4476 7719.07
4487 7719.07
4498 7719.07
4509 7719.07
4520 7719.07
4531 7719.07
4542 7719.07
4553 7719.07
4564 7719.07
4575 7719.07
4586 7719.07
4597 7719.07
4608 7719.07
4619 7719.07
4630 7719.07
4641 7719.07
4652 7719.07
4663 7719.07
4674 7719.07
4685 7719.07
4696 7719.07
4707 7719.07
4718 7719.07
4729 7719.07
4740 7719.07
4751 7719.07
4762 7719.07
4773 7719.07
4784 7719.07
4795 7719.07
4806 7719.07
4817 7719.07
4828 7719.07
4839 7719.07
4850 7719.07
4861 7719.07
4872 7719.07
4883 7719.07
4894 7719.07
4905 7719.07
4916 7719.07
4927 7719.07
4938 7719.07
4949 7719.07
4960 7719.07
4971 7719.07
4982 7719.07
4993 7719.07
5004 7719.07
5015 7719.07
5026 7719.07
5037 7719.07
5048 7719.07
5059 7719.07
5070 7719.07
5081 7719.07
5092 7719.07
5103 7719.07
5114 7719.07
5125 7719.07
5136 7719.07
5147 7719.07
5158 7719.07
5169 7719.07
5180 7719.07
5191 7719.07
5202 7719.07
5213 7719.07
5224 7719.07
5235 7719.07
5246 7719.07
5257 7719.07
5268 7719.07
5279 7719.07
5290 7719.07
5301 7719.07
5312 7719.07
5323 7719.07
5334 7719.07
5345 7719.07
5356 7719.07
5367 7719.07
5378 7719.07
5389 7719.07
5400 7719.07
5411 7719.07
5422 7719.07
5433 7719.07
5444 7719.07
5455 7719.07
5466 7719.07
5477 7719.07
5488 7719.07
5499 7719.07
5510 7719.07
5521 7719.07
5532 7719.07
5543 7719.07
5554 7719.07
5565 7719.07
5576 7719.07
5587 7719.07
5598 7719.07
5609 7719.07
5620 7719.07
5631 7719.07
5642 7719.07
5653 7719.07
5664 7719.07
5675 7719.07
5686 7719.07
5697 7719.07
5708 7719.07
5719 7719.07
5730 7719.07
5741 7719.07
5752 7719.07
5763 7719.07
5774 7719.07
5785 7719.07
5796 7719.07
5807 7719.07
5818 7719.07
5829 7719.07
5840 7719.07
5851 7719.07
5862 7719.07
5873 7719.07
5884 7719.07
5895 7719.07
5906 7719.07
5917 7719.07
5928 7719.07
5939 7719.07
5950 7719.07
5961 7719.07
5972 7719.07
5983 7719.07
5994 7719.07
6005 7719.07
6016 7719.07
6027 7719.07
6038 7719.07
6049 7719.07
6060 7719.07
6071 7719.07
6082 7719.07
6093 7719.07
6104 7719.07
6115 7719.07
6126 7719.07
6137 7719.07
6148 7719.07
6159 7719.07
6170 7719.07
6181 7719.07
6192 7719.07
6203 7719.07
6214 7719.07
6225 7719.07
6236 7719.07
6247 7719.07
6258 7719.07
6269 7719.07
6280 7719.07
6291 7719.07
6302 7719.07
6313 7719.07
6324 7719.07
6335 7719.07
6346 7719.07
6357 7719.07
6368 7719.07
6379 7719.07
6390 7719.07
6401 7719.07
6412 7719.07
6423 7719.07
6434 7719.07
6445 7719.07
6456 7719.07
6467 7719.07
6478 7719.07
6489 7719.07
6500 7719.07
6511 7719.07
6522 7719.07
6533 7719.07
6544 7719.07
6555 7719.07
6566 7719.07
6577 7719.07
6588 7719.07
6599 7719.07
6610 7719.07
6621 7719.07
6632 7719.07
6643 7719.07
6654 7719.07
6665 7719.07
6676 7719.07
6687 7719.07
6698 7719.07
6709 7719.07
6720 7719.07
6731 7719.07
6742 7719.07
6753 7719.07
6764 7719.07
6775 7719.07
6786 7719.07
6797 7719.07
6808 7719.07
6819 7719.07
6830 7719.07
6841 7719.07
6852 7719.07
6863 7719.07
6874 7719.07
6885 7719.07
6896 7719.07
6907 7719.07
6918 7719.07
6929 7719.07
6940 7719.07
6951 7719.07
6962 7719.07
6973 7719.07
6984 7719.07
6995 7719.07
7006 7719.07
7017 7719.07
7028 7719.07
7039 7719.07
7050 7719.07
7061 7719.07
7072 7719.07
7083 7719.07
7094 7719.07
7105 7719.07
7116 7719.07
7127 7719.07
7138 7719.07
7149 7719.07
7160 7719.07
7171 7719.07
7182 7719.07
7193 7719.07
7204 7719.07
7215 7719.07
7226 7719.07
7237 7719.07
7248 7719.07
7259 7719.07
7270 7719.07
7281 7719.07
7292 7719.07
7303 7719.07
7314 7719.07
7325 7719.07
7336 7719.07
7347 7719.07
7358 7719.07
7369 7719.07
7380 7719.07
7391 7719.07
7402 7719.07
7413 7719.07
7424 7719.07
7435 7719.07
7446 7719.07
7457 7719.07
7468 7719.07
7479 7719.07
7490 7719.07
7501 7719.07
7512 7719.07
7523 7719.07
7534 7719.07
7545 7719.07
7556 7719.07
7567 7719.07
7578 7719.07
7589 7719.07
7600 7719.07
7611 7719.07
7622 7719.07
7633 7719.07
7644 7719.07
7655 7719.07
7666 7719.07
7677 7719.07
7688 7719.07
7699 7719.07
7710 7719.07
7721 7719.07
7732 7719.07
7743 7719.07
7754 7719.07
7765 7719.07
7776 7719.07
7787 7719.07
7798 7719.07
7809 7719.07
7820 7719.07
7831 7719.07
7842 7719.07
7853 7719.07
7864 7719.07
7875 7719.07
7886 7719.07
7897 7719.07
7908 7719.07
7919 7719.07
7930 7719.07
7941 7719.07
7952 7719.07
7963 7719.07
7974 7719.07
7985 7719.07
7996 7719.07
8007 7719.07
8018 7719.07
8029 7719.07
8040 7719.07
8051 7719.07
8062 7719.07
8073 7719.07
8084 7719.07
8095 7719.07
8106 7719.07
8117 7719.07
8128 7719.07
8139 7719.07
8150 7719.07
8161 7719.07
8172 7719.07
8183 7719.07
8194 7719.07
8205 7719.07
8216 7719.07
8227 7719.07
8238 7719.07
8249 7719.07
8260 7719.07
8271 7719.07
8282 7737.14
8293 7737.14
8304 7737.14
8315 7737.14
8326 7737.14
8337 7737.14
8348 7737.14
8359 7737.14
8370 7737.14
8381 7737.14
8392 7737.14
8403 7737.14
8414 7737.14
8425 7737.14
8436 7737.14
8447 7737.14
8458 7737.14
8469 7737.14
8480 7737.14
8491 7737.14
8502 7737.14
8513 7737.14
8524 7737.14
8535 7737.14
8546 7737.14
8557 7737.14
8568 7737.14
8579 7737.14
8590 7737.14
8601 7737.14
8612 7737.14
8623 7737.14
8634 7737.14
8645 7737.14
8656 7737.14
8667 7737.14
8678 7737.14
8689 7737.14
8700 7737.14
8711 7737.14
8722 7737.14
8733 7737.14
8744 7737.14
8755 7737.14
8766 7737.14
8777 7737.14
8788 7737.14
8799 7737.14
8810 7737.14
8821 7737.14
8832 7737.14
8843 7737.14
8854 7737.14
8865 7737.14
8876 7737.14
8887 7737.14
8898 7737.14
8909 7737.14
8920 7737.14
8931 7737.14
8942 7737.14
8953 7737.14
8964 7737.14
8975 7737.14
8986 7737.14
8997 7737.14
9008 7737.14
9019 7737.14
9030 7737.14
9041 7737.14
9052 7737.14
9063 7737.14
9074 7737.14
9085 7737.14
9096 7737.14
9107 7737.14
9118 7737.14
9129 7737.14
9140 7737.14
9151 7737.14
9162 7737.14
9173 7737.14
9184 7737.14
9195 7737.14
9206 7737.14
9217 7737.14
9228 7737.14
9239 7737.14
9250 7737.14
9261 7737.14
9272 7737.14
9283 7737.14
9294 7737.14
9305 7737.14
9316 7737.14
9327 7737.14
9338 7737.14
9349 7737.14
9360 7737.14
9371 7737.14
9382 7737.14
9393 7737.14
9404 7737.14
9415 7737.14
9426 7737.14
9437 7737.14
9448 7737.14
9459 7737.14
9470 7737.14
9481 7737.14
9492 7737.14
9503 7737.14
9514 7737.14
9525 7737.14
9536 7737.14
9547 7737.14
9558 7737.14
9569 7737.14
9580 7737.14
9591 7737.14
9602 7737.14
9613 7737.14
9624 7737.14
9635 7737.14
9646 7737.14
9657 7737.14
9668 7737.14
9679 7737.14
9690 7737.14
9701 7737.14
9712 7737.14
9723 7737.14
9734 7737.14
9745 7737.14
9756 7737.14
9767 7737.14
9778 7737.14
9789 7737.14
9800 7737.14
9811 7737.14
9822 7737.14
9833 7737.14
9844 7737.14
9855 7737.14
9866 7737.14
9877 7737.14
9888 7737.14
9899 7737.14
9910 7737.14
9921 7737.14
9932 7737.14
9943 7737.14
9954 7737.14
9965 7737.14
9976 7737.14
9987 7737.14
9998 7737.14
10009 7737.14
