10 1874.79
21 1991.98
32 2000.57
43 2000.57
54 2020.14
65 2020.14
76 2092.84
87 2092.84
98 2092.84
109 2092.84
120 2092.84
131 2092.84
142 2092.84
153 2092.84
164 2092.84
175 2092.84
186 2092.84
197 2092.84
208 2092.84
219 2092.84
230 2092.84
241 2092.84
252 2092.84
263 2092.84
274 2092.84
285 2094.37
296 2094.37
307 2094.37
318 2094.37
329 2094.37
340 2094.37
351 2094.37
362 2094.37
373 2094.37
384 2133.83
395 2133.83
406 2133.83
417 2133.83
428 2133.83
439 2133.83
450 2133.83
461 2133.83
472 2133.83
483 2133.83
494 2133.83
505 2133.83
516 2133.83
527 2133.83
538 2133.83
549 2133.83
560 2133.83
571 2133.83
582 2133.83
593 2133.83
604 2133.83
615 2133.83
626 2133.83
637 2133.83
648 2133.83
659 2133.83
670 2133.83
681 2133.83
692 2133.83
703 2133.83
714 2133.83
725 2133.83
736 2133.83
747 2133.83
758 2133.83
769 2133.83
780 2133.83
791 2133.83
802 2133.83
813 2133.83
824 2133.83
835 2133.83
846 2133.83
857 2133.83
868 2133.83
879 2133.83
890 2133.83
901 2133.83
912 2133.83
923 2133.83
934 2133.83
945 2133.83
956 2133.83
967 2133.83
978 2133.83
989 2133.83
1000 2133.83
1011 2133.83
1022 2133.83
1033 2133.83
1044 2133.83
1055 2133.83
1066 2133.83
1077 2133.83
1088 2133.83
1099 2133.83
1110 2133.83
1121 2133.83
1132 2133.83
1143 2133.83
1154 2133.83
1165 2133.83
1176 2133.83
1187 2133.83
1198 2133.83
1209 2133.83
1220 2133.83
1231 2133.83
1242 2133.83
1253 2133.83
1264 2133.83
1275 2133.83
1286 2133.83
1297 2133.83
1308 2133.83
1319 2133.83
1330 2133.83
1341 2133.83
1352 2133.83
1363 2133.83
1374 2133.83
1385 2133.83
1396 2133.83
1407 2133.83
1418 2133.83
1429 2133.83
1440 2133.83
1451 2133.83
1462 2133.83
1473 2133.83
1484 2133.83
1495 2133.83
1506 2133.83
1517 2133.83
1528 2133.83
1539 2133.83
1550 2133.83
1561 2133.83
1572 2133.83
1583 2133.83
1594 2133.83
1605 2154.16
1616 2154.16
1627 2154.16
1638 2154.16
1649 2154.16
1660 2154.16
1671 2154.16
1682 2154.16
1693 2154.16
1704 2154.16
1715 2154.16
1726 2154.16
1737 2154.16
1748 2154.16
1759 2154.16
1770 2154.16
1781 2154.16
1792 2154.16
1803 2154.16
1814 2154.16
1825 2154.16
1836 2154.16
1847 2154.16
1858 2154.16
1869 2154.16
1880 2154.16
1891 2154.16
1902 2154.16
1913 2154.16
1924 2154.16
1935 2154.16
1946 2154.16
1957 2154.16
1968 2154.16
1979 2154.16
1990 2154.16
2001 2154.16
2012 2154.16
2023 2154.16
2034 2154.16
2045 2154.16
2056 2154.16
2067 2154.16
2078 2154.16
2089 2154.16
2100 2154.16
2111 2154.16
2122 2154.16
2133 2154.16
2144 2154.16
2155 2154.16
2166 2154.16
2177 2154.16
2188 2154.16
2199 2154.16
2210 2154.16
2221 2154.16
2232 2154.16
2243 2154.16
2254 2154.16
2265 2154.16
2276 2154.16
2287 2154.16
2298 2154.16
2309 2154.16
2320 2154.16
2331 2154.16
2342 2154.16
2353 2154.16
2364 2154.16
2375 2154.16
2386 2154.16
2397 2154.16
2408 2154.16
2419 2154.16
2430 2154.16
2441 2154.16
2452 2154.16
2463 2154.16
2474 2154.16
2485 2154.16
2496 2154.16
2507 2154.16
2518 2154.16
2529 2154.16
2540 2154.16
2551 2154.16
2562 2154.16
2573 2154.16
2584 2154.16
2595 2154.16
2606 2154.16
2617 2154.16
2628 2154.16
2639 2154.16
2650 2154.16
2661 2154.16
2672 2154.16
2683 2154.16
2694 2154.16
2705 2154.16
2716 2154.16
2727 2154.16
2738 2154.16
2749 2154.16
2760 2154.16
2771 2154.16
2782 2154.16
2793 2154.16
2804 2154.16
2815 2154.16
2826 2154.16
2837 2154.16
2848 2154.16
2859 2154.16
2870 2154.16
2881 2154.16
2892 2154.16
2903 2154.16
2914 2154.16
2925 2154.16
2936 2154.16
2947 2154.16
2958 2154.16
2969 2154.16
2980 2154.16
2991 2154.16
3002 2154.16
3013 2154.16
3024 2154.16
3035 2154.16
3046 2154.16
3057 2154.16
3068 2154.16
3079 2154.16
3090 2154.16
3101 2154.16
3112 2154.16
3123 2154.16
3134 2154.16
3145 2154.16
3156 2154.16
3167 2154.16
3178 2154.16
3189 2154.16
3200 2154.16
3211 2154.16
3222 2154.16
3233 2154.16
3244 2154.16
3255 2154.16
3266 2154.16
3277 2154.16
3288 2154.16
3299 2154.16
3310 2154.16
3321 2154.16
3332 2154.16
3343 2154.16
3354 2154.16
3365 2154.16
3376 2154.16
3387 2154.16
3398 2154.16
3409 2154.16
3420 2154.16
3431 2154.16
3442 2154.16
3453 2154.16
3464 2154.16
3475 2154.16
3486 2154.16
3497 2154.16
3508 2154.16
3519 2154.16
3530 2154.16
3541 2154.16
3552 2154.16
3563 2154.16
3574 2154.16
3585 2154.16
3596 2154.16
3607 2154.16
3618 2154.16
3629 2154.16
3640 2154.16
3651 2154.16
3662 2154.16
3673 2154.16
3684 2154.16
3695 2154.16
3706 2154.16
3717 2154.16
3728 2154.16
3739 2154.16
3750 2154.16
3761 2154.16
3772 2154.16
3783 2154.16
3794 2154.16
3805 2154.16
3816 2154.16
3827 2154.16
3838 2154.16
3849 2154.16
3860 2154.16
3871 2154.16
3882 2154.16
3893 2154.16
3904 2154.16
3915 2154.16
3926 2154.16
3937 2154.16
3948 2154.16
3959 2154.16
3970 2154.16
3981 2154.16
3992 2154.16
4003 2154.16
4014 2154.16
4025 2154.16
4036 2154.16
4047 2154.16
4058 2154.16
4069 2154.16
4080 2154.16
4091 2154.16
4102 2154.16
4113 2154.16
4124 2154.16
4135 2154.16
4146 2154.16
4157 2154.16
4168 2154.16
4179 2154.16
4190 2154.16
4201 2154.16
4212 2154.16
4223 2154.16
4234 2154.16
4245 2154.16
4256 2154.16
4267 2154.16
4278 2154.16
4289 2154.16
4300 2154.16
4311 2154.16
4322 2154.16
4333 2154.16
4344 2154.16
4355 2154.16
4366 2154.16
4377 2154.16
4388 2154.16
4399 2154.16
4410 2154.16
4421 2154.16
4432 2154.16
4443 2154.16
4454 2154.16
4465 2154.16
4476 2154.16
4487 2154.16
4498 2154.16
4509 2154.16
4520 2154.16
4531 2154.16
4542 2154.16
4553 2154.16
4564 2154.16
4575 2154.16
4586 2154.16
4597 2154.16
4608 2154.16
4619 2154.16
4630 2154.16
4641 2154.16
4652 2154.16
4663 2154.16
4674 2154.16
4685 2154.16
4696 2154.16
4707 2154.16
4718 2154.16
4729 2154.16
4740 2154.16
4751 2154.16
4762 2154.16
4773 2154.16
4784 2154.16
4795 2154.16
4806 2154.16
4817 2154.16
4828 2154.16
4839 2154.16
4850 2154.16
4861 2154.16
4872 2154.16
4883 2154.16
4894 2154.16
4905 2154.16
4916 2154.16
4927 2154.16
4938 2154.16
4949 2154.16
4960 2154.16
4971 2154.16
4982 2154.16
4993 2154.16
5004 2154.16
5015 2154.16
5026 2154.16
5037 2154.16
5048 2154.16
5059 2154.16
5070 2154.16
5081 2154.16
5092 2154.16
5103 2154.16
5114 2154.16
5125 2154.16
5136 2154.16
5147 2154.16
5158 2154.16
5169 2154.16
5180 2154.16
5191 2154.16
5202 2154.16
5213 2154.16
5224 2154.16
5235 2154.16
5246 2154.16
5257 2154.16
5268 2154.16
5279 2154.16
5290 2154.16
5301 2154.16
5312 2154.16
5323 2154.16
5334 2154.16
5345 2154.16
5356 2154.16
5367 2154.16
5378 2154.16
5389 2154.16
5400 2154.16
5411 2154.16
5422 2154.16
5433 2154.16
5444 2154.16
5455 2154.16
5466 2154.16
5477 2154.16
5488 2154.16
5499 2154.16
5510 2154.16
5521 2154.16
5532 2154.16
5543 2154.16
5554 2154.16
5565 2154.16
5576 2154.16
5587 2154.16
5598 2154.16
5609 2154.16
5620 2154.16
5631 2154.16
5642 2154.16
5653 2154.16
5664 2154.16
5675 2154.16
5686 2154.16
5697 2154.16
5708 2154.16
5719 2154.16
5730 2154.16
5741 2154.16
5752 2154.16
5763 2154.16
5774 2154.16
5785 2154.16
5796 2154.16
5807 2154.16
5818 2154.16
5829 2154.16
5840 2154.16
5851 2154.16
5862 2154.16
5873 2154.16
5884 2154.16
5895 2154.16
5906 2154.16
5917 2154.16
5928 2154.16
5939 2154.16
5950 2154.16
5961 2154.16
5972 2154.16
5983 2154.16
5994 2154.16
6005 2154.16
6016 2154.16
6027 2154.16
6038 2154.16
6049 2154.16
6060 2154.16
6071 2154.16
6082 2154.16
6093 2154.16
6104 2154.16
6115 2154.16
6126 2154.16
6137 2154.16
6148 2154.16
6159 2154.16
6170 2154.16
6181 2154.16
6192 2154.16
6203 2154.16
6214 2154.16
6225 2154.16
6236 2154.16
6247 2154.16
6258 2154.16
6269 2154.16
6280 2154.16
6291 2154.16
6302 2154.16
6313 2154.16
6324 2154.16
6335 2154.16
6346 2154.16
6357 2154.16
6368 2154.16
6379 2154.16
6390 2154.16
6401 2154.16
6412 2154.16
6423 2154.16
6434 2154.16
6445 2154.16
6456 2154.16
6467 2154.16
6478 2154.16
6489 2154.16
6500 2154.16
6511 2154.16
6522 2154.16
6533 2154.16
6544 2154.16
6555 2154.16
6566 2154.16
6577 2154.16
6588 2154.16
6599 2154.16
6610 2154.16
6621 2154.16
6632 2154.16
6643 2154.16
6654 2154.16
6665 2154.16
6676 2154.16
6687 2154.16
6698 2154.16
6709 2154.16
6720 2154.16
6731 2154.16
6742 2154.16
6753 2154.16
6764 2154.16
6775 2154.16
6786 2154.16
6797 2154.16
6808 2154.16
6819 2154.16
6830 2154.16
6841 2154.16
6852 2154.16
6863 2154.16
6874 2154.16
6885 2154.16
6896 2154.16
6907 2154.16
6918 2154.16
6929 2154.16
6940 2154.16
6951 2154.16
6962 2154.16
6973 2154.16
6984 2154.16
6995 2154.16
7006 2154.16
7017 2154.16
7028 2154.16
7039 2154.16
7050 2154.16
7061 2154.16
7072 2154.16
7083 2154.16
7094 2154.16
7105 2154.16
7116 2154.16
7127 2154.16
7138 2154.16
7149 2154.16
7160 2154.16
7171 2154.16
7182 2154.16
7193 2154.16
7204 2154.16
7215 2154.16
7226 2154.16
7237 2154.16
7248 2154.16
7259 2154.16
7270 2154.16
7281 2154.16
7292 2154.16
7303 2154.16
7314 2154.16
7325 2154.16
7336 2154.16
7347 2154.16
7358 2154.16
7369 2154.16
7380 2154.16
7391 2154.16
7402 2154.16
7413 2154.16
7424 2154.16
7435 2154.16
7446 2154.16
7457 2154.16
7468 2154.16
7479 2154.16
7490 2154.16
7501 2154.16
7512 2154.16
7523 2154.16
7534 2154.16
7545 2154.16
7556 2154.16
7567 2154.16
7578 2154.16
7589 2154.16
7600 2154.16
7611 2154.16
7622 2154.16
7633 2154.16
7644 2154.16
7655 2154.16
7666 2154.16
7677 2154.16
7688 2154.16
7699 2154.16
7710 2154.16
7721 2154.16
7732 2154.16
7743 2154.16
7754 2154.16
7765 2154.16
7776 2154.16
7787 2154.16
7798 2154.16
7809 2154.16
7820 2154.16
7831 2154.16
7842 2154.16
7853 2154.16
7864 2154.16
7875 2154.16
7886 2154.16
7897 2154.16
7908 2154.16
7919 2154.16
7930 2154.16
7941 2154.16
7952 2154.16
7963 2154.16
7974 2154.16
7985 2154.16
7996 2154.16
8007 2154.16
8018 2154.16
8029 2154.16
8040 2154.16
8051 2154.16
8062 2154.16
8073 2154.16
8084 2154.16
8095 2154.16
8106 2154.16
8117 2154.16
8128 2154.16
8139 2154.16
8150 2154.16
8161 2154.16
8172 2154.16
8183 2154.16
8194 2154.16
8205 2154.16
8216 2154.16
8227 2154.16
8238 2154.16
8249 2154.16
8260 2154.16
8271 2154.16
8282 2154.16
8293 2154.16
8304 2154.16
8315 2154.16
8326 2154.16
8337 2154.16
8348 2154.16
8359 2154.16
8370 2154.16
8381 2154.16
8392 2154.16
8403 2154.16
8414 2154.16
8425 2154.16
8436 2154.16
8447 2154.16
8458 2154.16
8469 2154.16
8480 2154.16
8491 2154.16
8502 2154.16
8513 2154.16
8524 2154.16
8535 2154.16
8546 2154.16
8557 2154.16
8568 2154.16
8579 2154.16
8590 2154.16
8601 2154.16
8612 2154.16
8623 2154.16
8634 2154.16
8645 2154.16
8656 2154.16
8667 2154.16
8678 2154.16
8689 2154.16
8700 2154.16
8711 2154.16
8722 2154.16
8733 2154.16
8744 2154.16
8755 2154.16
8766 2154.16
8777 2154.16
8788 2154.16
8799 2154.16
8810 2154.16
8821 2154.16
8832 2154.16
8843 2154.16
8854 2154.16
8865 2154.16
8876 2154.16
8887 2154.16
8898 2154.16
8909 2154.16
8920 2154.16
8931 2154.16
8942 2154.16
8953 2154.16
8964 2154.16
8975 2154.16
8986 2154.16
8997 2154.16
9008 2154.16
9019 2154.16
9030 2154.16
9041 2154.16
9052 2154.16
9063 2154.16
9074 2154.16
9085 2154.16
9096 2154.16
9107 2154.16
9118 2154.16
9129 2154.16
9140 2154.16
9151 2154.16
9162 2154.16
9173 2154.16
9184 2154.16
9195 2154.16
9206 2154.16
9217 2154.16
9228 2154.16
9239 2154.16
9250 2154.16
9261 2154.16
9272 2154.16
9283 2154.16
9294 2154.16
9305 2154.16
9316 2154.16
9327 2154.16
9338 2154.16
9349 2154.16
9360 2154.16
9371 2154.16
9382 2154.16
9393 2154.16
9404 2154.16
9415 2154.16
9426 2154.16
9437 2154.16
9448 2154.16
9459 2154.16
9470 2154.16
9481 2154.16
9492 2154.16
9503 2154.16
9514 2154.16
9525 2154.16
9536 2154.16
9547 2154.16
9558 2154.16
9569 2154.16
9580 2154.16
9591 2154.16
9602 2154.16
9613 2154.16
9624 2154.16
9635 2154.16
9646 2154.16
9657 2154.16
9668 2154.16
9679 2154.16
9690 2154.16
9701 2154.16
9712 2154.16
9723 2154.16
9734 2154.16
9745 2154.16
9756 2154.16
9767 2154.16
9778 2154.16
9789 2154.16
9800 2154.16
9811 2154.16
9822 2154.16
9833 2154.16
9844 2154.16
9855 2154.16
9866 2154.16
9877 2154.16
9888 2154.16
9899 2154.16
9910 2154.16
9921 2154.16
9932 2154.16
9943 2154.16
9954 2154.16
9965 2154.16
9976 2154.16
9987 2154.16
9998 2154.16
