0 1698.14 1762.69
1 1712.15 1822.41
2 1760.57 1853.83
3 1769.17 1870.83
4 1785.26 1881.57
5 1824.75 1886.85
6 1875.9 1896.81
7 1910.58 1901.56
8 1924.68 1901.56
9 1930.44 1901.56
10 1930.44 1901.56
11 1930.44 1901.56
12 1930.44 1901.56
13 1930.44 1901.56
14 1930.44 1901.56
15 1930.44 1901.56
16 1930.44 1901.56
17 1930.44 1901.56
18 1930.44 1901.56
19 1930.44 1901.56
20 1930.44 1901.56
21 1935.61 1901.56
22 1948.08 1901.56
23 1949.29 1901.56
24 1952.13 1901.56
25 1987.42 1901.56
26 2031.39 1941.07
27 2053.52 1998.6
28 2068.45 2026.2
29 2068.45 2026.62
30 2068.45 2043.64
31 2068.45 2043.64
32 2068.45 2043.64
33 2068.45 2043.64
34 2068.45 2043.64
35 2068.45 2043.64
36 2068.45 2043.64
37 2068.45 2043.64
38 2068.45 2043.64
39 2068.45 2043.64
40 2068.45 2043.64
41 2068.45 2043.64
42 2068.45 2043.64
43 2068.45 2043.64
44 2068.45 2043.64
45 2068.45 2043.64
46 2068.45 2043.64
47 2068.45 2043.64
48 2068.45 2043.64
49 2068.45 2043.64
50 2068.45 2043.64
51 2068.45 2043.64
52 2068.45 2043.64
53 2068.45 2043.64
54 2068.45 2043.64
55 2068.45 2043.64
56 2068.45 2043.64
57 2068.45 2043.64
58 2068.45 2043.64
59 2068.45 2043.64
60 2068.45 2043.64
61 2068.45 2043.64
62 2068.45 2043.64
63 2068.45 2043.64
64 2068.45 2043.64
65 2068.45 2043.64
66 2068.45 2043.64
67 2068.45 2043.64
68 2068.45 2043.64
69 2068.45 2043.64
70 2068.45 2043.64
71 2068.45 2043.64
72 2068.45 2043.64
73 2068.45 2043.64
74 2068.45 2043.64
75 2068.45 2043.64
76 2068.45 2043.64
77 2068.45 2043.64
78 2068.45 2043.64
79 2068.45 2043.64
80 2068.45 2043.64
81 2068.45 2043.64
82 2068.45 2043.64
83 2068.45 2043.64
84 2068.45 2043.64
85 2068.45 2043.64
86 2068.45 2043.64
87 2068.45 2043.64
88 2068.45 2043.64
89 2068.45 2043.64
90 2068.45 2043.64
91 2068.45 2043.64
92 2068.45 2043.64
93 2068.45 2043.64
94 2068.45 2043.64
95 2068.45 2043.64
96 2068.45 2043.64
97 2068.45 2043.64
98 2068.45 2043.64
99 2068.45 2043.64
100 2068.45 2043.64
101 2068.45 2043.64
102 2068.45 2043.64
103 2068.45 2043.64
104 2068.45 2043.64
105 2068.45 2043.64
106 2068.45 2043.64
107 2068.45 2043.64
108 2068.45 2043.64
109 2068.45 2043.64
110 2068.45 2043.64
111 2068.45 2043.64
112 2068.45 2043.64
113 2068.45 2043.64
114 2068.45 2043.64
115 2068.45 2043.64
116 2068.45 2043.64
117 2068.45 2043.64
118 2068.45 2043.64
119 2068.45 2043.64
120 2068.45 2043.64
121 2068.45 2043.64
122 2068.45 2043.64
123 2068.45 2043.64
