0 2920.32 3033.68 2920.32 3033.68
1 2986 3181.34 2986 3181.34
2 2986.34 3318.96 2986 3318.96
3 3016.63 3432.62 3016.63 3432.62
4 3019.89 3505.71 3019.89 3505.71
5 3092.18 3562.07 3092.18 3562.07
6 3121.98 3597.22 3121.98 3597.22
7 3133.92 3626.7 3133.92 3626.7
8 3166.64 3656.07 3166.64 3656.07
9 3208.9 3676.05 3208.9 3676.05
10 3219.28 3692.59 3219.28 3692.59
11 3238.86 3706.31 3238.86 3706.31
12 3239.59 3709.97 3239.59 3709.97
13 3243.96 3712.15 3243.96 3712.15
14 3323.43 3713 3323.43 3713
15 3338.75 3715.51 3338.75 3715.51
16 3401.86 3715.51 3401.86 3715.51
17 3409.65 3715.51 3409.65 3715.51
18 3411.93 3715.51 3411.93 3715.51
19 3419.85 3715.51 3419.85 3715.51
20 3420.78 3715.51 3420.78 3715.51
21 3486.61 3715.51 3486.61 3715.51
22 3501.49 3715.51 3501.49 3715.51
23 3548.57 3715.51 3548.57 3715.51
24 3591.6 3715.51 3591.6 3715.51
25 3594.59 3469.29 3594.59 3715.51
26 3595.09 3541.34 3595.09 3715.51
27 3614.64 3590.09 3614.64 3715.51
28 3622.87 3626.31 3622.87 3715.51
29 3646.25 3653.84 3646.25 3715.51
30 3650.89 3716.8 3650.89 3715.51
31 3664 3758.34 3664 3715.51
32 3671.21 3783.01 3671.21 3715.51
33 3671.21 3805.54 3671.21 3715.51
34 3671.21 3827.65 3671.21 3715.51
35 3671.21 3828.5 3671.21 3715.51
36 3671.21 3832.22 3671.21 3715.51
37 3671.21 3832.22 3671.21 3832.22
38 3671.21 3832.22 3671.21 3832.22
39 3671.21 3832.22 3671.21 3832.22
40 3671.21 3832.22 3671.21 3832.22
41 3671.21 3832.22 3671.21 3832.22
42 3196.21 3832.22 3671.21 3832.22
43 3219.55 3832.22 3671.21 3832.22
44 3273.39 3832.22 3671.21 3832.22
45 3295.18 3832.22 3671.21 3832.22
46 3359.83 3238.95 3671.21 3832.22
47 3365.12 3432.12 3671.21 3832.22
48 3375.43 3507.17 3671.21 3832.22
49 3388.86 3558.94 3671.21 3832.22
50 3391.64 3597.46 3671.21 3832.22
51 3412.9 3629.4 3671.21 3832.22
52 3433.96 3646.57 3671.21 3832.22
53 3450.28 3662.39 3671.21 3832.22
54 3461.29 3675.23 3671.21 3832.22
55 3476.06 3684.92 3671.21 3832.22
56 3494.59 3691.57 3671.21 3832.22
57 3513.63 3694.96 3671.21 3832.22
58 3543.98 3713.54 3671.21 3832.22
59 3551.41 3720.14 3671.21 3832.22
60 3554.38 3723.83 3671.21 3832.22
61 3565.94 3724.67 3671.21 3832.22
62 3585.02 3724.67 3671.21 3832.22
63 3588.61 3724.67 3671.21 3832.22
64 3590.46 3724.67 3671.21 3832.22
65 3592.89 3724.67 3671.21 3832.22
66 3597.39 3724.67 3671.21 3832.22
67 3608.53 3724.67 3671.21 3832.22
68 3634.81 3724.67 3671.21 3832.22
69 3652.88 3724.67 3671.21 3832.22
70 3654.96 3724.67 3671.21 3832.22
71 3679.25 3550.72 3671.21 3832.22
72 3685.02 3695.48 3671.21 3832.22
73 3685.02 3746.87 3685.02 3832.22
74 3685.02 3777.83 3685.02 3832.22
75 3693.78 3797.28 3685.02 3832.22
76 3701.92 3827 3685.02 3832.22
77 3701.92 3833.84 3701.92 3832.22
78 3701.92 3852.61 3701.92 3832.22
79 3701.92 3857.64 3701.92 3832.22
80 3701.92 3859.14 3701.92 3832.22
81 3701.92 3859.14 3701.92 3859.14
82 3701.92 3859.14 3701.92 3859.14
83 3701.92 3859.14 3701.92 3859.14
84 3701.92 3859.14 3701.92 3859.14
85 3701.92 3859.14 3701.92 3859.14
86 3148.51 3859.14 3701.92 3859.14
87 3158.13 3859.14 3701.92 3859.14
88 3189.06 3859.14 3701.92 3859.14
89 3191.22 3859.14 3701.92 3859.14
90 3222.53 3445.44 3701.92 3859.14
91 3251.97 3543.56 3701.92 3859.14
92 3295.07 3618.9 3701.92 3859.14
93 3337.42 3667.77 3701.92 3859.14
94 3380.66 3702.96 3701.92 3859.14
95 3395.97 3721.85 3701.92 3859.14
96 3414.18 3740.14 3701.92 3859.14
97 3429.42 3749.35 3701.92 3859.14
98 3459.36 3768.55 3701.92 3859.14
99 3477.29 3784.02 3701.92 3859.14
100 3496.32 3790.04 3701.92 3859.14
101 3510.23 3810.03 3701.92 3859.14
102 3525.86 3819.24 3701.92 3859.14
103 3530.4 3824.77 3701.92 3859.14
104 3537.6 3827.54 3701.92 3859.14
105 3538.33 3827.54 3701.92 3859.14
106 3538.92 3827.54 3701.92 3859.14
107 3551.94 3827.54 3701.92 3859.14
108 3553.09 3827.54 3701.92 3859.14
109 3567.46 3827.54 3701.92 3859.14
110 3574.46 3827.54 3701.92 3859.14
111 3576.03 3827.54 3701.92 3859.14
112 3614.19 3827.54 3701.92 3859.14
113 3614.19 3827.54 3701.92 3859.14
114 3614.19 3142.22 3701.92 3859.14
115 3614.19 3256.86 3701.92 3859.14
116 3614.19 3320.9 3701.92 3859.14
117 3614.19 3381.07 3701.92 3859.14
118 3614.19 3435.01 3701.92 3859.14
119 3614.19 3461.58 3701.92 3859.14
120 3614.19 3486.46 3701.92 3859.14
121 3614.19 3514.54 3701.92 3859.14
122 3349.61 3516.71 3701.92 3859.14
123 3420.19 3524.59 3701.92 3859.14
124 3426.51 3537.42 3701.92 3859.14
125 3432.66 3543.07 3701.92 3859.14
126 3440.4 3549.7 3701.92 3859.14
127 3468.46 3550.3 3701.92 3859.14
128 3490.49 3556.98 3701.92 3859.14
129 3503.09 3557.21 3701.92 3859.14
130 3539.81 3557.21 3701.92 3859.14
131 3540.58 3557.21 3701.92 3859.14
132 3546.56 3557.21 3701.92 3859.14
133 3550.43 3557.21 3701.92 3859.14
134 3551.24 3557.21 3701.92 3859.14
135 3581.34 3557.21 3701.92 3859.14
136 3587.14 3557.21 3701.92 3859.14
137 3592.3 3557.21 3701.92 3859.14
138 3611.38 3557.21 3701.92 3859.14
139 3616.02 3266.92 3701.92 3859.14
140 3616.79 3418.3 3701.92 3859.14
141 3622.76 3477.73 3701.92 3859.14
142 3622.76 3529.21 3701.92 3859.14
143 3622.76 3563.09 3701.92 3859.14
144 3622.76 3583.08 3701.92 3859.14
145 3622.76 3596.62 3701.92 3859.14
146 3622.76 3607.92 3701.92 3859.14
147 3622.76 3615.29 3701.92 3859.14
148 3622.76 3622.21 3701.92 3859.14
149 3622.76 3633.37 3701.92 3859.14
150 3622.76 3647.59 3701.92 3859.14
151 3232.72 3647.59 3701.92 3859.14
152 3248.26 3651.75 3701.92 3859.14
153 3249.22 3651.75 3701.92 3859.14
154 3305.59 3651.75 3701.92 3859.14
155 3322.41 3651.75 3701.92 3859.14
156 3374.71 3651.75 3701.92 3859.14
157 3389.16 3651.75 3701.92 3859.14
158 3428.32 3651.75 3701.92 3859.14
159 3428.61 3651.75 3701.92 3859.14
160 3430.67 3651.75 3701.92 3859.14
161 3437.14 3651.75 3701.92 3859.14
162 3437.52 3259.35 3701.92 3859.14
163 3453.75 3411.81 3701.92 3859.14
164 3455.42 3449.43 3701.92 3859.14
165 3461.89 3478.71 3701.92 3859.14
166 3472.18 3511.39 3701.92 3859.14
167 3503.63 3545.13 3701.92 3859.14
168 3510.83 3571.8 3701.92 3859.14
169 3513.32 3587.81 3701.92 3859.14
170 3527.32 3605.13 3701.92 3859.14
171 3532.31 3614.62 3701.92 3859.14
172 3534.07 3625.49 3701.92 3859.14
173 3546.55 3630.87 3701.92 3859.14
174 3549.19 3642.97 3701.92 3859.14
175 3551.24 3651.37 3701.92 3859.14
176 3566.64 3665.71 3701.92 3859.14
177 3566.64 3665.71 3701.92 3859.14
178 3566.64 3665.71 3701.92 3859.14
179 3566.64 3665.71 3701.92 3859.14
180 3566.64 3665.71 3701.92 3859.14
181 3566.64 3665.71 3701.92 3859.14
182 3566.64 3665.71 3701.92 3859.14
183 3566.64 3665.71 3701.92 3859.14
184 3566.64 3665.71 3701.92 3859.14
185 3566.64 3665.71 3701.92 3859.14
186 3218.12 3225.32 3701.92 3859.14
187 3229.95 3295.44 3701.92 3859.14
188 3241.83 3350.95 3701.92 3859.14
189 3264.95 3392.91 3701.92 3859.14
190 3285.52 3440.05 3701.92 3859.14
191 3331.18 3473.65 3701.92 3859.14
192 3389.44 3484.73 3701.92 3859.14
193 3418.52 3512.27 3701.92 3859.14
194 3442.15 3528.07 3701.92 3859.14
195 3443.33 3539.44 3701.92 3859.14
196 3445.76 3549.4 3701.92 3859.14
197 3493.42 3550.79 3701.92 3859.14
198 3508.14 3566.38 3701.92 3859.14
199 3516.52 3567.32 3701.92 3859.14
200 3525.42 3576.94 3701.92 3859.14
201 3525.42 3582.08 3701.92 3859.14
202 3525.42 3585.37 3701.92 3859.14
203 3525.42 3587.56 3701.92 3859.14
204 3525.42 3587.56 3701.92 3859.14
205 3525.42 3587.56 3701.92 3859.14
206 3525.42 3587.56 3701.92 3859.14
207 3525.42 3587.56 3701.92 3859.14
208 3525.42 3587.56 3701.92 3859.14
209 3525.42 3587.56 3701.92 3859.14
210 3113.49 3587.56 3701.92 3859.14
211 3164.11 3587.56 3701.92 3859.14
212 3177.09 3587.56 3701.92 3859.14
213 3244.25 3074.47 3701.92 3859.14
214 3249.45 3176.67 3701.92 3859.14
215 3254.26 3238.58 3701.92 3859.14
216 3276.34 3277.33 3701.92 3859.14
217 3277.67 3313.98 3701.92 3859.14
218 3292.09 3347.25 3701.92 3859.14
219 3304.17 3373.34 3701.92 3859.14
220 3312.28 3379.14 3701.92 3859.14
221 3330.38 3383.8 3701.92 3859.14
222 3332.47 3388.32 3701.92 3859.14
223 3339.79 3399.53 3701.92 3859.14
224 3349.38 3408.72 3701.92 3859.14
225 3352.55 3413.12 3701.92 3859.14
226 3356.32 3432.28 3701.92 3859.14
227 3369.91 3437.61 3701.92 3859.14
228 3376.96 3452.79 3701.92 3859.14
229 3381.13 3455.65 3701.92 3859.14
230 3412 3455.65 3701.92 3859.14
231 3421.34 3455.65 3701.92 3859.14
232 3422.98 3455.65 3701.92 3859.14
233 3424.47 3455.65 3701.92 3859.14
234 3430.05 3455.65 3701.92 3859.14
235 3430.05 3455.65 3701.92 3859.14
236 3430.05 3455.65 3701.92 3859.14
237 3430.05 3455.65 3701.92 3859.14
238 3430.05 3455.65 3701.92 3859.14
239 3430.05 3438.66 3701.92 3859.14
240 3430.05 3497.76 3701.92 3859.14
241 3430.05 3540.94 3701.92 3859.14
242 3430.05 3569.09 3701.92 3859.14
243 3430.05 3606.79 3701.92 3859.14
244 3129.57 3629.73 3701.92 3859.14
245 3161.38 3646.21 3701.92 3859.14
246 3210.48 3659.76 3701.92 3859.14
247 3223.03 3671.46 3701.92 3859.14
248 3254.97 3681.45 3701.92 3859.14
249 3297.22 3682.9 3701.92 3859.14
250 3299.05 3682.9 3701.92 3859.14
251 3307.16 3682.9 3701.92 3859.14
252 3338.3 3682.9 3701.92 3859.14
253 3355.22 3682.9 3701.92 3859.14
254 3358.07 3682.9 3701.92 3859.14
255 3364.2 3682.9 3701.92 3859.14
256 3381.84 3682.9 3701.92 3859.14
257 3412.43 3682.9 3701.92 3859.14
258 3415.03 3682.9 3701.92 3859.14
259 3423.44 3234.42 3701.92 3859.14
260 3428.43 3355.36 3701.92 3859.14
261 3428.93 3454.56 3701.92 3859.14
262 3438.22 3491.01 3701.92 3859.14
263 3451.14 3514.25 3701.92 3859.14
264 3461.85 3535.17 3701.92 3859.14
265 3473.05 3557.37 3701.92 3859.14
266 3483.54 3572.29 3701.92 3859.14
267 3484.76 3584.77 3701.92 3859.14
268 3485.32 3599.25 3701.92 3859.14
269 3492.6 3608.94 3701.92 3859.14
270 3492.6 3624.84 3701.92 3859.14
271 3503.73 3632.78 3701.92 3859.14
272 3509.96 3639.47 3701.92 3859.14
273 3516.44 3643.49 3701.92 3859.14
274 3517.28 3645.44 3701.92 3859.14
275 3517.28 3645.44 3701.92 3859.14
276 3517.28 3645.44 3701.92 3859.14
277 3517.28 3645.44 3701.92 3859.14
278 3517.28 3645.44 3701.92 3859.14
279 3517.28 3645.44 3701.92 3859.14
280 3517.28 3645.44 3701.92 3859.14
281 3517.28 3645.44 3701.92 3859.14
282 3517.28 3645.44 3701.92 3859.14
283 3517.28 3645.44 3701.92 3859.14
284 3327.41 3167.33 3701.92 3859.14
285 3334.45 3285.61 3701.92 3859.14
286 3373 3344.81 3701.92 3859.14
287 3385.23 3386.49 3701.92 3859.14
288 3386.53 3426.42 3701.92 3859.14
289 3397.6 3454.02 3701.92 3859.14
290 3409.09 3476.52 3701.92 3859.14
291 3410.84 3486.89 3701.92 3859.14
292 3444.94 3493.54 3701.92 3859.14
293 3466.22 3509.23 3701.92 3859.14
294 3486.16 3520.73 3701.92 3859.14
295 3490.85 3526.48 3701.92 3859.14
296 3492.26 3526.48 3701.92 3859.14
297 3504.28 3526.48 3701.92 3859.14
298 3506.13 3526.48 3701.92 3859.14
299 3512.45 3526.48 3701.92 3859.14
300 3524.3 3526.48 3701.92 3859.14
301 3529.53 3526.48 3701.92 3859.14
302 3537.82 3526.48 3701.92 3859.14
303 3553.27 3526.48 3701.92 3859.14
304 3559.61 3526.48 3701.92 3859.14
305 3579.78 3128.26 3701.92 3859.14
306 3603.58 3234.02 3701.92 3859.14
307 3610.66 3334.27 3701.92 3859.14
308 3616.5 3396.47 3701.92 3859.14
309 3622.76 3421.17 3701.92 3859.14
310 3625.44 3465.17 3701.92 3859.14
311 3627.16 3486.78 3701.92 3859.14
312 3647.54 3510.56 3701.92 3859.14
313 3660.17 3539.77 3701.92 3859.14
314 3673.6 3551.32 3701.92 3859.14
315 3684.03 3551.32 3701.92 3859.14
316 3684.03 3551.41 3701.92 3859.14
317 3684.03 3551.41 3701.92 3859.14
318 3684.03 3551.41 3701.92 3859.14
319 3684.03 3551.41 3701.92 3859.14
320 3684.03 3551.41 3701.92 3859.14
321 3684.03 3551.41 3701.92 3859.14
322 3684.03 3551.41 3701.92 3859.14
323 3684.03 3551.41 3701.92 3859.14
324 3684.03 3551.41 3701.92 3859.14
325 2931.6 3551.41 3701.92 3859.14
326 2977.06 3043.94 3701.92 3859.14
327 3009.44 3143.23 3701.92 3859.14
328 3021.32 3239.64 3701.92 3859.14
329 3085.03 3287.25 3701.92 3859.14
330 3094.93 3334.83 3701.92 3859.14
331 3116.77 3376.71 3701.92 3859.14
332 3132.54 3394.67 3701.92 3859.14
333 3158.21 3412.54 3701.92 3859.14
334 3162.19 3421.99 3701.92 3859.14
335 3181.09 3428.15 3701.92 3859.14
336 3192.02 3428.15 3701.92 3859.14
337 3201.78 3433.73 3701.92 3859.14
338 3214.27 3433.73 3701.92 3859.14
339 3231.31 3433.73 3701.92 3859.14
340 3243.44 3433.73 3701.92 3859.14
341 3245.63 3433.73 3701.92 3859.14
342 3268.01 3433.73 3701.92 3859.14
343 3268.57 3433.73 3701.92 3859.14
344 3277.25 3433.73 3701.92 3859.14
345 3287.64 3433.73 3701.92 3859.14
346 3290.61 3433.73 3701.92 3859.14
347 3324.83 3288.67 3701.92 3859.14
348 3331.46 3359.99 3701.92 3859.14
349 3341.3 3413.08 3701.92 3859.14
350 3366.17 3478.93 3701.92 3859.14
351 3367.44 3510.51 3701.92 3859.14
352 3368.21 3526.75 3701.92 3859.14
353 3368.22 3535.56 3701.92 3859.14
354 3372.92 3551.03 3701.92 3859.14
355 3383.96 3562.22 3701.92 3859.14
356 3385.55 3573.73 3701.92 3859.14
357 3387.11 3581.85 3701.92 3859.14
358 3391.76 3587.65 3701.92 3859.14
359 3391.76 3589.77 3701.92 3859.14
360 3391.76 3594.35 3701.92 3859.14
361 3391.76 3596.38 3701.92 3859.14
362 3391.76 3597.7 3701.92 3859.14
363 3391.76 3612.81 3701.92 3859.14
364 3391.76 3613.36 3701.92 3859.14
365 3391.76 3617.62 3701.92 3859.14
366 3391.76 3617.62 3701.92 3859.14
367 3391.76 3617.62 3701.92 3859.14
368 3232.34 3617.62 3701.92 3859.14
369 3236.99 3617.62 3701.92 3859.14
370 3239.85 3617.62 3701.92 3859.14
371 3316.66 3617.62 3701.92 3859.14
372 3358.89 3617.62 3701.92 3859.14
373 3363.16 3617.62 3701.92 3859.14
374 3371.32 3617.62 3701.92 3859.14
375 3375.02 3133.57 3701.92 3859.14
376 3402.27 3231.89 3701.92 3859.14
377 3426.33 3320.31 3701.92 3859.14
378 3474.34 3390.06 3701.92 3859.14
379 3475.55 3436.94 3701.92 3859.14
380 3475.55 3448.52 3701.92 3859.14
381 3484.22 3456.34 3701.92 3859.14
382 3486.07 3459.09 3701.92 3859.14
383 3486.07 3461.75 3701.92 3859.14
384 3488.31 3474.19 3701.92 3859.14
385 3493.68 3475.99 3701.92 3859.14
386 3503.27 3477.27 3701.92 3859.14
387 3512.36 3477.76 3701.92 3859.14
388 3512.36 3490.53 3701.92 3859.14
389 3512.36 3490.94 3701.92 3859.14
390 3512.36 3510.61 3701.92 3859.14
391 3512.36 3510.61 3701.92 3859.14
392 3512.36 3510.61 3701.92 3859.14
393 3512.36 3510.61 3701.92 3859.14
394 3512.36 3510.61 3701.92 3859.14
395 3512.36 3510.61 3701.92 3859.14
396 3512.36 3510.61 3701.92 3859.14
397 3290.74 3510.61 3701.92 3859.14
398 3325.33 3510.61 3701.92 3859.14
399 3362.91 3510.61 3701.92 3859.14
400 3366.82 3309.19 3701.92 3859.14
401 3382.79 3435.86 3701.92 3859.14
402 3402.9 3525.93 3701.92 3859.14
403 3435.29 3558.24 3701.92 3859.14
404 3443.45 3591.85 3701.92 3859.14
405 3448.28 3611.96 3701.92 3859.14
406 3465.97 3616.64 3701.92 3859.14
407 3466.99 3620.46 3701.92 3859.14
408 3468.95 3628.87 3701.92 3859.14
409 3478.09 3633.53 3701.92 3859.14
410 3483.46 3633.53 3701.92 3859.14
411 3490.53 3633.53 3701.92 3859.14
412 3493.65 3633.53 3701.92 3859.14
413 3510.45 3633.53 3701.92 3859.14
414 3518.31 3633.53 3701.92 3859.14
415 3524.36 3633.53 3701.92 3859.14
416 3540.69 3633.53 3701.92 3859.14
417 3562.07 3633.53 3701.92 3859.14
418 3580.6 3633.53 3701.92 3859.14
419 3585.39 3228.38 3701.92 3859.14
420 3593.67 3330.81 3701.92 3859.14
421 3595.07 3391.27 3701.92 3859.14
422 3606.93 3426.08 3701.92 3859.14
423 3609.44 3448.47 3701.92 3859.14
424 3632.08 3463.49 3701.92 3859.14
425 3634.84 3478.38 3701.92 3859.14
426 3635.19 3509.35 3701.92 3859.14
427 3637.39 3522.11 3701.92 3859.14
428 3638.26 3530.44 3701.92 3859.14
429 3641.06 3538.53 3701.92 3859.14
430 3641.08 3538.53 3701.92 3859.14
431 3641.44 3556.84 3701.92 3859.14
432 3646.22 3556.84 3701.92 3859.14
433 3647.84 3556.84 3701.92 3859.14
434 3648.66 3556.84 3701.92 3859.14
435 3658.6 3556.84 3701.92 3859.14
436 3658.61 3556.84 3701.92 3859.14
437 3661.74 3556.84 3701.92 3859.14
438 3666.88 3556.84 3701.92 3859.14
439 3675.78 3556.84 3701.92 3859.14
440 3678.67 3556.84 3701.92 3859.14
441 3679.39 3213.12 3701.92 3859.14
442 3679.39 3326.43 3701.92 3859.14
443 3679.39 3374.12 3701.92 3859.14
444 3679.39 3421.66 3701.92 3859.14
445 3679.39 3471.48 3701.92 3859.14
446 3679.39 3498.58 3701.92 3859.14
447 3679.39 3498.58 3701.92 3859.14
448 3679.39 3499.97 3701.92 3859.14
449 3679.39 3499.97 3701.92 3859.14
450 3679.39 3499.97 3701.92 3859.14
451 3374.72 3499.97 3701.92 3859.14
452 3385.55 3499.97 3701.92 3859.14
453 3461.52 3499.97 3701.92 3859.14
454 3510.22 3499.97 3701.92 3859.14
455 3524.38 3499.97 3701.92 3859.14
456 3635.03 3499.97 3701.92 3859.14
457 3653.24 3499.97 3701.92 3859.14
458 3676.17 3242.59 3701.92 3859.14
459 3773.98 3348.58 3701.92 3859.14
460 3776.02 3418.72 3701.92 3859.14
461 3796.39 3454.66 3701.92 3859.14
462 3833.22 3473.75 3701.92 3859.14
463 3836.09 3490.62 3701.92 3859.14
464 3851.5 3501.39 3701.92 3859.14
465 3860.09 3518.57 3701.92 3859.14
466 3875.73 3521.65 3701.92 3859.14
467 3882.61 3523.7 3701.92 3859.14
468 3882.61 3531.46 3882.61 3859.14
469 3882.61 3531.46 3882.61 3859.14
470 3882.61 3532.15 3882.61 3859.14
471 3882.61 3532.15 3882.61 3859.14
472 3882.61 3533.2 3882.61 3859.14
473 3882.61 3533.2 3882.61 3859.14
474 3882.61 3533.2 3882.61 3859.14
475 3882.61 3533.2 3882.61 3859.14
476 3882.61 3533.2 3882.61 3859.14
477 3492.74 3533.2 3882.61 3859.14
478 3500.31 3533.2 3882.61 3859.14
479 3519.08 3533.2 3882.61 3859.14
480 3548.49 3533.2 3882.61 3859.14
481 3553.76 3533.2 3882.61 3859.14
482 3565.76 3000.35 3882.61 3859.14
483 3626.07 3144.45 3882.61 3859.14
484 3650.44 3256.24 3882.61 3859.14
485 3650.53 3335.54 3882.61 3859.14
486 3665.05 3372.56 3882.61 3859.14
487 3670.35 3383.25 3882.61 3859.14
488 3712 3394.15 3882.61 3859.14
489 3720.48 3405.66 3882.61 3859.14
490 3745.34 3414.13 3882.61 3859.14
491 3771.61 3431.68 3882.61 3859.14
492 3778.76 3440.23 3882.61 3859.14
493 3782.24 3459.66 3882.61 3859.14
494 3802.46 3487.46 3882.61 3859.14
495 3819.35 3501.34 3882.61 3859.14
496 3819.97 3501.34 3882.61 3859.14
497 3827.44 3501.34 3882.61 3859.14
498 3841.57 3501.34 3882.61 3859.14
499 3854.66 3501.34 3882.61 3859.14
