0 6192.82 6298.82
1 6247.24 6444.23
2 6254.76 6574.18
3 6265.82 6667.2
4 6273.8 6750.05
5 6325.86 6838.11
6 6344.8 6919.21
7 6368.43 6992.57
8 6414.21 7052.36
9 6438.2 7109.64
10 6458 7164.86
11 6474.25 7212.05
12 6520.51 7248.89
13 6533.02 7277.62
14 6541.96 7295.3
15 6573.91 7312.35
16 6669.43 7325.96
17 6706.81 7355.97
18 6742.32 7375.57
19 6743.79 7398.59
20 6842.93 7415.44
21 6861.24 7428.02
22 6885.29 7441.84
23 6902.42 7447.75
24 6935.4 7480.49
25 6949.49 7491.8
26 6964.46 7509.25
27 6965.07 7509.25
28 6971.48 7509.25
29 6973.38 7509.25
30 6994.27 7509.25
31 7012.44 7509.25
32 7033.62 7509.25
33 7069.25 7509.25
34 7070.87 7509.25
35 7090.29 7509.25
36 7141.51 7509.25
37 7152.64 7509.25
38 7153.81 7509.25
39 7157.93 7509.25
40 7160.9 7509.25
41 7167.94 7509.25
42 7181.75 7509.25
43 7195.96 7509.25
44 7222.04 7509.25
45 7229.89 7509.25
46 7231.27 7509.25
47 7232.2 7509.25
48 7263.22 7509.25
49 7266.39 7509.25
50 7280.08 7509.25
51 7285.9 7509.25
52 7323.02 7509.25
53 7330.3 7509.25
54 7357 7509.25
55 7393.13 7509.25
56 7394.19 7509.25
57 7404.26 7509.25
58 7420.35 7509.25
59 7432.06 7509.25
60 7440.92 7509.25
61 7448.39 7509.25
62 7448.39 7509.25
63 7448.39 7509.25
64 7448.39 7509.25
65 7448.39 7509.25
66 7448.39 7509.25
67 7448.39 7509.25
68 7448.39 7509.25
69 7448.39 7509.25
70 7448.39 7509.25
71 7448.39 7509.25
72 7448.39 7509.25
73 7448.39 7509.25
74 7448.39 7509.25
75 7448.39 7509.25
76 7448.39 7509.25
77 7448.39 7509.25
78 7448.39 7509.25
79 7448.39 7509.25
80 7448.39 7509.25
81 7448.39 7509.25
82 7448.39 7509.25
83 7448.39 7509.25
84 7448.39 7509.25
85 7448.39 7509.25
86 7448.39 7509.25
87 7448.39 7509.25
88 7448.39 7509.25
89 7448.39 7509.25
90 7448.39 7509.25
91 7448.39 7509.25
92 7448.39 7509.25
93 7448.39 7509.25
94 7448.39 7509.25
95 7448.39 7509.25
96 7448.39 7509.25
97 7448.39 7509.25
98 7448.39 7509.25
99 7448.39 7509.25
100 7448.39 7509.25
101 7448.39 7509.25
102 7448.39 7509.25
103 7448.39 7509.25
104 7448.39 7509.25
105 7448.39 7509.25
106 7448.39 7509.25
107 7448.39 7509.25
108 7448.39 7509.25
109 7448.39 7509.25
110 7448.39 7509.25
111 7448.39 7509.25
112 7448.39 7509.25
113 7448.39 7509.25
114 7448.39 7509.25
115 7448.39 7509.25
116 7448.39 7509.25
117 7448.39 7509.25
118 7448.39 7509.25
119 7448.39 7509.25
120 7448.39 7509.25
121 7448.39 7509.25
122 7448.39 7509.25
123 7448.39 7509.25
124 7448.39 7509.25
125 7448.39 7509.25
126 7448.39 7509.25
127 7448.39 7509.25
128 7448.39 7509.25
129 7448.39 7509.25
130 7448.39 7509.25
131 7448.39 7509.25
132 7448.39 7509.25
133 7448.39 7509.25
134 7448.39 7509.25
135 7448.39 7509.25
136 7448.39 7509.25
137 7448.39 7509.25
138 7448.39 7509.25
139 7448.39 7509.25
140 7448.39 7509.25
141 7448.39 7509.25
142 7448.39 7509.25
143 7448.39 7509.25
144 7448.39 7509.25
145 7448.39 7509.25
146 7448.39 7509.25
147 7448.39 7509.25
148 7448.39 7509.25
149 7448.39 7509.25
150 7448.39 7509.25
151 7448.39 7509.25
152 7448.39 7509.25
153 7448.39 7509.25
154 7448.39 7509.25
155 7448.39 7509.25
156 7448.39 7509.25
157 7448.39 7509.25
158 7448.39 7509.25
159 7448.39 7509.25
160 7448.39 7509.25
161 7448.39 7509.25
162 7448.39 7509.25
163 7448.39 7509.25
164 7448.39 7509.25
165 7448.39 7509.25
166 7448.39 7509.25
167 7448.39 7509.25
168 7448.39 7509.25
169 7448.39 7509.25
170 7448.39 7509.25
171 7448.39 7509.25
172 7448.39 7509.25
173 7448.39 7509.25
174 7448.39 7509.25
175 7448.39 7509.25
176 7448.39 7509.25
177 7448.39 7509.25
178 7448.39 7509.25
179 7448.39 7509.25
180 7448.39 7509.25
181 7448.39 7509.25
182 7448.39 7509.25
183 7448.39 7509.25
184 7448.39 7509.25
185 7448.39 7509.25
186 7448.39 7509.25
187 7448.39 7509.25
188 7448.39 7509.25
189 7448.39 7509.25
190 7448.39 7509.25
191 7448.39 7509.25
192 7448.39 7509.25
193 7448.39 7509.25
194 7448.39 7509.25
195 7448.39 7509.25
196 7448.39 7509.25
197 7448.39 7509.25
198 7448.39 7509.25
199 7448.39 7509.25
200 7448.39 7509.25
201 7448.39 7509.25
202 7448.39 7509.25
203 7448.39 7509.25
204 7448.39 7509.25
205 7448.39 7509.25
206 7448.39 7509.25
207 7448.39 7509.25
208 7448.39 7509.25
209 7448.39 7509.25
210 7448.39 7509.25
211 7448.39 7509.25
212 7448.39 7509.25
213 7448.39 7509.25
214 7448.39 7509.25
215 7448.39 7509.25
216 7448.39 7509.25
217 7448.39 7509.25
218 7448.39 7509.25
219 7448.39 7509.25
220 7448.39 7509.25
221 7448.39 7509.25
222 7448.39 7509.25
223 7448.39 7509.25
224 7448.39 7509.25
225 7448.39 7509.25
226 7448.39 7509.25
227 7448.39 7509.25
228 7448.39 7509.25
229 7448.39 7509.25
230 7448.39 7509.25
231 7448.39 7509.25
232 7448.39 7509.25
233 7448.39 7509.25
234 7448.39 7509.25
235 7448.39 7509.25
236 7448.39 7509.25
237 7448.39 7509.25
238 7448.39 7509.25
239 7448.39 7509.25
240 7448.39 7509.25
241 7448.39 7509.25
242 7448.39 7509.25
243 7448.39 7509.25
244 7448.39 7509.25
245 7448.39 7509.25
246 7448.39 7509.25
247 7448.39 7509.25
248 7448.39 7509.25
249 7448.39 7509.25
250 7448.39 7509.25
251 7448.39 7509.25
252 7448.39 7509.25
253 7448.39 7509.25
254 7448.39 7509.25
255 7448.39 7509.25
256 7448.39 7509.25
257 7448.39 7509.25
258 7448.39 7509.25
259 7448.39 7509.25
260 7448.39 7509.25
261 7448.39 7509.25
262 7448.39 7509.25
263 7448.39 7509.25
264 7448.39 7509.25
265 7448.39 7509.25
266 7448.39 7509.25
267 7448.39 7509.25
268 7448.39 7509.25
269 7448.39 7509.25
270 7448.39 7509.25
271 7448.39 7509.25
272 7448.39 7509.25
273 7448.39 7509.25
274 7448.39 7509.25
