0 1638.89 1769.72
1 1781.61 1837.37
2 1793.94 1899.19
3 1862.74 1922.04
4 1896.42 1929.46
5 1897.97 1931.5
6 1925.81 1932.87
7 1935.01 1932.87
8 1947.91 1932.87
9 1951.31 1932.87
10 1951.31 1932.87
11 1951.31 1932.87
12 1951.31 1932.87
13 1951.31 1932.87
14 1951.31 1932.87
15 1951.31 1932.87
16 1951.31 1867.34
17 1951.31 1911.16
18 1951.31 1931.88
19 1697.46 1941.97
20 1715.91 1947.43
21 1717.98 1947.43
22 1735.02 1947.43
23 1811.66 1947.43
24 1822.85 1947.43
25 1829.43 1947.43
26 1850.84 1947.43
27 1874.29 1947.43
28 1922.09 1947.43
29 1968.41 1947.43
30 1977.87 1735.99
31 1979.44 1853.34
32 1979.52 1915.12
33 1980.31 1940.2
34 1994.07 1967.4
35 2013.85 1974.29
36 2016.42 1986.88
37 2035.76 1992
38 2035.76 1992
39 2035.76 1992
40 2035.76 1992
41 2035.76 1992
42 2035.76 1992
43 2035.76 1992
44 2035.76 1992
45 2035.76 1992
46 2035.76 1992
47 1767.86 1803.37
48 1789.52 1841.47
49 1792.15 1878.07
50 1803.92 1895.43
51 1804.39 1911.9
52 1851.69 1918.95
53 1956.43 1922.73
54 1979.61 1922.73
55 1997.61 1922.73
56 2040.61 1922.73
57 2049.78 1922.73
58 2078.57 1922.73
59 2078.57 1922.73
60 2078.57 1922.73
61 2078.57 1922.73
62 2078.57 1922.73
63 2078.57 1591.36
64 2078.57 1752.76
65 2078.57 1791.43
66 2078.57 1817
67 2078.57 1824.56
68 1811.21 1824.56
69 1858.33 1824.56
70 1882.09 1824.56
71 1883.7 1824.56
72 1885.64 1824.56
73 1893.16 1824.56
74 1937.04 1824.56
75 1942.66 1824.56
76 1960.72 1824.56
77 1973.82 1610.92
78 1974.64 1686.96
79 1985.85 1740.46
80 1985.85 1762.98
81 1985.85 1781.49
82 1985.85 1784.44
83 1985.85 1784.44
84 1985.85 1784.44
85 1985.85 1784.44
86 1985.85 1784.44
87 1985.85 1784.44
88 1985.85 1784.44
89 1807.62 1784.44
90 1822.47 1784.44
91 1832.32 1784.44
92 1837.47 1691.13
93 1839.63 1784.12
94 1865.34 1815.5
95 1868.91 1854.21
96 1884.02 1865.63
97 1884.38 1871.94
98 1892.37 1871.94
99 1915.46 1871.94
100 1918.74 1871.94
101 1919.62 1871.94
102 1919.62 1871.94
103 1919.62 1871.94
104 1919.62 1871.94
105 1919.62 1871.94
106 1919.62 1871.94
107 1919.62 1890.6
108 1919.62 1692.03
109 1919.62 1805.57
110 1919.62 1834.62
111 1726.2 1867.32
112 1778.69 1886.01
113 1791.77 1894.94
114 1808.88 1895.87
115 1856.94 1896.59
116 1909.08 1905.51
117 1912.38 1905.51
118 1921.07 1905.51
119 1925.72 1905.51
120 1984.4 1905.51
121 1997.69 1905.51
122 1997.82 1905.51
123 2001.15 1905.51
124 2001.29 1905.51
125 2010.71 1905.51
126 2028.96 1816.68
127 2033.63 1917.08
128 2040.5 1955.48
129 2047 1986.19
130 2056.38 1993.65
131 2056.38 1998.51
132 2056.38 1998.51
133 2056.38 1998.51
134 2056.38 1998.51
135 2056.38 1998.51
136 2056.38 1998.51
137 2056.38 1998.51
138 2056.38 1998.51
139 2056.38 1998.51
140 1824.28 1998.51
141 1841.22 1903.08
142 1842.03 2007.28
143 1847.16 2032.86
144 1849.05 2057.77
145 1853.86 2069.75
146 1861.07 2069.75
147 1877.13 2069.75
148 1905.07 2069.75
149 1905.73 2069.75
150 1934.68 2069.75
151 1952.03 2069.75
152 1958.33 2069.75
153 1958.33 2069.75
154 1958.33 2069.75
155 1958.33 1752.75
156 1958.33 1844.31
157 1958.33 1894.24
158 1958.33 1911.34
159 1958.33 1930.32
160 1958.33 1939.17
161 1958.33 1959.15
162 1915.25 1980
163 1944.67 1988.52
164 1966.93 1995.27
165 1978.93 1999.66
166 2004.77 2001.47
167 2009.84 2001.47
168 2019.43 2001.47
169 2019.43 2001.47
170 2019.43 2001.47
171 2019.43 2001.47
172 2019.43 2001.47
173 2019.43 2001.47
174 2019.43 2001.47
175 2019.43 2001.47
176 2019.43 1758.9
177 2019.43 1834.23
178 1852.03 1887.86
179 1876.29 1912.54
180 1886.78 1932.04
181 1912.48 1959.34
182 1912.53 1966.74
183 1939.24 1980.41
184 1966.85 1980.41
185 1972.6 1980.41
186 1972.6 1980.41
187 1972.6 1980.41
188 1972.6 1980.41
189 1972.6 1980.41
190 1972.6 1980.41
191 1972.6 1980.41
192 1972.6 1980.41
193 1972.6 1668.16
194 1972.6 1792.49
195 1638.28 1827.47
196 1656.28 1849.75
197 1703.33 1861.55
198 1719.03 1861.55
199 1737.31 1861.55
200 1737.43 1861.55
201 1739.36 1861.55
202 1816.52 1861.55
203 1864.82 1861.55
204 1868.52 1861.55
205 1874.08 1861.55
206 1894.35 1861.55
207 1903.76 1769.39
208 1908.04 1836.32
209 1912.47 1922.63
210 1912.47 1934.75
211 1912.47 1942.16
212 1912.47 1945.82
213 1912.47 1950.56
214 1912.47 1950.56
215 1912.47 1950.56
216 1912.47 1950.56
217 1912.47 1950.56
218 1912.47 1950.56
219 1855.46 1950.56
220 1861.6 1950.56
221 1896.95 1950.56
222 1904.09 1950.56
223 1905.02 1841.38
224 1914.14 1896.38
225 1963.87 1938.52
226 1974.06 1972.41
227 1981.47 1989.45
228 1981.47 1994.98
229 1982.73 1994.98
230 2008.74 1994.98
231 2015.05 1994.98
232 2015.05 1994.98
233 2015.05 1994.98
234 2015.05 1994.98
235 2015.05 1994.98
236 2015.05 1994.98
237 2015.05 1994.98
238 2015.05 1863.9
239 2015.05 1911.61
240 2015.05 1930.13
241 1779.34 1935.54
242 1825.76 1949
243 1841.97 1957.29
244 1847.64 1959.4
245 1854.37 1959.4
246 1879.82 1959.4
247 1884.11 1959.4
248 1896.96 1959.4
249 1906.31 1959.4
250 1919.02 1959.4
251 1928.89 1959.4
252 1949.39 1959.4
253 1956.69 1959.4
254 1965.21 1796.57
255 1965.21 1845.51
256 1965.21 1896.58
257 1965.21 1936.27
258 1965.21 1950.82
259 1965.21 1950.82
260 1965.21 1950.82
261 1965.21 1950.82
262 1965.21 1950.82
263 1965.21 1950.82
264 1857.06 1950.82
265 1865.55 1950.82
266 1895.74 1950.82
267 1904.44 1950.82
268 1916.17 1747.35
269 1921.75 1787.15
270 1935.28 1802.68
271 1954.3 1813.99
272 1958.58 1848.11
273 1990.97 1848.11
274 2012.83 1848.11
275 2026.55 1848.11
276 2031.42 1848.11
