0 1780.04 1783.75
1 1780.66 1854.1
2 1826.99 1887.71
3 1877.93 1898.2
4 1893.48 1908.57
5 1907.59 1908.61
6 1912.36 1911.97
7 1912.36 1914.42
8 1912.36 1932.84
9 1912.36 1932.84
10 1912.36 1932.84
11 1912.36 1932.84
12 1912.36 1932.84
13 1912.36 1932.84
14 1912.36 1932.84
15 1912.36 1932.84
16 1912.36 1932.84
17 1912.36 1932.84
18 1912.36 1932.84
19 1912.36 1932.84
20 1912.36 1932.84
21 1912.36 1932.84
22 1912.36 1932.84
23 1912.36 1932.84
24 1912.36 1932.84
25 1912.36 1932.84
26 1912.36 1932.84
27 1912.36 1932.84
28 1912.36 1932.84
29 1912.36 1932.84
30 1912.36 1932.84
31 1912.36 1932.84
32 1912.36 1932.84
33 1912.36 1932.84
34 1912.36 1932.84
35 1912.36 1932.84
36 1912.36 1932.84
37 1912.36 1932.84
38 1912.36 1932.84
39 1912.36 1932.84
40 1912.36 1932.84
41 1912.36 1932.84
42 1912.36 1932.84
43 1912.36 1932.84
44 1912.36 1932.84
45 1912.36 1932.84
46 1912.36 1932.84
47 1912.36 1932.84
48 1912.36 1932.84
49 1912.36 1932.84
50 1912.36 1932.84
51 1912.36 1932.84
52 1912.36 1932.84
53 1912.36 1932.84
54 1912.36 1932.84
55 1912.36 1932.84
56 1912.36 1932.84
57 1912.36 1932.84
58 1912.36 1932.84
59 1912.36 1932.84
60 1912.36 1932.84
61 1912.36 1932.84
62 1912.36 1932.84
63 1912.36 1932.84
64 1912.36 1932.84
65 1912.36 1932.84
66 1912.36 1932.84
67 1912.36 1932.84
68 1912.36 1932.84
69 1912.36 1932.84
70 1912.36 1932.84
71 1912.36 1932.84
72 1912.36 1932.84
73 1912.36 1932.84
74 1912.36 1932.84
75 1912.36 1932.84
76 1912.36 1932.84
77 1912.36 1932.84
78 1912.36 1932.84
79 1912.36 1932.84
80 1912.36 1932.84
81 1912.36 1932.84
82 1912.36 1932.84
83 1912.36 1932.84
84 1912.36 1932.84
85 1912.36 1932.84
86 1912.36 1932.84
87 1912.36 1932.84
88 1912.36 1932.84
89 1912.36 1932.84
90 1912.36 1932.84
91 1912.36 1932.84
92 1912.36 1932.84
93 1912.36 1932.84
94 1912.36 1932.84
95 1912.36 1932.84
96 1912.36 1932.84
97 1912.36 1932.84
98 1912.36 1932.84
99 1912.36 1932.84
100 1912.36 1932.84
101 1912.36 1932.84
102 1912.36 1932.84
103 1912.36 1932.84
104 1912.36 1932.84
105 1912.36 1932.84
106 1912.36 1932.84
107 1912.36 1932.84
108 1912.36 1932.84
109 1912.36 1932.84
110 1912.36 1932.84
111 1912.36 1932.84
112 1912.36 1932.84
113 1912.36 1932.84
114 1912.36 1932.84
115 1912.36 1932.84
116 1912.36 1932.84
117 1912.36 1932.84
118 1912.36 1932.84
119 1912.36 1932.84
120 1912.36 1932.84
121 1912.36 1932.84
122 1912.36 1932.84
123 1912.36 1932.84
124 1912.36 1932.84
125 1912.36 1932.84
126 1912.36 1932.84
127 1912.36 1932.84
128 1912.36 1932.84
129 1912.36 1932.84
130 1912.36 1932.84
131 1912.36 1932.84
132 1912.36 1932.84
133 1912.36 1932.84
134 1912.36 1932.84
135 1912.36 1932.84
136 1912.36 1932.84
137 1912.36 1932.84
138 1912.36 1932.84
139 1912.36 1932.84
140 1912.36 1932.84
141 1912.36 1932.84
142 1912.36 1932.84
143 1912.36 1932.84
144 1912.36 1932.84
145 1912.36 1932.84
146 1912.36 1932.84
147 1912.36 1932.84
148 1912.36 1932.84
149 1912.36 1932.84
150 1912.36 1932.84
151 1912.36 1932.84
152 1912.36 1932.84
153 1912.36 1932.84
154 1912.36 1932.84
155 1912.36 1932.84
156 1912.36 1932.84
157 1912.36 1932.84
158 1912.36 1932.84
159 1912.36 1932.84
160 1912.36 1932.84
161 1912.36 1932.84
162 1912.36 1932.84
163 1912.36 1932.84
164 1912.36 1932.84
165 1912.36 1932.84
166 1912.36 1932.84
167 1912.36 1932.84
168 1912.36 1932.84
169 1912.36 1932.84
170 1912.36 1932.84
171 1912.36 1932.84
172 1912.36 1932.84
173 1912.36 1932.84
174 1912.36 1932.84
175 1912.36 1932.84
176 1912.36 1932.84
177 1912.36 1932.84
178 1912.36 1932.84
179 1912.36 1932.84
180 1912.36 1932.84
181 1912.36 1932.84
182 1912.36 1932.84
183 1912.36 1932.84
184 1912.36 1932.84
185 1912.36 1932.84
186 1912.36 1932.84
187 1912.36 1932.84
188 1912.36 1932.84
189 1912.36 1932.84
190 1912.36 1932.84
191 1912.36 1932.84
192 1912.36 1932.84
193 1912.36 1932.84
194 1912.36 1932.84
195 1912.36 1932.84
196 1912.36 1932.84
