42.5331 656.365 72.633 645.785
130.924 351.149 146.539 39.4232
216.701 466.482 192.407 20.4394
189.751 460.382 91.6468 166.354
91.6468 166.354 97.7359 157.456
56.02 243.066 48.0798 270.968
97.7359 157.456 56.02 243.066
48.0798 270.968 690.966 134.579
17.3633 240.241 697.388 180.396
661.559 217.046 334.275 152.149
697.388 180.396 334.351 153.797
15.2146 143.044 299.588 530.589
690.966 134.579 322.422 550.317
649.731 62.3332 308.435 115.205
299.481 251.83 352.314 140.327
315.293 273.228 398.23 119.558
240.825 281.514 356.71 67.6477
471.101 314.222 397.559 74.7588
565.785 282.386 70.2723 77.9227
536.489 287.228 91.5848 110.02
397.559 231.359 53.4418 131.485
579.327 601.036 59.7537 551.632
101.869 635.099 49.9187 541.435
224.318 312.468 37.4394 541.209
246.928 322.461 212.373 594.922
43.6892 305.472 303.838 21.0526
350.425 420.653 259.71 10.62
278.871 299.931 299.481 251.83
530.363 137.688 315.293 273.228
138.244 137.168 172.309 344.396
141.404 228.433 130.924 351.149
172.309 344.396 135.638 325.841
22.7643 455.534 216.701 466.482
212.373 594.922 189.751 460.382
143.061 631.72 350.425 420.653
144.6 457.422 282.304 426.838
141.451 485.248 228.833 410.446
118.663 508.713 15.2146 143.044
10.0261 488.931 17.3633 240.241
37.4394 541.209 197.897 512.389
634.318 612.829 141.451 485.248
88.4678 384.051 141.488 504.818
98.7899 384.593 396.127 539.465
239.905 102.63 558.201 0.419881
557.607 595.319 500.257 64.9136
498.807 576.21 590.894 370.741
486.465 593.043 616.655 339.341
558.201 0.419881 398.55 392.649
559.016 560.887 390.697 423.977
530.732 504.067 562.905 670.038
488.312 437.487 531.029 612.387
457.263 350.016 381.654 360.334
475.735 385.784 358.917 404.467
588.197 580.595 87.7495 19.617
633.392 534.94 594.405 275.874
117.862 112.98 565.785 282.386
192.407 20.4394 536.489 287.228
269.367 367.476 397.559 231.359
283.005 376.444 639.031 467.23
537.466 472.584 494.859 148.122
571.219 530.262 506.619 233.002
395.691 699.538 500.383 198.743
322.422 550.317 415.026 233.305
308.435 115.205 400.407 253.679
297.791 166.313 635.497 133.323
334.351 153.797 661.559 217.046
299.588 530.589 659.912 226.628
578.381 321.33 595.836 81.813
398.55 392.649 432.264 629.409
66.2308 24.1317 378.348 272.291
59.4163 40.128 436.519 282.936
594.405 275.874 471.101 314.222
630.923 230.343 588.197 580.595
255.557 448.865 579.327 601.036
259.71 10.62 101.869 635.099
91.5848 110.02 143.061 631.72
79.4653 445.964 656.694 558.111
104.653 482.822 633.392 534.94
282.304 426.838 612.176 494.317
378.348 272.291 672.862 432.883
271.504 225.292 661.051 445.938
282.787 229.8 689.945 468.535
192.119 314.184 66.2308 24.1317
228.833 410.446 59.4163 40.128
352.314 140.327 396.774 460.756
398.23 119.558 475.898 468.539
506.619 233.002 488.312 437.487
400.407 253.679 271.504 225.292
494.859 148.122 282.787 229.8
415.026 233.305 192.119 314.184
623.249 69.1893 224.318 312.468
595.836 81.813 246.928 322.461
432.264 629.409 498.807 576.21
484.803 677.073 486.465 593.043
531.029 612.387 530.363 137.688
565.162 429.16 547.266 161.659
612.176 494.317 343.169 509.312
672.862 432.883 42.5331 656.365
661.051 445.938 342.358 599.388
87.7495 19.617 395.691 699.538
53.4418 131.485 461.411 530.525
658.913 583.958 352.966 666.787
656.694 558.111 354.724 685.405
500.383 198.743 176.594 648.524
436.519 282.936 193.661 669.743
500.257 64.9136 297.791 166.313
590.894 370.741 269.367 367.476
598.416 414.556 283.005 376.444
629.998 433.455 537.466 472.584
475.898 468.539 530.732 504.067
303.838 21.0526 457.263 350.016
358.917 404.467 475.735 385.784
220.704 270.082 278.871 299.931
210.416 130.715 240.825 281.514
608.426 222.542 220.704 270.082
639.031 467.23 141.404 228.433
689.945 468.535 598.416 414.556
352.966 666.787 565.162 429.16
461.411 530.525 578.381 321.33
396.127 539.465 629.998 433.455
343.169 509.312 658.913 583.958
141.488 504.818 634.318 612.829
112.748 529.418 88.4678 384.051
58.7767 507.171 98.7899 384.593
72.633 645.785 239.905 102.63
146.539 39.4232 557.607 595.319
356.71 67.6477 559.016 560.887
70.2723 77.9227 571.219 530.262
354.724 685.405 630.923 230.343
396.774 460.756 255.557 448.865
635.497 133.323 104.653 482.822
334.275 152.149 43.6892 305.472
397.559 74.7588 38.1312 353.148
176.594 648.524 22.6471 526.247
22.6471 526.247 58.7767 507.171
49.9187 541.435 112.748 529.418
38.1312 353.148 144.6 457.422
135.638 325.841 79.4653 445.964
197.897 512.389 54.5249 438.552
59.7537 551.632 22.7643 455.534
54.5249 438.552 10.0261 488.931
342.358 599.388 118.663 508.713
390.697 423.977 249.059 76.6595
381.654 360.334 210.416 130.715
562.905 670.038 138.244 137.168
193.661 669.743 117.862 112.98
616.655 339.341 608.426 222.542
547.266 161.659 623.249 69.1893
659.912 226.628 649.731 62.3332
249.059 76.6595 484.803 677.073
