0 21867.4
11 22145.4
22 21659.9
33 23288.5
44 22605.5
55 21910.5
66 22407
77 22931
88 22097.5
99 22745.3
110 21681.1
121 22482.9
132 22681.5
143 22722.3
154 21945.6
165 21683
176 23533.1
187 22978.7
198 22519.4
209 22674.9
220 21865.1
231 22937.6
242 21934.9
253 21506.9
264 23181.6
275 23301.3
286 22294.4
297 22800
308 22440.2
319 22273.5
330 22512.2
341 22310.2
352 22873.1
363 22531.4
374 21420
385 22356.3
396 21245.4
407 22039.5
418 22161.8
429 22839
440 21867.1
451 22469.7
462 21767.1
473 23657.3
484 22467.5
495 22660.3
506 22321.9
517 22520
528 22378.2
539 22321.7
550 21614.3
561 21328.4
572 21799
583 22708.2
594 21732.3
605 22377.5
616 22045.9
627 22331.3
638 21324.1
649 22304.1
660 22478
671 21896.2
682 22154.4
693 22428.7
704 22871.3
715 23095.7
726 21159.3
737 21504
748 22612.5
759 21703.8
770 21574.4
781 21260.2
792 22366.8
803 21715.8
814 22802.9
825 21047.1
836 22323.7
847 22349.7
858 22335.5
869 22168.1
880 22243.5
891 20855.3
902 21645.9
913 20942.6
924 21972.4
935 21818.3
946 20661.1
957 20704.6
968 21172.3
979 21694.6
990 21110
1001 21192.7
1012 19936.9
1023 20504.7
1034 20863.1
1045 20503.4
1056 20264.6
1067 20960.9
1078 19788.8
1089 19211
1100 19742.2
1111 20230.8
1122 19966.4
1133 18857.5
1144 19729.5
1155 18958.2
1166 18609.9
1177 19908.1
1188 19101.9
1199 19301.7
1210 18871.9
1221 19214.3
1232 19177.8
1243 19406.3
1254 19319.4
1265 18530.3
1276 18650.4
1287 18189.5
1298 19551.4
1309 18395.2
1320 19023.4
1331 17781.8
1342 18195.2
1353 18330.3
1364 18410.8
1375 18957.2
1386 17477.6
1397 18275.5
1408 17909.3
1419 18346.1
1430 17045
1441 18003.3
1452 17244.6
1463 18281.9
1474 18015.6
1485 16922.3
1496 17556.8
1507 17640.4
1518 17419.8
1529 17204.1
1540 17855.2
1551 17844.4
1562 17300.1
1573 17477.4
1584 17832.9
1595 18568.9
1606 17768.8
1617 17815.1
1628 17849.1
1639 17331.6
1650 17977.3
1661 17029.5
1672 17598.2
1683 17637.5
1694 17012.6
1705 17931.1
1716 17862.1
1727 16449
1738 18095.6
1749 17172.9
1760 17227.4
1771 16973.2
1782 17363
1793 16910.5
1804 17334.9
1815 17666.2
1826 17834.8
1837 17389
1848 17045.9
1859 16677.2
1870 17614.9
1881 17434.8
1892 17421.7
1903 17233.2
1914 17014.4
1925 17721.8
1936 17859.1
1947 17094
1958 17534.4
1969 17470.7
1980 16870.8
1991 17595.7
2002 17687.9
2013 17190.8
2024 18029.8
2035 17861
2046 17714.1
2057 17219
2068 18086.1
2079 17583.9
2090 17780.8
2101 17864.2
2112 17614.3
2123 17548.7
2134 17343
2145 17590.9
2156 18098.8
2167 16870.8
2178 16431.3
2189 17430.1
2200 18716.2
2211 17017.3
2222 16950.8
2233 17269.2
2244 17567.6
2255 17905.6
2266 18154
2277 17775.2
2288 17365
2299 17622.1
2310 16968.5
2321 16979.2
2332 17260.8
2343 17885.6
2354 17601.3
2365 17299.1
2376 16517.2
2387 18357.8
2398 17096
2409 17978.4
2420 17659.8
2431 17761.9
2442 17593
2453 17997.4
2464 17297.9
2475 16618.5
2486 18633.6
2497 17265.7
2508 16756.9
2519 16931.8
2530 17979.3
2541 16962.2
2552 17917.6
2563 17869.8
2574 17700.3
2585 18705.2
2596 18063.2
2607 18169.3
2618 17766.9
2629 16949.8
2640 17825
2651 17404.1
2662 17949.7
2673 17933.8
2684 18161.9
2695 17729.1
2706 18256.4
2717 17247.3
2728 17902.3
2739 18216.1
2750 17719.3
2761 17329.9
2772 18016.5
2783 17913.9
2794 17814.6
2805 18475.7
2816 17956.6
2827 17408.1
2838 17317.3
2849 17033.4
2860 17318.4
2871 17852.4
2882 17908.1
2893 18056.6
2904 18100.7
2915 17088.4
2926 17938.5
2937 17202.5
2948 17815
2959 16927.5
2970 17610.9
2981 17306
2992 17505.9
3003 16321.4
3014 17494.2
3025 16899.7
3036 16664
3047 17193.7
3058 17680.8
3069 18002.7
3080 16835.8
3091 16990.3
3102 17519.6
3113 18539.4
3124 17017.8
3135 17249.2
3146 17610.6
3157 18833.3
3168 17654.1
3179 17446.7
3190 17477.2
3201 17945.5
3212 17864.4
3223 17674.2
3234 17032.3
3245 18099
3256 17312.6
3267 18363.7
3278 17841.4
3289 17554.3
3300 17545.7
3311 17117.7
3322 17666.8
3333 18524.6
3344 17011.5
3355 17691.6
3366 17531.3
3377 17790.3
3388 17458.5
3399 16861.8
3410 17586
3421 18082.4
3432 16950.9
3443 17298
3454 17568.2
3465 17809.7
3476 17382.7
3487 17457.7
3498 17368.6
3509 17153.5
3520 17893.9
3531 18033.6
3542 17319.2
3553 16644.6
3564 18054.9
3575 17668.2
3586 18046.5
3597 17603.8
3608 18069.8
3619 17549
3630 17422.5
3641 17768.5
3652 17730.1
3663 17272.5
3674 17122.6
3685 17261.6
3696 17960.4
3707 17557.2
3718 18451.3
3729 17790.3
3740 17303.2
3751 18357.2
3762 17526.4
3773 17384.1
3784 16615.3
3795 17465
3806 17691.8
3817 18190.1
3828 18123.5
3839 17126
3850 17434.8
3861 17678.1
3872 17779.5
3883 16825.2
3894 18058.9
3905 17364.8
3916 17497.7
3927 18020.2
3938 17115.4
3949 17004.6
3960 16921.3
3971 17628.7
3982 17829.2
3993 17517.7
4004 17243.1
4015 17089.2
4026 17984.3
4037 17740.3
4048 17696.8
4059 17523
4070 18297.9
4081 17698.7
4092 18291.3
4103 17993.2
4114 18145.9
4125 18063.8
4136 17888.4
4147 17589.5
4158 18516.3
4169 17494.3
4180 17799.5
4191 17437.4
4202 17021.2
4213 17959.1
4224 18403
4235 17984.2
4246 16962.3
4257 17872.7
4268 18927
4279 18446.8
4290 17151.8
4301 17951.8
4312 17659.7
4323 18212.7
4334 16403.5
4345 18899.8
4356 18065.5
4367 17435.1
4378 17172.7
4389 17415.2
4400 17707.9
4411 17117.5
4422 17635.1
4433 18458.8
4444 17871.7
4455 17601.4
4466 16923.3
4477 17481.9
4488 17762
4499 17644.9
4510 17907.9
4521 18440.7
4532 17189
4543 18636.3
4554 17674.4
4565 18634.8
4576 17555.4
4587 18108.2
4598 17123.6
4609 17720.3
4620 17265.4
4631 18297
4642 17659.7
4653 17788.2
4664 17130.2
4675 17771.3
4686 18011
4697 17306.2
4708 18148.8
4719 18596.8
4730 17515.6
4741 18597.3
4752 17930.8
4763 17581.3
4774 18326.4
4785 18407.4
4796 16970.3
4807 17773.5
4818 17847.3
4829 17461.7
4840 17837.4
4851 17697.2
4862 17909.3
4873 17956.1
4884 17390
4895 17089.1
4906 17801.2
4917 17290.3
4928 18203.2
4939 17583.1
4950 17386.8
4961 17979.3
4972 16983.2
4983 17584.1
4994 18281.5
5005 17707.6
5016 17552.5
5027 17878.3
5038 17122.1
5049 18172.5
5060 17532.6
5071 17641.5
5082 18061.1
5093 17397.8
5104 17811.2
5115 17911.3
5126 17518.5
5137 18126.1
5148 17552
5159 18256.4
5170 17880
5181 16954.1
5192 17754
5203 17726.5
5214 18118.4
5225 17217.9
5236 17597.9
5247 17632.9
5258 17601.5
5269 17364.4
5280 16808.3
5291 16971.1
5302 17893.6
5313 17323.8
5324 18409
5335 17939.1
5346 17507.3
5357 17343.9
5368 17537.7
5379 17589.4
5390 17879.2
5401 16870.8
5412 17308.3
5423 18264.6
5434 17793.7
5445 17987.4
5456 17884.7
5467 17483.9
5478 17554.5
5489 18258.9
5500 17576.8
5511 16448.3
5522 17155.5
5533 17243.6
5544 17545.6
5555 17952.6
5566 17140.3
5577 17325.2
5588 17907.4
5599 17371.8
5610 17671
5621 18209.8
5632 17033
5643 17600
5654 18046.1
5665 17481.1
5676 17312
5687 18218
5698 17630.6
5709 17692.6
5720 18657.7
5731 17985.2
5742 17580
5753 17474.9
5764 17456.6
5775 16809
5786 18921.9
5797 16824.7
5808 17926.8
5819 17540.5
5830 17107.6
5841 17232
5852 18800.9
5863 17698
5874 17205.6
5885 17654.7
5896 17429
5907 17949.8
5918 18800.1
5929 18052.7
5940 18234.2
5951 18223.6
5962 17942.5
5973 17399.4
5984 17590.2
5995 17456.1
6006 18267.2
6017 17521.5
6028 17907
6039 17391.4
6050 18345.3
6061 17987.8
6072 17401.2
6083 18416.2
6094 17789.6
6105 17874.9
6116 17825.1
6127 17732.1
6138 17830.3
6149 18053.9
6160 16928.3
6171 17957.4
6182 17287.7
6193 17889.2
6204 18621.9
6215 18424.5
6226 17939.8
6237 18133.8
6248 17464.2
6259 18011.1
6270 18216.9
6281 18839.4
6292 18202.9
6303 17732.6
6314 18187
6325 17093.9
6336 17520.9
6347 17596
6358 17141.5
6369 18539.9
6380 17486.1
6391 16895.7
6402 17824.6
6413 17611.6
6424 17115.5
6435 17120.4
6446 17398.5
6457 18054.3
6468 17015.5
6479 16753.3
6490 18146.8
6501 17220.2
6512 17702
6523 17720.2
6534 17006
6545 17552.2
6556 17274.8
6567 18355.8
6578 17622.6
6589 18498.1
6600 17806.4
6611 17536.3
6622 17188.5
6633 17864.5
6644 18214.4
6655 17250.5
6666 17184.6
6677 17783.9
6688 17506.2
6699 17975.8
6710 17780.7
6721 17391.9
6732 18245.6
6743 16761.7
6754 17709.2
6765 17579.4
6776 17412.9
6787 17398.7
6798 16755.6
6809 17209.4
6820 16701.2
6831 17639
6842 17407.1
6853 18250.8
6864 17776
6875 17670.3
6886 18214.5
6897 17534.9
6908 16803.9
6919 17728.2
6930 17624.2
6941 17450.6
6952 18023.6
6963 17734.6
6974 17447.2
6985 18225.7
6996 17336.5
7007 16945.2
7018 17203.9
7029 17761.7
7040 17232.7
7051 17967
7062 17752.1
7073 17428.2
7084 16823.3
7095 17631.8
7106 16850.6
7117 18050.7
7128 17481.3
7139 17877.7
7150 17412.5
7161 17910.2
7172 17843.5
7183 17547.8
7194 18073
7205 17304.8
7216 17657.7
7227 17346.6
7238 17134.7
7249 17976.9
7260 17781
7271 18273.5
7282 17469.6
7293 16899.8
7304 17937.3
7315 17669.4
7326 17907.7
7337 17642.8
7348 18830.5
7359 17478.8
7370 17837.9
7381 17712.9
7392 17910.1
7403 17726.6
7414 17398
7425 17269.5
7436 17471.5
7447 17343.4
7458 17898
7469 17459.5
7480 17460.3
7491 17753.5
7502 17268.7
7513 17518.1
7524 17341.3
7535 17659.5
7546 18240
7557 17222.4
7568 17486.8
7579 17971.6
7590 18379.7
7601 16623.8
7612 17840.2
7623 18230.2
7634 17888.5
7645 17566.6
7656 17674.5
7667 17934.9
7678 17577.9
7689 17731.7
7700 17906.2
7711 18076.9
7722 17644.7
7733 17597.9
7744 17787.1
7755 16923.1
7766 17775.4
7777 17598
7788 18350.5
7799 17624.7
7810 17212.7
7821 17214.6
7832 18310.6
7843 17208.9
7854 17894.6
7865 17763.4
7876 18123.3
7887 17984
7898 17321
7909 17690.9
7920 17387.1
7931 17395.3
7942 17328.4
7953 18448.8
7964 17735.8
7975 18022.2
7986 17919
7997 17141.6
8008 17793.8
8019 17633.7
8030 17568.6
8041 17382.9
8052 18170.7
8063 17899.3
8074 17145.4
8085 18366.6
8096 17702.9
8107 17721
8118 18413.8
8129 17692.7
8140 17267.5
8151 17896.5
8162 17508
8173 17015.7
8184 17325.5
8195 16965.6
8206 17280.9
8217 16728.4
8228 17472.9
8239 16634
8250 17786.5
8261 17611.2
8272 17810.9
8283 17292.6
8294 17948.2
8305 17289.2
8316 16714.5
8327 17297
8338 16998.9
8349 17829.8
8360 17075
8371 17784.4
8382 17453.6
8393 17804.9
8404 17723.1
8415 18032.4
8426 17385.3
8437 17351.8
8448 17202.8
8459 17377.1
8470 16944.4
8481 17465.7
8492 17741.9
8503 17209.9
8514 17405
8525 17670.3
8536 17386.4
8547 17490.5
8558 17535.4
8569 17654.5
8580 17807
8591 17406.2
8602 17046
8613 18082.4
8624 17740.9
8635 17362.8
8646 17837.3
8657 16933.2
8668 17058.8
8679 18587.4
8690 17525
8701 17580.8
8712 17512.6
8723 17012
8734 17061.9
8745 16950.7
8756 17691.1
8767 17058
8778 18098.1
8789 17012.9
8800 17552.1
8811 17498.7
8822 18363.6
8833 17706.2
8844 17320.4
8855 16477.4
8866 18028.4
8877 17971.2
8888 18030.5
8899 18224.3
8910 16059.6
8921 17901.5
8932 17107
8943 17629.1
8954 17683.4
8965 17487.3
8976 17202.5
8987 17440.6
8998 17571.7
9009 18633.6
9020 17676.9
9031 17084.3
9042 17133.7
9053 17047.4
9064 17314
9075 18080.5
9086 17524.1
9097 17971
9108 17444.1
9119 16313.8
9130 16761.3
9141 17436.7
9152 17898.6
9163 17763.5
9174 17640
9185 17963.5
9196 17795.4
9207 17924.1
9218 17300.9
9229 17499.6
9240 17132.4
9251 17584.8
9262 17580.6
9273 17807.6
9284 17610
9295 17179.2
9306 17299.6
9317 17370.4
9328 17414.4
9339 17412.6
9350 16853.5
9361 17417.3
9372 17563
9383 17858.3
9394 17875.1
9405 18060.4
9416 18835.3
9427 17325
9438 17365.4
9449 17150.7
9460 17943.9
9471 17371.5
9482 16974.2
9493 17851.9
9504 18289.7
9515 18064.3
9526 18100.5
9537 17229
9548 17560.2
9559 17366.5
9570 17919
9581 17408.6
9592 17592.9
9603 17595.8
9614 17677.6
9625 17690.6
9636 16991.1
9647 17247.7
9658 17340.1
9669 17736.2
9680 17814
9691 19156.4
9702 18222.1
9713 17642.5
9724 18099.2
9735 18004.1
9746 17334.8
9757 18028.7
9768 17392.4
9779 18302.1
9790 17545.1
9801 16966.6
9812 16840.8
9823 18203.3
9834 17248.5
9845 17386.6
9856 17916.7
9867 17330
9878 17565.5
9889 18800.9
9900 17979.1
9911 17837.4
9922 18037.8
9933 17610.8
9944 17371.2
9955 17424.4
9966 18143.1
9977 16935.9
9988 17579.3
9999 16819.4
