0 38990.9
6 38490.7
12 38743.5
18 38161.6
24 38610.6
30 37405.9
36 38552.2
42 38857.1
48 37874.2
54 38307.2
60 38380.1
66 38379.9
72 38070.8
78 36956.3
84 37975.3
90 37833.2
96 39090.4
102 37739.4
108 38705.6
114 38137.3
120 38232.5
126 37863.5
132 37618.4
138 38498.2
144 37577.2
150 38484.5
156 38032.5
162 37106.5
168 39337.9
174 38656.9
180 39365.9
186 38095.5
192 38164.1
198 37986.9
204 37285.8
210 38996.6
216 37867.8
222 38458.1
228 36853.6
234 38122.3
240 37167
246 37304.3
252 37850.8
258 37623.9
264 38212.2
270 37158.3
276 37420.5
282 37706.2
288 36664.5
294 36335.5
300 35537.3
306 36843.6
312 35269.2
318 35563.3
324 34414.2
330 33945.6
336 34901.3
342 33584.6
348 33708
354 33645.5
360 33281.7
366 33671.9
372 33161.1
378 33300.2
384 31959.5
390 33523.8
396 32988.5
402 32763.7
408 32550.7
414 31949.6
420 32099
426 31663.3
432 31962.5
438 31873.3
444 32110.5
450 31804.4
456 32399.6
462 31433.9
468 31707.6
474 31613.5
480 32788.8
486 31909.2
492 31769
498 32181
504 31985.2
510 31931
516 31568.7
522 31929.5
528 31631.3
534 32205.5
540 31553.1
546 30700.7
552 32368.6
558 32163.5
564 31789.2
570 31824.6
576 32332
582 32266.1
588 32103.3
594 32155.9
600 32074.5
606 31770.9
612 31511
618 31256.9
624 31951.1
630 32485.1
636 31279.6
642 31418.3
648 31925.6
654 30928.9
660 32151.6
666 31330.4
672 31489
678 31193.9
684 31836.4
690 32056
696 31708
702 31483.1
708 31867.9
714 30464.5
720 31179.6
726 31247.8
732 30908
738 31053.2
744 31805.1
750 31619
756 31064.2
762 30725.9
768 31376.3
774 30427.1
780 30623.8
786 30722.9
792 31761.8
798 32355.9
804 30967
810 31543.3
816 31796.8
822 31703.4
828 31921.8
834 31689.6
840 31925.7
846 31177.8
852 31984.6
858 31979.5
864 32089.9
870 31848.3
876 31312.9
882 32150.1
888 31143.6
894 32119.3
900 32109.3
906 31860
912 31444.1
918 31448.4
924 31536.7
930 32916.5
936 32140.7
942 32666.8
948 31894.5
954 31461.8
960 32280.4
966 32506.6
972 31309.6
978 31985.3
984 32170.6
990 32571.7
996 32123.3
1002 31634.7
1008 31560.9
1014 30913
1020 32609.2
1026 31905.5
1032 31927.5
1038 32059.2
1044 32156.6
1050 31883.4
1056 31689.8
1062 32156.6
1068 32614.2
1074 31962.5
1080 30978.2
1086 32216.5
1092 32051.4
1098 32579.4
1104 31520
1110 31843.9
1116 31658.6
1122 31894.8
1128 31940.4
1134 32359.2
1140 32487.7
1146 31458.3
1152 31694.4
1158 32907.3
1164 32122.4
1170 32314.8
1176 31740.3
1182 32438.9
1188 32780.3
1194 31606.9
1200 31571.8
1206 32220
1212 32609.7
1218 31449.8
1224 32055.4
1230 32036.8
1236 31600.8
1242 32068.5
1248 31743
1254 31796.7
1260 32090.5
1266 31009.2
1272 32860.1
1278 31860.5
1284 32248.5
1290 31695.1
1296 31308.1
1302 31461.5
1308 31902.8
1314 32005.3
1320 31457.9
1326 31587.1
1332 31638.8
1338 31497.8
1344 31840.8
1350 31479.7
1356 31998.1
1362 31622.4
1368 31250.4
1374 31748.3
1380 31947.3
1386 32657.1
1392 31226.1
1398 32061.5
1404 32302.4
1410 31015.5
1416 31733.3
1422 30858.9
1428 31885
1434 31341.8
1440 31662.1
1446 31457.7
1452 32054.2
1458 30962.9
1464 31912.1
1470 30950.7
1476 31606
1482 32689.8
1488 32018.1
1494 31810
1500 31502.8
1506 31973.8
1512 31732.7
1518 32593.7
1524 32076.5
1530 31770.2
1536 32502.4
1542 31193.2
1548 31966
1554 32098.7
1560 32384.8
1566 31536.1
1572 31887.9
1578 31562.9
1584 31479.8
1590 31511.8
1596 32640.2
1602 31886.4
1608 31974.9
1614 32137.6
1620 32133.6
1626 31509.5
1632 31674.5
1638 32295.3
1644 32160.7
1650 32097.7
1656 31908.5
1662 32278.5
1668 31829.4
1674 32085.5
1680 31891.8
1686 31744.3
1692 31138.3
1698 31868.9
1704 31785.7
1710 32595.6
1716 31795.1
1722 31852.4
1728 32558.8
1734 31649.7
1740 32017.2
1746 33723
1752 32568.7
1758 32034.1
1764 32789.9
1770 31560.7
1776 31870.5
1782 32003.9
1788 31689.5
1794 31875.6
1800 32007.5
1806 31591.8
1812 32303.9
1818 31430.8
1824 31514.5
1830 32248.4
1836 32047.9
1842 32242.4
1848 32617.4
1854 32439.3
1860 31962
1866 32120
1872 31788.2
1878 31312.2
1884 31051.8
1890 31706.8
1896 31939.3
1902 32311.1
1908 32590.6
1914 32462.8
1920 31893.7
1926 32196.9
1932 31871.9
1938 31529.2
1944 32306.5
1950 32385.5
1956 32878.9
1962 32422.4
1968 31940.9
1974 31284.5
1980 31896.5
1986 32009.7
1992 32372.4
1998 32814.9
2004 32040.1
2010 32103.9
2016 31387.3
2022 32106.4
2028 31804.6
2034 31468.2
2040 31530.4
2046 32406.1
2052 31377.4
2058 31898.2
2064 31164.7
2070 31836.3
2076 31482
2082 31661.6
2088 32355.7
2094 32648.6
2100 31252.8
2106 31768.2
2112 30947.1
2118 31933
2124 32006.9
2130 31975.2
2136 32319.8
2142 32536.6
2148 32567.9
2154 31705.1
2160 31325.3
2166 32840.9
2172 31898.2
2178 32200.5
2184 32393.6
2190 31613.3
2196 32111.6
2202 32697.8
2208 32290.6
2214 31578
2220 33203
2226 30978.2
2232 31927
2238 31392.2
2244 32381.8
2250 32435.6
2256 32040.8
2262 33067.7
2268 32021.5
2274 31914
2280 32331.4
2286 32043.3
2292 31868.8
2298 33167.4
2304 32641.5
2310 31411
2316 32568.9
2322 32528.8
2328 31903
2334 32664.7
2340 32112.7
2346 32183.2
2352 31987.1
2358 31561.4
2364 31934.5
2370 32103
2376 32511.8
2382 31623.1
2388 32209.4
2394 32866
2400 32225.3
2406 32111.5
2412 32686.5
2418 32348.6
2424 32438.4
2430 31653.1
2436 32761.9
2442 31671.8
2448 31797.7
2454 32020.1
2460 31589
2466 32800.9
2472 31787.8
2478 31370.6
2484 32038.1
2490 32602.4
2496 31957
2502 31935
2508 31929.7
2514 32992.9
2520 32536.2
2526 32066.2
2532 31818.7
2538 32190.7
2544 32459.1
2550 32440.5
2556 31780.8
2562 31591.8
2568 32236.8
2574 32760.4
2580 32472.2
2586 33411.8
2592 32076.5
2598 32477.3
2604 31999.5
2610 31939.3
2616 32331.3
2622 32326.9
2628 33063.5
2634 32700.2
2640 32257
2646 32707.2
2652 32913.3
2658 31746.1
2664 32450.3
2670 31866.4
2676 32195.3
2682 32602
2688 31217.5
2694 33015
2700 31709.4
2706 31958.4
2712 32347.9
2718 33027.9
2724 32366.5
2730 32404.2
2736 32280.6
2742 32208
2748 32570.3
2754 32917.6
2760 31943.6
2766 32932.3
2772 33106.2
2778 32528.8
2784 32443.6
2790 31820.9
2796 32122.8
2802 32306.9
2808 32293.9
2814 32622.8
2820 31281.5
2826 31956.3
2832 32087.2
2838 32188.7
2844 32431.4
2850 31915.4
2856 32526.7
2862 32891
2868 31804.1
2874 32130.5
2880 31681.7
2886 31993.6
2892 31853.5
2898 32100.9
2904 31850.1
2910 32106.8
2916 31961.6
2922 32993.3
2928 33019.3
2934 32227.1
2940 31648.7
2946 32229.2
2952 31793.1
2958 32053.5
2964 31752.4
2970 32702.4
2976 32573.2
2982 32494.9
2988 31731.2
2994 31968.1
3000 31996.1
3006 33048.4
3012 33024
3018 32734.8
3024 32786.2
3030 32250.1
3036 32220.1
3042 31515.2
3048 31574.9
3054 31840
3060 32733.9
3066 31896.9
3072 33070.2
3078 31759.7
3084 31777.8
3090 32970.1
3096 32169.8
3102 31824.5
3108 32228.3
3114 32464.9
3120 31878.7
3126 32061.3
3132 32361.9
3138 32371.2
3144 32437.6
3150 32743
3156 31488.9
3162 31661.1
3168 32563.4
3174 32453.1
3180 31066.9
3186 33452.6
3192 32767.5
3198 32579.1
3204 31925.5
3210 32007
3216 31874
3222 31314.5
3228 32557.9
3234 31940.7
3240 31838.1
3246 31508.2
3252 32036.6
3258 32649.3
3264 31726.4
3270 32062.7
3276 32595.4
3282 31090.1
3288 32390.1
3294 31598.5
3300 31547.9
3306 32972.3
3312 31571.1
3318 32105.5
3324 31977.3
3330 32601.6
3336 31626.2
3342 31939.8
3348 32001.4
3354 32457.1
3360 32619.4
3366 31793.3
3372 32569.2
3378 32346.3
3384 31964.4
3390 32218.6
3396 32337
3402 31635.5
3408 32450.4
3414 32033.2
3420 31862.4
3426 32306
3432 32481.4
3438 32485.7
3444 32079
3450 32348.6
3456 32428.6
3462 32770.8
3468 32663.6
3474 31853.5
3480 32141.3
3486 31662.6
3492 31661.7
3498 32867.8
3504 32283.3
3510 32952
3516 31949.7
3522 32663.1
3528 32172.9
3534 32421.6
3540 32241.3
3546 32650.3
3552 32270.2
3558 32481.5
3564 32647.1
3570 32498.1
3576 32711.7
3582 32325.2
3588 32068.9
3594 33136
3600 32421.3
3606 32731.5
3612 32259
3618 32248.6
3624 33233.6
3630 32503.8
3636 31755.5
3642 32220.6
3648 32357.7
3654 32277.2
3660 32504.6
3666 32349.5
3672 32901.4
3678 31946.5
3684 32214.2
3690 32287.5
3696 32510.6
3702 32052.2
3708 32639.6
3714 32209.4
3720 32135.1
3726 32860.1
3732 32673.4
3738 33207.2
3744 32681.4
3750 31750.9
3756 31726.8
3762 32316.1
3768 33151
3774 32118.3
3780 32969.5
3786 30894.6
3792 32335
3798 31798.1
3804 32525.9
3810 32807.4
3816 31868.5
3822 31341.5
3828 32046.8
3834 32896.5
3840 32664.9
3846 32518.5
3852 32558
3858 31950.8
3864 32729.1
3870 32321.7
3876 32164.2
3882 31950.6
3888 32115.1
3894 31944
3900 32318.8
3906 31261.2
3912 31808.2
3918 32154.4
3924 32119
3930 32472.3
3936 32179.3
3942 32008.4
3948 31882
3954 32349.4
3960 31591.7
3966 31506.7
3972 32516.2
3978 33218.8
3984 32302.4
3990 32102.7
3996 32898.8
4002 32334.1
4008 32225
4014 32407.1
4020 32649.7
4026 32223.5
4032 32422.3
4038 31909.5
4044 31970.2
4050 32503.6
4056 31782.6
4062 32307.2
4068 32456.6
4074 32723.4
4080 32378.5
4086 31951.1
4092 31937.2
4098 32205.6
4104 31446.6
4110 30944.5
4116 32198.6
4122 32153
4128 31103.7
4134 31950
4140 31405.2
4146 31990.5
4152 32483
4158 31254.1
4164 31400.8
4170 30687.8
4176 31202.1
4182 31856.5
4188 32323.1
4194 32515.3
4200 31633.2
4206 31699.7
4212 31608.8
4218 32172.6
4224 31289.3
4230 32013.2
4236 31531.8
4242 31642.6
4248 31854.3
4254 32248.2
4260 31937.9
4266 31543.1
4272 31885.3
4278 31885.9
4284 32050.5
4290 31669.6
4296 32553.9
4302 31903.2
4308 31590.3
4314 31623.7
4320 31947.9
4326 32568.8
4332 32379.7
4338 32078.4
4344 31845.8
4350 32046
4356 32603.1
4362 32403.4
4368 31774.1
4374 32520.9
4380 32211.2
4386 32141.2
4392 31696.5
4398 31350.2
4404 32468.6
4410 32427.3
4416 32675.1
4422 32286.5
4428 32436.3
4434 31577.1
4440 32193.1
4446 32266.1
4452 32908.7
4458 32561.4
4464 31869
4470 32542.7
4476 32717.3
4482 31704.9
4488 32470.1
4494 31576.5
4500 31710.9
4506 32036.6
4512 32015.3
4518 31437.8
4524 32071.7
4530 32379.2
4536 31840.9
4542 32012.3
4548 32232.9
4554 32276
4560 32238.2
4566 32739
4572 31979.1
4578 32539.9
4584 32053.8
4590 32124.4
4596 32138.3
4602 31768.5
4608 32945.3
4614 32042.9
4620 32520.8
4626 32194.6
4632 32648.4
4638 32219.6
4644 32758.5
4650 32687.7
4656 32397.1
4662 32406.5
4668 32827.4
4674 32464.4
4680 32842.6
4686 33289.5
4692 32502.3
4698 32899.3
4704 32193.3
4710 31758.2
4716 32795.2
4722 32096.2
4728 32121.2
4734 31878
4740 32768.2
4746 32503.1
4752 32569.3
4758 32801.8
4764 33029.6
4770 32597.6
4776 33057.7
4782 32830.2
4788 32380.1
4794 31650.1
4800 31699.6
4806 32373.2
4812 32588.6
4818 32231.5
4824 32252.9
4830 32432.8
4836 31995.6
4842 32058.3
4848 32362.8
4854 31999.8
4860 32436.9
4866 32333.4
4872 32660.1
4878 31756.6
4884 31792.6
4890 32327.7
4896 31973.9
4902 31929.5
4908 31934.4
4914 32953.3
4920 33204.7
4926 32154.9
4932 33088.3
4938 32301.1
4944 32631.1
4950 31688.6
4956 32214.7
4962 32195.8
4968 31703.5
4974 32993.1
4980 32903
4986 32285.6
4992 32649.9
4998 32280.1
