10 19230.9
21 18584.1
32 18584.1
43 18584.1
54 18584.1
65 18584.1
76 18264.8
87 18264.8
98 18264.8
109 18264.8
120 17663.4
131 17663.4
142 17663.4
153 17663.4
164 17663.4
175 17663.4
186 17663.4
197 17663.4
208 17663.4
219 17663.4
230 17663.4
241 17459.3
252 17459.3
263 17459.3
274 17459.3
285 17459.3
296 17459.3
307 17459.3
318 17459.3
329 17459.3
340 17459.3
351 17459.3
362 17459.3
373 17459.3
384 17459.3
395 17459.3
406 17459.3
417 17459.3
428 17459.3
439 17459.3
450 17459.3
461 17459.3
472 17459.3
483 17459.3
494 17459.3
505 17459.3
516 17459.3
527 17459.3
538 17459.3
549 17459.3
560 17459.3
571 17459.3
582 17459.3
593 17459.3
604 17459.3
615 17459.3
626 17459.3
637 17459.3
648 17459.3
659 17459.3
670 17459.3
681 17459.3
692 17459.3
703 17459.3
714 17459.3
725 17459.3
736 17459.3
747 17459.3
758 17459.3
769 17459.3
780 17459.3
791 17459.3
802 17459.3
813 17459.3
824 17459.3
835 17459.3
846 17459.3
857 17459.3
868 17459.3
879 17459.3
890 17459.3
901 17459.3
912 17459.3
923 17459.3
934 17459.3
945 17459.3
956 17459.3
967 17459.3
978 17459.3
989 17459.3
1000 17459.3
1011 17459.3
1022 17440.8
1033 17440.8
1044 17440.8
1055 17440.8
1066 16957.3
1077 16957.3
1088 16781.8
1099 16088.6
1110 16088.6
1121 16088.6
1132 16088.6
1143 16088.6
1154 16088.6
1165 16088.6
1176 16088.6
1187 16088.6
1198 16088.6
1209 16088.6
1220 16088.6
1231 16088.6
1242 16088.6
1253 15883.8
1264 15244
1275 15244
1286 15244
1297 15244
1308 15244
1319 15244
1330 15244
1341 15244
1352 15244
1363 15244
1374 15244
1385 15244
1396 15244
1407 15244
1418 14574.4
1429 14273.9
1440 14273.9
1451 14273.9
1462 14273.9
1473 14273.9
1484 14273.9
1495 14273.9
1506 14273.9
1517 14273.9
1528 14273.9
1539 14273.9
1550 14273.9
1561 14273.9
1572 14273.9
1583 14273.9
1594 14273.9
1605 14273.9
1616 14273.9
1627 14273.9
1638 14273.9
1649 14273.9
1660 14273.9
1671 14273.9
1682 14273.9
1693 14273.9
1704 14273.9
1715 14273.9
1726 14273.9
1737 14273.9
1748 14273.9
1759 14273.9
1770 14273.9
1781 14273.9
1792 14273.9
1803 14273.9
1814 14273.9
1825 14273.9
1836 14273.9
1847 14117
1858 14117
1869 14117
1880 14117
1891 14117
1902 14117
1913 14117
1924 14117
1935 14117
1946 14117
1957 14117
1968 14117
1979 14117
1990 14117
2001 14117
2012 14117
2023 14117
2034 14117
2045 14117
2056 14117
2067 14117
2078 14117
2089 14117
2100 14117
2111 14117
2122 14117
2133 14117
2144 14117
2155 14117
2166 14117
2177 14117
2188 14117
2199 14117
2210 14117
2221 14117
2232 14117
2243 14117
2254 14117
2265 14117
2276 14117
2287 14117
2298 14117
2309 14117
2320 14117
2331 14117
2342 14117
2353 14117
2364 14117
2375 14117
2386 14117
2397 14117
2408 14117
2419 14117
2430 14117
2441 14117
2452 14117
2463 14117
2474 14117
2485 14117
2496 14117
2507 14117
2518 14117
2529 14117
2540 14117
2551 14117
2562 14117
2573 14117
2584 14117
2595 14117
2606 14117
2617 14117
2628 14117
2639 14117
2650 14117
2661 14117
2672 14117
2683 14117
2694 14117
2705 14117
2716 14117
2727 14117
2738 14117
2749 14117
2760 14117
2771 14117
2782 14117
2793 14117
2804 14117
2815 14117
2826 14117
2837 14117
2848 14117
2859 14117
2870 14117
2881 14117
2892 14117
2903 14117
2914 14117
2925 14117
2936 14117
2947 14117
2958 14117
2969 14117
2980 14117
2991 14117
3002 14117
3013 14117
3024 14117
3035 14117
3046 13366.2
3057 13366.2
3068 13366.2
3079 13366.2
3090 13366.2
3101 13366.2
3112 13366.2
3123 13366.2
3134 13366.2
3145 13366.2
3156 13366.2
3167 13366.2
3178 13366.2
3189 13366.2
3200 13366.2
3211 13366.2
3222 13366.2
3233 13366.2
3244 13366.2
3255 13366.2
3266 13366.2
3277 13366.2
3288 13366.2
3299 13366.2
3310 13366.2
3321 13366.2
3332 13366.2
3343 13366.2
3354 13366.2
3365 13366.2
3376 13366.2
3387 13366.2
3398 13366.2
3409 13366.2
3420 13366.2
3431 13366.2
3442 13366.2
3453 13366.2
3464 13366.2
3475 13366.2
3486 13366.2
3497 13366.2
3508 13366.2
3519 13366.2
3530 13366.2
3541 13366.2
3552 13366.2
3563 13366.2
3574 13366.2
3585 13366.2
3596 13366.2
3607 13366.2
3618 13366.2
3629 13366.2
3640 13366.2
3651 13366.2
3662 13366.2
3673 13366.2
3684 13366.2
3695 13366.2
3706 13366.2
3717 13366.2
3728 13366.2
3739 13366.2
3750 13366.2
3761 13366.2
3772 13366.2
3783 13366.2
3794 13366.2
3805 13366.2
3816 13366.2
3827 13366.2
3838 13366.2
3849 13366.2
3860 13366.2
3871 13366.2
3882 13366.2
3893 13366.2
3904 13366.2
3915 13366.2
3926 13366.2
3937 13366.2
3948 13366.2
3959 13366.2
3970 13366.2
3981 13366.2
3992 13366.2
4003 13366.2
4014 13366.2
4025 13366.2
4036 13366.2
4047 13366.2
4058 13366.2
4069 13366.2
4080 13366.2
4091 13366.2
4102 13366.2
4113 13366.2
4124 13366.2
4135 13366.2
4146 13366.2
4157 13366.2
4168 13366.2
4179 13366.2
4190 13366.2
4201 13366.2
4212 13366.2
4223 13366.2
4234 13366.2
4245 13366.2
4256 13366.2
4267 13366.2
4278 13366.2
4289 13366.2
4300 13366.2
4311 13366.2
4322 13366.2
4333 13366.2
4344 13366.2
4355 13366.2
4366 13366.2
4377 13366.2
4388 13366.2
4399 13366.2
4410 13366.2
4421 13366.2
4432 13366.2
4443 13366.2
4454 13366.2
4465 13366.2
4476 13366.2
4487 13366.2
4498 13366.2
4509 13366.2
4520 13366.2
4531 13366.2
4542 13366.2
4553 13366.2
4564 13366.2
4575 13366.2
4586 13366.2
4597 13366.2
4608 13366.2
4619 13366.2
4630 13366.2
4641 13366.2
4652 13366.2
4663 13366.2
4674 13366.2
4685 13366.2
4696 13366.2
4707 13366.2
4718 13366.2
4729 13366.2
4740 13366.2
4751 13366.2
4762 13366.2
4773 13366.2
4784 13366.2
4795 13366.2
4806 13366.2
4817 13366.2
4828 13366.2
4839 13366.2
4850 13366.2
4861 13366.2
4872 13366.2
4883 13366.2
4894 13366.2
4905 13366.2
4916 13366.2
4927 13366.2
4938 13366.2
4949 13366.2
4960 13366.2
4971 13366.2
4982 13366.2
4993 13366.2
5004 13366.2
5015 13366.2
5026 13366.2
5037 13366.2
5048 13366.2
5059 13366.2
5070 13366.2
5081 13366.2
5092 13366.2
5103 13366.2
5114 13366.2
5125 13366.2
5136 13366.2
5147 13366.2
5158 13366.2
5169 13366.2
5180 13366.2
5191 13366.2
5202 13366.2
5213 13366.2
5224 13366.2
5235 13366.2
5246 13366.2
5257 13366.2
5268 13366.2
5279 13366.2
5290 13366.2
5301 13366.2
5312 13366.2
5323 13366.2
5334 13366.2
5345 13366.2
5356 13366.2
5367 13366.2
5378 13366.2
5389 13366.2
5400 13366.2
5411 13366.2
5422 13366.2
5433 13366.2
5444 13366.2
5455 13366.2
5466 13366.2
5477 13366.2
5488 13366.2
5499 13366.2
5510 13366.2
5521 13366.2
5532 13366.2
5543 13366.2
5554 13366.2
5565 13366.2
5576 13366.2
5587 13366.2
5598 13366.2
5609 13366.2
5620 13366.2
5631 13366.2
5642 13366.2
5653 13366.2
5664 13366.2
5675 13366.2
5686 13366.2
5697 13366.2
5708 13366.2
5719 13366.2
5730 13366.2
5741 13366.2
5752 13366.2
5763 13366.2
5774 13366.2
5785 13366.2
5796 13366.2
5807 13366.2
5818 13366.2
5829 13366.2
5840 13366.2
5851 13366.2
5862 13366.2
5873 13366.2
5884 13366.2
5895 13366.2
5906 13366.2
5917 13366.2
5928 13366.2
5939 13366.2
5950 13366.2
5961 13366.2
5972 13366.2
5983 13366.2
5994 13366.2
6005 13366.2
6016 13366.2
6027 13366.2
6038 13366.2
6049 13366.2
6060 13366.2
6071 13366.2
6082 13366.2
6093 13366.2
6104 13366.2
6115 13366.2
6126 13366.2
6137 13366.2
6148 13366.2
6159 13366.2
6170 13366.2
6181 13366.2
6192 13366.2
6203 13366.2
6214 13366.2
6225 13366.2
6236 13366.2
6247 13366.2
6258 13366.2
6269 13366.2
6280 13366.2
6291 13366.2
6302 13366.2
6313 13366.2
6324 13366.2
6335 13366.2
6346 13366.2
6357 13366.2
6368 13366.2
6379 13366.2
6390 13366.2
6401 13366.2
6412 13366.2
6423 13366.2
6434 13366.2
6445 13366.2
6456 13366.2
6467 13366.2
6478 13366.2
6489 13366.2
6500 13366.2
6511 13366.2
6522 13366.2
6533 13366.2
6544 13366.2
6555 13366.2
6566 13366.2
6577 13366.2
6588 13366.2
6599 13366.2
6610 13366.2
6621 13366.2
6632 13366.2
6643 13366.2
6654 13366.2
6665 13366.2
6676 13366.2
6687 13366.2
6698 13366.2
6709 13366.2
6720 13366.2
6731 13366.2
6742 13366.2
6753 13366.2
6764 13366.2
6775 13366.2
6786 13366.2
6797 13366.2
6808 13366.2
6819 13366.2
6830 13366.2
6841 13366.2
6852 13366.2
6863 13366.2
6874 13366.2
6885 13366.2
6896 13366.2
6907 13366.2
6918 13366.2
6929 13366.2
6940 13366.2
6951 13366.2
6962 13366.2
6973 13366.2
6984 13366.2
6995 13366.2
7006 13366.2
7017 13366.2
7028 13366.2
7039 13366.2
7050 13366.2
7061 13366.2
7072 13366.2
7083 13366.2
7094 13366.2
7105 13366.2
7116 13366.2
7127 13366.2
7138 13366.2
7149 13366.2
7160 13366.2
7171 13366.2
7182 13366.2
7193 13366.2
7204 13366.2
7215 13366.2
7226 13366.2
7237 13366.2
7248 13366.2
7259 13366.2
7270 13366.2
7281 13366.2
7292 13366.2
7303 13366.2
7314 13366.2
7325 13366.2
7336 13366.2
7347 13366.2
7358 13366.2
7369 13366.2
7380 13366.2
7391 13366.2
7402 13366.2
7413 13366.2
7424 13366.2
7435 13366.2
7446 13366.2
7457 13366.2
7468 13366.2
7479 13366.2
7490 13366.2
7501 13366.2
7512 13366.2
7523 13366.2
7534 13366.2
7545 13366.2
7556 13366.2
7567 13366.2
7578 13366.2
7589 13366.2
7600 13366.2
7611 13366.2
7622 13366.2
7633 13366.2
7644 13366.2
7655 13366.2
7666 13366.2
7677 13366.2
7688 13366.2
7699 13366.2
7710 13366.2
7721 13366.2
7732 13366.2
7743 13366.2
7754 13366.2
7765 13366.2
7776 13366.2
7787 13366.2
7798 13366.2
7809 13366.2
7820 13366.2
7831 13366.2
7842 13366.2
7853 13366.2
7864 13366.2
7875 13366.2
7886 13366.2
7897 13366.2
7908 13366.2
7919 13366.2
7930 13366.2
7941 13366.2
7952 13366.2
7963 13366.2
7974 13366.2
7985 13366.2
7996 13366.2
8007 13366.2
8018 13366.2
8029 13366.2
8040 13366.2
8051 13366.2
8062 13366.2
8073 13366.2
8084 13366.2
8095 13366.2
8106 13366.2
8117 13366.2
8128 13366.2
8139 13366.2
8150 13366.2
8161 13366.2
8172 13366.2
8183 13366.2
8194 13366.2
8205 13366.2
8216 13366.2
8227 13366.2
8238 13366.2
8249 13366.2
8260 13366.2
8271 13366.2
8282 13366.2
8293 13366.2
8304 13366.2
8315 13366.2
8326 13366.2
8337 13366.2
8348 13366.2
8359 13366.2
8370 13366.2
8381 13366.2
8392 13366.2
8403 13366.2
8414 13366.2
8425 13366.2
8436 13366.2
8447 13366.2
8458 13366.2
8469 13366.2
8480 13366.2
8491 13366.2
8502 13366.2
8513 13366.2
8524 13366.2
8535 13366.2
8546 13366.2
8557 13366.2
8568 13366.2
8579 13366.2
8590 13366.2
8601 13366.2
8612 13366.2
8623 13366.2
8634 13366.2
8645 13366.2
8656 13366.2
8667 13366.2
8678 13366.2
8689 13366.2
8700 13366.2
8711 13366.2
8722 13366.2
8733 13366.2
8744 13366.2
8755 13366.2
8766 13366.2
8777 13366.2
8788 13366.2
8799 13366.2
8810 13366.2
8821 13366.2
8832 13366.2
8843 13366.2
8854 13366.2
8865 13366.2
8876 13366.2
8887 13366.2
8898 13366.2
8909 13366.2
8920 13366.2
8931 13366.2
8942 13366.2
8953 13366.2
8964 13366.2
8975 13366.2
8986 13366.2
8997 13366.2
9008 13366.2
9019 13366.2
9030 13366.2
9041 13366.2
9052 13366.2
9063 13366.2
9074 13366.2
9085 13366.2
9096 13366.2
9107 13366.2
9118 13366.2
9129 13366.2
9140 13366.2
9151 13366.2
9162 13366.2
9173 13366.2
9184 13366.2
9195 13366.2
9206 13366.2
9217 13366.2
9228 13366.2
9239 13366.2
9250 13366.2
9261 13366.2
9272 13366.2
9283 13366.2
9294 13366.2
9305 13366.2
9316 13366.2
9327 13366.2
9338 13366.2
9349 13366.2
9360 13366.2
9371 13366.2
9382 13366.2
9393 13366.2
9404 13366.2
9415 13366.2
9426 13366.2
9437 13366.2
9448 13366.2
9459 13366.2
9470 13366.2
9481 13366.2
9492 13366.2
9503 13366.2
9514 13366.2
9525 13366.2
9536 13366.2
9547 13366.2
9558 13366.2
9569 13366.2
9580 13366.2
9591 13366.2
9602 13366.2
9613 13366.2
9624 13366.2
9635 13366.2
9646 13366.2
9657 13366.2
9668 13366.2
9679 13366.2
9690 13366.2
9701 13366.2
9712 13366.2
9723 13366.2
9734 13366.2
9745 13366.2
9756 13366.2
9767 13366.2
9778 13366.2
9789 13366.2
9800 13366.2
9811 13366.2
9822 13366.2
9833 13366.2
9844 13366.2
9855 13366.2
9866 13366.2
9877 13366.2
9888 13366.2
9899 13366.2
9910 13366.2
9921 13366.2
9932 13366.2
9943 13366.2
9954 13366.2
9965 13366.2
9976 13366.2
9987 13366.2
9998 13366.2
10009 13366.2
