10 34432.8
21 34432.8
32 34432.8
43 34432.8
54 34432.8
65 33525.2
76 33525.2
87 33525.2
98 33525.2
109 33525.2
120 33525.2
131 33525.2
142 33525.2
153 33525.2
164 33525.2
175 33525.2
186 33525.2
197 33525.2
208 33525.2
219 33525.2
230 33215.9
241 33215.9
252 32892.3
263 32892.3
274 32892.3
285 32892.3
296 32892.3
307 32892.3
318 32892.3
329 32892.3
340 32892.3
351 32892.3
362 32892.3
373 32892.3
384 32892.3
395 32892.3
406 32892.3
417 32892.3
428 32892.3
439 32892.3
450 32892.3
461 32892.3
472 32892.3
483 32892.3
494 32892.3
505 32892.3
516 32892.3
527 32892.3
538 32892.3
549 32892.3
560 32892.3
571 32892.3
582 32892.3
593 32892.3
604 32892.3
615 32892.3
626 32892.3
637 32892.3
648 32892.3
659 32892.3
670 32892.3
681 32892.3
692 32892.3
703 32892.3
714 32892.3
725 32892.3
736 32892.3
747 32892.3
758 32892.3
769 32892.3
780 32892.3
791 32892.3
802 32892.3
813 32892.3
824 32892.3
835 32892.3
846 32892.3
857 32892.3
868 32892.3
879 32892.3
890 32892.3
901 32892.3
912 32892.3
923 32768.6
934 32768.6
945 32602.3
956 32602.3
967 32602.3
978 32602.3
989 32602.3
1000 32602.3
1011 32602.3
1022 32602.3
1033 32602.3
1044 32602.3
1055 32602.3
1066 32602.3
1077 32602.3
1088 32602.3
1099 32602.3
1110 32602.3
1121 32021.4
1132 32021.4
1143 32021.4
1154 29542.6
1165 29542.6
1176 29542.6
1187 29542.6
1198 29542.6
1209 29542.6
1220 29542.6
1231 29542.6
1242 29542.6
1253 29542.6
1264 29542.6
1275 29542.6
1286 29542.6
1297 29542.6
1308 29542.6
1319 29542.6
1330 29542.6
1341 29542.6
1352 28805.2
1363 28805.2
1374 28805.2
1385 28805.2
1396 28805.2
1407 28805.2
1418 28805.2
1429 28805.2
1440 28805.2
1451 28805.2
1462 28805.2
1473 28805.2
1484 28805.2
1495 28805.2
1506 28805.2
1517 28805.2
1528 28805.2
1539 28805.2
1550 28805.2
1561 28805.2
1572 28805.2
1583 28396.8
1594 28396.8
1605 28396.8
1616 28396.8
1627 28396.8
1638 28396.8
1649 28396.8
1660 28396.8
1671 28396.8
1682 28396.8
1693 28396.8
1704 28396.8
1715 28396.8
1726 28396.8
1737 28396.8
1748 28396.8
1759 28396.8
1770 28396.8
1781 28396.8
1792 26928.9
1803 26928.9
1814 26928.9
1825 26928.9
1836 26928.9
1847 26928.9
1858 26928.9
1869 26928.9
1880 26928.9
1891 26928.9
1902 26928.9
1913 26928.9
1924 26928.9
1935 26928.9
1946 26928.9
1957 26928.9
1968 26928.9
1979 26928.9
1990 26928.9
2001 26928.9
2012 26928.9
2023 26928.9
2034 26928.9
2045 26928.9
2056 26928.9
2067 26928.9
2078 26928.9
2089 26928.9
2100 26928.9
2111 26928.9
2122 26928.9
2133 26928.9
2144 26928.9
2155 26928.9
2166 26928.9
2177 26928.9
2188 26928.9
2199 26928.9
2210 26928.9
2221 26928.9
2232 26928.9
2243 26928.9
2254 26928.9
2265 26928.9
2276 26928.9
2287 26928.9
2298 26928.9
2309 26928.9
2320 26928.9
2331 26928.9
2342 26928.9
2353 26928.9
2364 26928.9
2375 26928.9
2386 26928.9
2397 26928.9
2408 26928.9
2419 26928.9
2430 26928.9
2441 26928.9
2452 26928.9
2463 26928.9
2474 26928.9
2485 26928.9
2496 26928.9
2507 26928.9
2518 26928.9
2529 26928.9
2540 26928.9
2551 26928.9
2562 26928.9
2573 26928.9
2584 26928.9
2595 26928.9
2606 26928.9
2617 26928.9
2628 26928.9
2639 26928.9
2650 26928.9
2661 26928.9
2672 26928.9
2683 26928.9
2694 26928.9
2705 26928.9
2716 26928.9
2727 26928.9
2738 26928.9
2749 26928.9
2760 26928.9
2771 26928.9
2782 26928.9
2793 26928.9
2804 26928.9
2815 26928.9
2826 26928.9
2837 26928.9
2848 26928.9
2859 26928.9
2870 26928.9
2881 26928.9
2892 26928.9
2903 26928.9
2914 26928.9
2925 26928.9
2936 26928.9
2947 26928.9
2958 26928.9
2969 26928.9
2980 26928.9
2991 26928.9
3002 26928.9
3013 26928.9
3024 26928.9
3035 26928.9
3046 26928.9
3057 26928.9
3068 26928.9
3079 26928.9
3090 26928.9
3101 26928.9
3112 26928.9
3123 26928.9
3134 26928.9
3145 26928.9
3156 26928.9
3167 26928.9
3178 26928.9
3189 26928.9
3200 26928.9
3211 26928.9
3222 26928.9
3233 26928.9
3244 26928.9
3255 26928.9
3266 26928.9
3277 26928.9
3288 26928.9
3299 26928.9
3310 26928.9
3321 26928.9
3332 26928.9
3343 26928.9
3354 26928.9
3365 26928.9
3376 26928.9
3387 26928.9
3398 26928.9
3409 26928.9
3420 26928.9
3431 26928.9
3442 26928.9
3453 26928.9
3464 26928.9
3475 26928.9
3486 26928.9
3497 26928.9
3508 26928.9
3519 26928.9
3530 26928.9
3541 26928.9
3552 26928.9
3563 26928.9
3574 26928.9
3585 26928.9
3596 26928.9
3607 26928.9
3618 26928.9
3629 26928.9
3640 26928.9
3651 26928.9
3662 26928.9
3673 26928.9
3684 26928.9
3695 26928.9
3706 26928.9
3717 26928.9
3728 26928.9
3739 26928.9
3750 26928.9
3761 26928.9
3772 26928.9
3783 26928.9
3794 26928.9
3805 26928.9
3816 26928.9
3827 26928.9
3838 26928.9
3849 26928.9
3860 26928.9
3871 26928.9
3882 26928.9
3893 26928.9
3904 26928.9
3915 26928.9
3926 26928.9
3937 26928.9
3948 26928.9
3959 26928.9
3970 26928.9
3981 26928.9
3992 26928.9
4003 26928.9
4014 26928.9
4025 26928.9
4036 26928.9
4047 26928.9
4058 26928.9
4069 26928.9
4080 26928.9
4091 26928.9
4102 26928.9
4113 26928.9
4124 26928.9
4135 26928.9
4146 26928.9
4157 26928.9
4168 26928.9
4179 26928.9
4190 26928.9
4201 26928.9
4212 26928.9
4223 26928.9
4234 26928.9
4245 26928.9
4256 26928.9
4267 26928.9
4278 26928.9
4289 26928.9
4300 26928.9
4311 26928.9
4322 26928.9
4333 26928.9
4344 26928.9
4355 26928.9
4366 26928.9
4377 26928.9
4388 26928.9
4399 26928.9
4410 26928.9
4421 26928.9
4432 26928.9
4443 26928.9
4454 26928.9
4465 26928.9
4476 26928.9
4487 26928.9
4498 26928.9
4509 26928.9
4520 26928.9
4531 26928.9
4542 26928.9
4553 26928.9
4564 26928.9
4575 26928.9
4586 26928.9
4597 26928.9
4608 26928.9
4619 26928.9
4630 26928.9
4641 26928.9
4652 26928.9
4663 26928.9
4674 26928.9
4685 26928.9
4696 26928.9
4707 26928.9
4718 26928.9
4729 26928.9
4740 26928.9
4751 26928.9
4762 26928.9
4773 26928.9
4784 26928.9
4795 26928.9
4806 26928.9
4817 26928.9
4828 26928.9
4839 26928.9
4850 26928.9
4861 26928.9
4872 26928.9
4883 26928.9
4894 26928.9
4905 26928.9
4916 26928.9
4927 26928.9
4938 26928.9
4949 26928.9
4960 26928.9
4971 26928.9
4982 26928.9
4993 26928.9
5004 26928.9
5015 26928.9
5026 26928.9
5037 26928.9
5048 26928.9
5059 26928.9
5070 26928.9
5081 26928.9
5092 26928.9
5103 26928.9
5114 26928.9
5125 26928.9
5136 26928.9
5147 26928.9
5158 26928.9
5169 26928.9
5180 26928.9
5191 26928.9
5202 26928.9
5213 26928.9
5224 26928.9
5235 26928.9
5246 26928.9
5257 26928.9
5268 26928.9
5279 26928.9
5290 26928.9
5301 26928.9
5312 26928.9
5323 26928.9
5334 26928.9
5345 26928.9
5356 26928.9
5367 26928.9
5378 26928.9
5389 26928.9
5400 26928.9
5411 26928.9
5422 26928.9
5433 26928.9
5444 26928.9
5455 26928.9
5466 26928.9
5477 26928.9
5488 26928.9
5499 26928.9
5510 26928.9
5521 26928.9
5532 26928.9
5543 26928.9
5554 26928.9
5565 26928.9
5576 26928.9
5587 26928.9
5598 26928.9
5609 26928.9
5620 26928.9
5631 26928.9
5642 26928.9
5653 26928.9
5664 26928.9
5675 26928.9
5686 26928.9
5697 26928.9
5708 26928.9
5719 26928.9
5730 26928.9
5741 26928.9
5752 26928.9
5763 26928.9
5774 26928.9
5785 26928.9
5796 26928.9
5807 26928.9
5818 26928.9
5829 26928.9
5840 26928.9
5851 26928.9
5862 26928.9
5873 26928.9
5884 26928.9
5895 26928.9
5906 26928.9
5917 26928.9
5928 26928.9
5939 26928.9
5950 26928.9
5961 26928.9
5972 26928.9
5983 26928.9
5994 26928.9
6005 26928.9
6016 26928.9
6027 26928.9
6038 26928.9
6049 26928.9
6060 26928.9
6071 26928.9
6082 26928.9
6093 26928.9
6104 26928.9
6115 26928.9
6126 26928.9
6137 26928.9
6148 26928.9
6159 26928.9
6170 26928.9
6181 26928.9
6192 26928.9
6203 26928.9
6214 26928.9
6225 26928.9
6236 26928.9
6247 26928.9
6258 26928.9
6269 26928.9
6280 26928.9
6291 26928.9
6302 26928.9
6313 26928.9
6324 26928.9
6335 26928.9
6346 26928.9
6357 26928.9
6368 26928.9
6379 26928.9
6390 26928.9
6401 26928.9
6412 26928.9
6423 26928.9
6434 26928.9
6445 26928.9
6456 26928.9
6467 26928.9
6478 26928.9
6489 26928.9
6500 26928.9
6511 26928.9
6522 26928.9
6533 26928.9
6544 26928.9
6555 26928.9
6566 26928.9
6577 26928.9
6588 26928.9
6599 26928.9
6610 26928.9
6621 26928.9
6632 26928.9
6643 26928.9
6654 26928.9
6665 26928.9
6676 26928.9
6687 26928.9
6698 26928.9
6709 26928.9
6720 26928.9
6731 26928.9
6742 26928.9
6753 26928.9
6764 26928.9
6775 26928.9
6786 26928.9
6797 26928.9
6808 26928.9
6819 26928.9
6830 26928.9
6841 26928.9
6852 26928.9
6863 26928.9
6874 26928.9
6885 26928.9
6896 26928.9
6907 26928.9
6918 26928.9
6929 26928.9
6940 26928.9
6951 26928.9
6962 26928.9
6973 26928.9
6984 26928.9
6995 26928.9
7006 26928.9
7017 26928.9
7028 26928.9
7039 26928.9
7050 26928.9
7061 26928.9
7072 26928.9
7083 26928.9
7094 26928.9
7105 26928.9
7116 26928.9
7127 26928.9
7138 26928.9
7149 26928.9
7160 26928.9
7171 26928.9
7182 26928.9
7193 26928.9
7204 26928.9
7215 26928.9
7226 26928.9
7237 26928.9
7248 26928.9
7259 26928.9
7270 26928.9
7281 26928.9
7292 26928.9
7303 26928.9
7314 26928.9
7325 26928.9
7336 26928.9
7347 26928.9
7358 26928.9
7369 26928.9
7380 26928.9
7391 26928.9
7402 26928.9
7413 26928.9
7424 26928.9
7435 26928.9
7446 26928.9
7457 26928.9
7468 26928.9
7479 26928.9
7490 26928.9
7501 26928.9
7512 26928.9
7523 26928.9
7534 26928.9
7545 26928.9
7556 26928.9
7567 26928.9
7578 26928.9
7589 26928.9
7600 26928.9
7611 26928.9
7622 26928.9
7633 26928.9
7644 26928.9
7655 26928.9
7666 26928.9
7677 26928.9
7688 26928.9
7699 26928.9
7710 26928.9
7721 26928.9
7732 26928.9
7743 26928.9
7754 26928.9
7765 26928.9
7776 26928.9
7787 26928.9
7798 26928.9
7809 26928.9
7820 26928.9
7831 26928.9
7842 26928.9
7853 26928.9
7864 26928.9
7875 26928.9
7886 26928.9
7897 26928.9
7908 26928.9
7919 26928.9
7930 26928.9
7941 26928.9
7952 26928.9
7963 26928.9
7974 26928.9
7985 26928.9
7996 26928.9
8007 26928.9
8018 26928.9
8029 26928.9
8040 26928.9
8051 26928.9
8062 26928.9
8073 26928.9
8084 26928.9
8095 26928.9
8106 26928.9
8117 26928.9
8128 26928.9
8139 26928.9
8150 26928.9
8161 26928.9
8172 26928.9
8183 26928.9
8194 26928.9
8205 26928.9
8216 26928.9
8227 26928.9
8238 26928.9
8249 26928.9
8260 26928.9
8271 26928.9
8282 26928.9
8293 26928.9
8304 26928.9
8315 26928.9
8326 26928.9
8337 26928.9
8348 26928.9
8359 26928.9
8370 26928.9
8381 26928.9
8392 26928.9
8403 26928.9
8414 26928.9
8425 26928.9
8436 26928.9
8447 26928.9
8458 26928.9
8469 26928.9
8480 26928.9
8491 26928.9
8502 26928.9
8513 26928.9
8524 26928.9
8535 26928.9
8546 26928.9
8557 26928.9
8568 26928.9
8579 26928.9
8590 26928.9
8601 26928.9
8612 26928.9
8623 26928.9
8634 26928.9
8645 26928.9
8656 26928.9
8667 26928.9
8678 26928.9
8689 26928.9
8700 26928.9
8711 26928.9
8722 26928.9
8733 26928.9
8744 26928.9
8755 26928.9
8766 26928.9
8777 26928.9
8788 26928.9
8799 26928.9
8810 26928.9
8821 26928.9
8832 26928.9
8843 26928.9
8854 26928.9
8865 26928.9
8876 26928.9
8887 26928.9
8898 26928.9
8909 26928.9
8920 26928.9
8931 26928.9
8942 26928.9
8953 26928.9
8964 26928.9
8975 26928.9
8986 26928.9
8997 26928.9
9008 26928.9
9019 26928.9
9030 26928.9
9041 26928.9
9052 26928.9
9063 26928.9
9074 26928.9
9085 26928.9
9096 26928.9
9107 26928.9
9118 26928.9
9129 26928.9
9140 26928.9
9151 26928.9
9162 26928.9
9173 26928.9
9184 26928.9
9195 26928.9
9206 26928.9
9217 26928.9
9228 26928.9
9239 26928.9
9250 26928.9
9261 26928.9
9272 26928.9
9283 26928.9
9294 26928.9
9305 26928.9
9316 26928.9
9327 26928.9
9338 26928.9
9349 26928.9
9360 26928.9
9371 26928.9
9382 26928.9
9393 26928.9
9404 26928.9
9415 26928.9
9426 26928.9
9437 26928.9
9448 26928.9
9459 26928.9
9470 26928.9
9481 26928.9
9492 26928.9
9503 26928.9
9514 26928.9
9525 26928.9
9536 26928.9
9547 26928.9
9558 26928.9
9569 26928.9
9580 26928.9
9591 26928.9
9602 26928.9
9613 26928.9
9624 26928.9
9635 26928.9
9646 26928.9
9657 26928.9
9668 26928.9
9679 26928.9
9690 26928.9
9701 26928.9
9712 26928.9
9723 26928.9
9734 26928.9
9745 26928.9
9756 26928.9
9767 26928.9
9778 26928.9
9789 26928.9
9800 26928.9
9811 26928.9
9822 26928.9
9833 26928.9
9844 26928.9
9855 26928.9
9866 26928.9
9877 26928.9
9888 26928.9
9899 26928.9
9910 26928.9
9921 26928.9
9932 26928.9
9943 26928.9
9954 26928.9
9965 26928.9
9976 26928.9
9987 26928.9
9998 26928.9
10009 26928.9
