5 35712.2
11 35580.7
17 35563.7
23 35065.8
29 35061.9
35 35061.9
41 35061.9
47 35058.6
53 33327.2
59 33327.2
65 33327.2
71 33327.2
77 33327.2
83 33327.2
89 33327.2
95 33327.2
101 33327.2
107 33327.2
113 33327.2
119 33327.2
125 33327.2
131 33327.2
137 33327.2
143 33327.2
149 33327.2
155 33327.2
161 33327.2
167 33327.2
173 33327.2
179 33327.2
185 33327.2
191 33327.2
197 33327.2
203 33327.2
209 33327.2
215 33327.2
221 33327.2
227 33327.2
233 33327.2
239 33327.2
245 33327.2
251 33114.8
257 33114.8
263 33114.8
269 33114.8
275 33114.8
281 33114.8
287 33114.8
293 33114.8
299 33114.8
305 33114.8
311 32571.3
317 32571.3
323 32571.3
329 32249.7
335 31048.6
341 31048.6
347 31048.6
353 30678.6
359 30678.6
365 30678.6
371 30678.6
377 30678.6
383 29405
389 29405
395 29405
401 28719.7
407 28719.7
413 28719.7
419 28719.7
425 28719.7
431 28719.7
437 28719.7
443 28719.7
449 28719.7
455 28719.7
461 28719.7
467 28719.7
473 28719.7
479 28098.1
485 28098.1
491 28098.1
497 28098.1
503 28098.1
509 28098.1
515 28098.1
521 28098.1
527 28098.1
533 28098.1
539 28098.1
545 28098.1
551 28098.1
557 28098.1
563 28098.1
569 28098.1
575 28098.1
581 28098.1
587 28098.1
593 28098.1
599 28098.1
605 28098.1
611 28098.1
617 28098.1
623 28098.1
629 28098.1
635 28098.1
641 28098.1
647 28098.1
653 28098.1
659 28098.1
665 28098.1
671 28098.1
677 28098.1
683 28098.1
689 28098.1
695 28098.1
701 28098.1
707 28098.1
713 28098.1
719 28098.1
725 28098.1
731 28098.1
737 28098.1
743 28098.1
749 28098.1
755 28098.1
761 28098.1
767 28098.1
773 27863.4
779 27863.4
785 27863.4
791 27863.4
797 27863.4
803 27863.4
809 27863.4
815 27863.4
821 27863.4
827 27863.4
833 27863.4
839 27863.4
845 27863.4
851 27863.4
857 27863.4
863 27863.4
869 27863.4
875 27863.4
881 27863.4
887 27863.4
893 27863.4
899 27863.4
905 27863.4
911 27863.4
917 27863.4
923 27863.4
929 27863.4
935 27863.4
941 27863.4
947 27863.4
953 27863.4
959 27863.4
965 27863.4
971 27863.4
977 27863.4
983 27863.4
989 27863.4
995 27863.4
1001 27863.4
1007 27863.4
1013 27863.4
1019 27863.4
1025 27863.4
1031 27863.4
1037 27863.4
1043 27863.4
1049 27863.4
1055 27863.4
1061 27863.4
1067 27863.4
1073 27863.4
1079 27863.4
1085 27863.4
1091 27863.4
1097 27863.4
1103 27863.4
1109 27863.4
1115 27863.4
1121 27863.4
1127 27863.4
1133 27863.4
1139 27863.4
1145 27863.4
1151 27863.4
1157 27863.4
1163 27863.4
1169 27863.4
1175 27863.4
1181 27863.4
1187 27863.4
1193 27863.4
1199 27863.4
1205 27863.4
1211 27863.4
1217 27863.4
1223 27863.4
1229 27863.4
1235 27863.4
1241 27863.4
1247 27863.4
1253 27863.4
1259 27863.4
1265 27863.4
1271 27863.4
1277 27863.4
1283 27863.4
1289 27863.4
1295 27863.4
1301 27863.4
1307 27863.4
1313 27863.4
1319 27863.4
1325 27863.4
1331 27863.4
1337 27863.4
1343 27863.4
1349 27863.4
1355 27863.4
1361 27863.4
1367 27863.4
1373 27863.4
1379 27863.4
1385 27863.4
1391 27863.4
1397 27863.4
1403 27863.4
1409 27863.4
1415 27863.4
1421 27863.4
1427 27863.4
1433 27863.4
1439 27863.4
1445 27863.4
1451 27863.4
1457 27863.4
1463 27863.4
1469 27863.4
1475 27863.4
1481 27863.4
1487 26995.6
1493 26995.6
1499 26995.6
1505 26995.6
1511 26995.6
1517 26995.6
1523 26995.6
1529 26995.6
1535 26995.6
1541 26995.6
1547 26995.6
1553 26995.6
1559 26995.6
1565 26995.6
1571 26995.6
1577 26995.6
1583 26995.6
1589 26995.6
1595 26995.6
1601 26995.6
1607 26995.6
1613 26995.6
1619 26995.6
1625 26995.6
1631 26995.6
1637 26995.6
1643 26995.6
1649 26995.6
1655 26995.6
1661 26995.6
1667 26995.6
1673 26995.6
1679 26995.6
1685 26995.6
1691 26995.6
1697 26995.6
1703 26995.6
1709 26995.6
1715 26995.6
1721 26995.6
1727 26995.6
1733 26995.6
1739 26995.6
1745 26995.6
1751 26995.6
1757 26995.6
1763 26995.6
1769 26995.6
1775 26995.6
1781 26995.6
1787 26995.6
1793 26995.6
1799 26995.6
1805 26995.6
1811 26995.6
1817 26995.6
1823 26919.1
1829 26919.1
1835 26919.1
1841 26919.1
1847 26919.1
1853 26919.1
1859 26919.1
1865 26919.1
1871 26919.1
1877 26919.1
1883 26919.1
1889 26919.1
1895 26919.1
1901 26919.1
1907 26919.1
1913 26919.1
1919 26919.1
1925 26919.1
1931 26919.1
1937 26919.1
1943 26919.1
1949 26919.1
1955 26919.1
1961 26919.1
1967 26919.1
1973 26919.1
1979 26919.1
1985 26919.1
1991 26919.1
1997 26919.1
2003 26919.1
2009 26919.1
2015 26919.1
2021 26919.1
2027 26919.1
2033 26919.1
2039 26919.1
2045 26919.1
2051 26919.1
2057 26919.1
2063 26919.1
2069 26919.1
2075 26919.1
2081 26919.1
2087 26919.1
2093 26919.1
2099 26919.1
2105 26919.1
2111 26919.1
2117 26919.1
2123 26919.1
2129 26919.1
2135 26919.1
2141 26919.1
2147 26919.1
2153 26919.1
2159 26919.1
2165 26919.1
2171 26919.1
2177 26919.1
2183 26919.1
2189 26919.1
2195 26919.1
2201 26919.1
2207 26919.1
2213 26919.1
2219 26919.1
2225 26919.1
2231 26919.1
2237 26919.1
2243 26919.1
2249 26919.1
2255 26919.1
2261 26919.1
2267 26919.1
2273 26919.1
2279 26919.1
2285 26919.1
2291 26919.1
2297 26919.1
2303 26919.1
2309 26919.1
2315 26919.1
2321 26919.1
2327 26919.1
2333 26919.1
2339 26919.1
2345 26919.1
2351 26919.1
2357 26919.1
2363 26919.1
2369 26919.1
2375 26919.1
2381 26919.1
2387 26919.1
2393 26919.1
2399 26919.1
2405 26919.1
2411 26919.1
2417 26919.1
2423 26919.1
2429 26919.1
2435 26919.1
2441 26919.1
2447 26919.1
2453 26919.1
2459 26919.1
2465 26919.1
2471 26919.1
2477 26919.1
2483 26919.1
2489 26919.1
2495 26919.1
2501 26919.1
2507 26919.1
2513 26919.1
2519 26919.1
2525 26919.1
2531 26919.1
2537 26919.1
2543 26919.1
2549 26919.1
2555 26919.1
2561 26919.1
2567 26919.1
2573 26919.1
2579 26919.1
2585 26919.1
2591 26919.1
2597 26919.1
2603 26919.1
2609 26919.1
2615 26919.1
2621 26919.1
2627 26919.1
2633 26919.1
2639 26919.1
2645 26919.1
2651 26919.1
2657 26919.1
2663 26919.1
2669 26919.1
2675 26919.1
2681 26919.1
2687 26919.1
2693 26919.1
2699 26919.1
2705 26919.1
2711 26919.1
2717 26919.1
2723 26919.1
2729 26919.1
2735 26919.1
2741 26919.1
2747 26919.1
2753 26919.1
2759 26919.1
2765 26919.1
2771 26919.1
2777 26919.1
2783 26919.1
2789 26919.1
2795 26919.1
2801 26919.1
2807 26919.1
2813 26919.1
2819 26919.1
2825 26919.1
2831 26919.1
2837 26919.1
2843 26919.1
2849 26919.1
2855 26919.1
2861 26919.1
2867 26919.1
2873 26919.1
2879 26919.1
2885 26919.1
2891 26919.1
2897 26919.1
2903 26919.1
2909 26919.1
2915 26919.1
2921 26919.1
2927 26919.1
2933 26919.1
2939 26919.1
2945 26919.1
2951 26919.1
2957 26919.1
2963 26919.1
2969 26919.1
2975 26919.1
2981 26919.1
2987 26919.1
2993 26919.1
2999 26919.1
3005 26919.1
3011 26919.1
3017 26919.1
3023 26919.1
3029 26919.1
3035 26919.1
3041 26919.1
3047 26919.1
3053 26919.1
3059 26919.1
3065 26919.1
3071 26919.1
3077 26919.1
3083 26919.1
3089 26919.1
3095 26919.1
3101 26919.1
3107 26919.1
3113 26919.1
3119 26919.1
3125 26919.1
3131 26919.1
3137 26919.1
3143 26919.1
3149 26919.1
3155 26919.1
3161 26919.1
3167 26919.1
3173 26919.1
3179 26919.1
3185 26919.1
3191 26919.1
3197 26919.1
3203 26919.1
3209 26919.1
3215 26919.1
3221 26919.1
3227 26919.1
3233 26919.1
3239 26919.1
3245 26919.1
3251 26919.1
3257 26919.1
3263 26919.1
3269 26919.1
3275 26919.1
3281 26919.1
3287 26919.1
3293 26919.1
3299 26919.1
3305 26919.1
3311 26919.1
3317 26919.1
3323 26919.1
3329 26919.1
3335 26919.1
3341 26919.1
3347 26919.1
3353 26919.1
3359 26919.1
3365 26919.1
3371 26919.1
3377 26919.1
3383 26919.1
3389 26919.1
3395 26919.1
3401 26919.1
3407 26919.1
3413 26919.1
3419 26919.1
3425 26919.1
3431 26919.1
3437 26919.1
3443 26919.1
3449 26919.1
3455 26919.1
3461 26919.1
3467 26919.1
3473 26919.1
3479 26919.1
3485 26919.1
3491 26919.1
3497 26919.1
3503 26919.1
3509 26919.1
3515 26919.1
3521 26919.1
3527 26919.1
3533 26919.1
3539 26919.1
3545 26919.1
3551 26919.1
3557 26919.1
3563 26919.1
3569 26919.1
3575 26919.1
3581 26919.1
3587 26919.1
3593 26919.1
3599 26919.1
3605 26919.1
3611 26919.1
3617 26919.1
3623 26919.1
3629 26919.1
3635 26919.1
3641 26919.1
3647 26919.1
3653 26919.1
3659 26919.1
3665 26919.1
3671 26919.1
3677 26919.1
3683 26919.1
3689 26919.1
3695 26919.1
3701 26919.1
3707 26919.1
3713 26919.1
3719 26919.1
3725 26919.1
3731 26919.1
3737 26919.1
3743 26919.1
3749 26919.1
3755 26919.1
3761 26919.1
3767 26919.1
3773 26919.1
3779 26919.1
3785 26919.1
3791 26919.1
3797 26919.1
3803 26919.1
3809 26919.1
3815 26919.1
3821 26919.1
3827 26919.1
3833 26919.1
3839 26919.1
3845 26919.1
3851 26919.1
3857 26919.1
3863 26919.1
3869 26919.1
3875 26919.1
3881 26919.1
3887 26919.1
3893 26919.1
3899 26919.1
3905 26919.1
3911 26919.1
3917 26919.1
3923 26919.1
3929 26919.1
3935 26919.1
3941 26919.1
3947 26919.1
3953 26919.1
3959 26919.1
3965 26919.1
3971 26919.1
3977 26919.1
3983 26919.1
3989 26919.1
3995 26919.1
4001 26919.1
4007 26919.1
4013 26919.1
4019 26919.1
4025 26919.1
4031 26919.1
4037 26919.1
4043 26919.1
4049 26919.1
4055 26919.1
4061 26919.1
4067 26919.1
4073 26919.1
4079 26919.1
4085 26919.1
4091 26919.1
4097 26919.1
4103 26919.1
4109 26919.1
4115 26919.1
4121 26919.1
4127 26919.1
4133 26919.1
4139 26919.1
4145 26919.1
4151 26919.1
4157 26919.1
4163 26919.1
4169 26919.1
4175 26919.1
4181 26919.1
4187 26919.1
4193 26919.1
4199 26919.1
4205 26919.1
4211 26919.1
4217 26919.1
4223 26919.1
4229 26919.1
4235 26919.1
4241 26919.1
4247 26919.1
4253 26919.1
4259 26919.1
4265 26919.1
4271 26919.1
4277 26919.1
4283 26919.1
4289 26919.1
4295 26919.1
4301 26919.1
4307 26919.1
4313 26919.1
4319 26919.1
4325 26919.1
4331 26919.1
4337 26919.1
4343 26919.1
4349 26919.1
4355 26919.1
4361 26919.1
4367 26919.1
4373 26919.1
4379 26919.1
4385 26919.1
4391 26919.1
4397 26919.1
4403 26919.1
4409 26919.1
4415 26919.1
4421 26919.1
4427 26919.1
4433 26919.1
4439 26919.1
4445 26919.1
4451 26919.1
4457 26919.1
4463 26919.1
4469 26919.1
4475 26919.1
4481 26919.1
4487 26919.1
4493 26919.1
4499 26919.1
4505 26919.1
4511 26919.1
4517 26919.1
4523 26919.1
4529 26919.1
4535 26919.1
4541 26919.1
4547 26919.1
4553 26919.1
4559 26919.1
4565 26919.1
4571 26919.1
4577 26919.1
4583 26919.1
4589 26919.1
4595 26919.1
4601 26919.1
4607 26919.1
4613 26919.1
4619 26919.1
4625 26919.1
4631 26919.1
4637 26919.1
4643 26919.1
4649 26919.1
4655 26919.1
4661 26919.1
4667 26919.1
4673 26919.1
4679 26919.1
4685 26919.1
4691 26919.1
4697 26919.1
4703 26919.1
4709 26919.1
4715 26919.1
4721 26919.1
4727 26919.1
4733 26919.1
4739 26919.1
4745 26919.1
4751 26919.1
4757 26919.1
4763 26919.1
4769 26919.1
4775 26919.1
4781 26919.1
4787 26919.1
4793 26919.1
4799 26919.1
4805 26919.1
4811 26919.1
4817 26919.1
4823 26919.1
4829 26919.1
4835 26919.1
4841 26919.1
4847 26919.1
4853 26919.1
4859 26919.1
4865 26919.1
4871 26919.1
4877 26919.1
4883 26919.1
4889 26919.1
4895 26919.1
4901 26919.1
4907 26919.1
4913 26919.1
4919 26919.1
4925 26919.1
4931 26919.1
4937 26919.1
4943 26919.1
4949 26919.1
4955 26919.1
4961 26919.1
4967 26919.1
4973 26919.1
4979 26919.1
4985 26919.1
4991 26919.1
4997 26919.1
5003 26919.1
