5 20661.4
11 19364.7
17 19364.7
23 18561.1
29 18561.1
35 18561.1
41 18561.1
47 18561.1
53 18561.1
59 18561.1
65 17749.3
71 17749.3
77 17240.9
83 17171
89 17171
95 17171
101 17158
107 17158
113 16697.5
119 16697.5
125 16482.4
131 16482.4
137 15956.1
143 15956.1
149 15956.1
155 15956.1
161 15956.1
167 15956.1
173 15956.1
179 15956.1
185 15956.1
191 15956.1
197 15956.1
203 15956.1
209 15956.1
215 15956.1
221 15956.1
227 15956.1
233 15956.1
239 15956.1
245 15956.1
251 15956.1
257 15956.1
263 15956.1
269 15956.1
275 15956.1
281 15956.1
287 15956.1
293 15956.1
299 15956.1
305 15956.1
311 15956.1
317 15956.1
323 15956.1
329 15956.1
335 15956.1
341 15956.1
347 15956.1
353 15956.1
359 15956.1
365 15956.1
371 15956.1
377 15370.1
383 15370.1
389 15370.1
395 15370.1
401 15370.1
407 15370.1
413 15370.1
419 15370.1
425 15370.1
431 15370.1
437 15370.1
443 15370.1
449 15370.1
455 15370.1
461 15370.1
467 15370.1
473 15370.1
479 15370.1
485 15370.1
491 15370.1
497 15370.1
503 15370.1
509 15370.1
515 15370.1
521 15370.1
527 15370.1
533 15370.1
539 15370.1
545 15370.1
551 15370.1
557 15370.1
563 15370.1
569 15370.1
575 15370.1
581 15370.1
587 15370.1
593 15370.1
599 15370.1
605 15370.1
611 15251.8
617 15251.8
623 15251.8
629 15251.8
635 15251.8
641 15251.8
647 15251.8
653 15251.8
659 15251.8
665 15251.8
671 15251.8
677 15251.8
683 14889.7
689 14889.7
695 14889.7
701 14889.7
707 14889.7
713 14889.7
719 14889.7
725 14889.7
731 14889.7
737 14889.7
743 14889.7
749 14889.7
755 14889.7
761 14889.7
767 14814.9
773 14814.9
779 14814.9
785 14814.9
791 14814.9
797 14814.9
803 14814.9
809 14814.9
815 14814.9
821 14814.9
827 14814.9
833 14814.9
839 14814.9
845 14814.9
851 14814.9
857 14814.9
863 14814.9
869 14814.9
875 14814.9
881 14814.9
887 14814.9
893 14814.9
899 14814.9
905 14814.9
911 14814.9
917 14814.9
923 14814.9
929 14814.9
935 14814.9
941 14814.9
947 14814.9
953 14814.9
959 14814.9
965 14814.9
971 14814.9
977 14814.9
983 14814.9
989 14814.9
995 14814.9
1001 14814.9
1007 14814.9
1013 14814.9
1019 14814.9
1025 14814.9
1031 14814.9
1037 14814.9
1043 14814.9
1049 14814.9
1055 14814.9
1061 14814.9
1067 14814.9
1073 14814.9
1079 14814.9
1085 14814.9
1091 14814.9
1097 14814.9
1103 14814.9
1109 14814.9
1115 14814.9
1121 14814.9
1127 14814.9
1133 14814.9
1139 14814.9
1145 14814.9
1151 14814.9
1157 14814.9
1163 14814.9
1169 14814.9
1175 14814.9
1181 14814.9
1187 14814.9
1193 14814.9
1199 14814.9
1205 14814.9
1211 14814.9
1217 14814.9
1223 14814.9
1229 14814.9
1235 14814.9
1241 14814.9
1247 14814.9
1253 14814.9
1259 14814.9
1265 14814.9
1271 13781.3
1277 13781.3
1283 13781.3
1289 13781.3
1295 13781.3
1301 13781.3
1307 13781.3
1313 13781.3
1319 13781.3
1325 13781.3
1331 13781.3
1337 13781.3
1343 13781.3
1349 13781.3
1355 13781.3
1361 13781.3
1367 13781.3
1373 13781.3
1379 13781.3
1385 13781.3
1391 13781.3
1397 13781.3
1403 13781.3
1409 13781.3
1415 13781.3
1421 13781.3
1427 13781.3
1433 13781.3
1439 13781.3
1445 13781.3
1451 13781.3
1457 13781.3
1463 13781.3
1469 13781.3
1475 13781.3
1481 13781.3
1487 13781.3
1493 13781.3
1499 13781.3
1505 13781.3
1511 13781.3
1517 13781.3
1523 13781.3
1529 13781.3
1535 13781.3
1541 13781.3
1547 13781.3
1553 13781.3
1559 13781.3
1565 13781.3
1571 13781.3
1577 13781.3
1583 13781.3
1589 13781.3
1595 13781.3
1601 13781.3
1607 13781.3
1613 13781.3
1619 13781.3
1625 13781.3
1631 13781.3
1637 13781.3
1643 13781.3
1649 13781.3
1655 13781.3
1661 13781.3
1667 13781.3
1673 13781.3
1679 13781.3
1685 13781.3
1691 13781.3
1697 13781.3
1703 13781.3
1709 13781.3
1715 13781.3
1721 13781.3
1727 13781.3
1733 13781.3
1739 13781.3
1745 13781.3
1751 13781.3
1757 13781.3
1763 13781.3
1769 13781.3
1775 13781.3
1781 13781.3
1787 13781.3
1793 13781.3
1799 13781.3
1805 13781.3
1811 13781.3
1817 13781.3
1823 13781.3
1829 13781.3
1835 13781.3
1841 13781.3
1847 13781.3
1853 13781.3
1859 13781.3
1865 13781.3
1871 13781.3
1877 13781.3
1883 13781.3
1889 13781.3
1895 13781.3
1901 13781.3
1907 13781.3
1913 13781.3
1919 13781.3
1925 13781.3
1931 13781.3
1937 13781.3
1943 13781.3
1949 13781.3
1955 13781.3
1961 13781.3
1967 13781.3
1973 13781.3
1979 13781.3
1985 13781.3
1991 13781.3
1997 13781.3
2003 13781.3
2009 13781.3
2015 13781.3
2021 13781.3
2027 13781.3
2033 13781.3
2039 13781.3
2045 13781.3
2051 13781.3
2057 13781.3
2063 13781.3
2069 13781.3
2075 13781.3
2081 13781.3
2087 13781.3
2093 13781.3
2099 13781.3
2105 13781.3
2111 13781.3
2117 13781.3
2123 13781.3
2129 13781.3
2135 13781.3
2141 13781.3
2147 13781.3
2153 13781.3
2159 13781.3
2165 13781.3
2171 13781.3
2177 13781.3
2183 13781.3
2189 13781.3
2195 13781.3
2201 13781.3
2207 13781.3
2213 13781.3
2219 13781.3
2225 13781.3
2231 13781.3
2237 13781.3
2243 13781.3
2249 13781.3
2255 13781.3
2261 13781.3
2267 13781.3
2273 13781.3
2279 13781.3
2285 13781.3
2291 13781.3
2297 13781.3
2303 13781.3
2309 13781.3
2315 13781.3
2321 13781.3
2327 13781.3
2333 13781.3
2339 13781.3
2345 13781.3
2351 13781.3
2357 13781.3
2363 13781.3
2369 13781.3
2375 13781.3
2381 13781.3
2387 13781.3
2393 13781.3
2399 13781.3
2405 13781.3
2411 13781.3
2417 13781.3
2423 13781.3
2429 13781.3
2435 13781.3
2441 13781.3
2447 13781.3
2453 13781.3
2459 13781.3
2465 13781.3
2471 13781.3
2477 13781.3
2483 13781.3
2489 13781.3
2495 13781.3
2501 13781.3
2507 13781.3
2513 13781.3
2519 13781.3
2525 13781.3
2531 13781.3
2537 13781.3
2543 13781.3
2549 13781.3
2555 13781.3
2561 13781.3
2567 13781.3
2573 13781.3
2579 13781.3
2585 13781.3
2591 13781.3
2597 13781.3
2603 13781.3
2609 13781.3
2615 13781.3
2621 13781.3
2627 13781.3
2633 13781.3
2639 13781.3
2645 13781.3
2651 13781.3
2657 13781.3
2663 13781.3
2669 13781.3
2675 13781.3
2681 13781.3
2687 13781.3
2693 13781.3
2699 13781.3
2705 13781.3
2711 13781.3
2717 13781.3
2723 13781.3
2729 13781.3
2735 13781.3
2741 13781.3
2747 13781.3
2753 13781.3
2759 13781.3
2765 13781.3
2771 13781.3
2777 13781.3
2783 13781.3
2789 13781.3
2795 13781.3
2801 13781.3
2807 13781.3
2813 13781.3
2819 13781.3
2825 13781.3
2831 13781.3
2837 13781.3
2843 13781.3
2849 13781.3
2855 13781.3
2861 13781.3
2867 13781.3
2873 13781.3
2879 13781.3
2885 13781.3
2891 13781.3
2897 13781.3
2903 13781.3
2909 13781.3
2915 13781.3
2921 13781.3
2927 13781.3
2933 13781.3
2939 13781.3
2945 13781.3
2951 13781.3
2957 13781.3
2963 13781.3
2969 13781.3
2975 13781.3
2981 13781.3
2987 13781.3
2993 13781.3
2999 13781.3
3005 13781.3
3011 13781.3
3017 13781.3
3023 13781.3
3029 13781.3
3035 13781.3
3041 13781.3
3047 13781.3
3053 13781.3
3059 13781.3
3065 13781.3
3071 13781.3
3077 13781.3
3083 13781.3
3089 13781.3
3095 13781.3
3101 13781.3
3107 13781.3
3113 13781.3
3119 13781.3
3125 13781.3
3131 13781.3
3137 13781.3
3143 13781.3
3149 13781.3
3155 13781.3
3161 13781.3
3167 13781.3
3173 13781.3
3179 13781.3
3185 13781.3
3191 13781.3
3197 13781.3
3203 13726.9
3209 13726.9
3215 13726.9
3221 13726.9
3227 13726.9
3233 13726.9
3239 13726.9
3245 13726.9
3251 13726.9
3257 13726.9
3263 13726.9
3269 13726.9
3275 13726.9
3281 13726.9
3287 13726.9
3293 13726.9
3299 13726.9
3305 13726.9
3311 13726.9
3317 13726.9
3323 13726.9
3329 13726.9
3335 13726.9
3341 13726.9
3347 13726.9
3353 13726.9
3359 13726.9
3365 13726.9
3371 13726.9
3377 13726.9
3383 13726.9
3389 13726.9
3395 13726.9
3401 13726.9
3407 13726.9
3413 13726.9
3419 13726.9
3425 13726.9
3431 13726.9
3437 13726.9
3443 13726.9
3449 13726.9
3455 13726.9
3461 13726.9
3467 13726.9
3473 13726.9
3479 13726.9
3485 13726.9
3491 13726.9
3497 13726.9
3503 13726.9
3509 13726.9
3515 13726.9
3521 13726.9
3527 13726.9
3533 13726.9
3539 13726.9
3545 13726.9
3551 13726.9
3557 13726.9
3563 13726.9
3569 13726.9
3575 13726.9
3581 13726.9
3587 13726.9
3593 13726.9
3599 13726.9
3605 13726.9
3611 13726.9
3617 13726.9
3623 13726.9
3629 13726.9
3635 13726.9
3641 13726.9
3647 13726.9
3653 13726.9
3659 13726.9
3665 13726.9
3671 13726.9
3677 13726.9
3683 13726.9
3689 13726.9
3695 13726.9
3701 13726.9
3707 13726.9
3713 13726.9
3719 13726.9
3725 13726.9
3731 13726.9
3737 13726.9
3743 13726.9
3749 13726.9
3755 13726.9
3761 13726.9
3767 13726.9
3773 13726.9
3779 13726.9
3785 13726.9
3791 13726.9
3797 13726.9
3803 13726.9
3809 13726.9
3815 13726.9
3821 13726.9
3827 13726.9
3833 13726.9
3839 13726.9
3845 13726.9
3851 13726.9
3857 13726.9
3863 13726.9
3869 13726.9
3875 13726.9
3881 13726.9
3887 13726.9
3893 13726.9
3899 13726.9
3905 13726.9
3911 13726.9
3917 13726.9
3923 13726.9
3929 13726.9
3935 13726.9
3941 13726.9
3947 13726.9
3953 13726.9
3959 13726.9
3965 13726.9
3971 13726.9
3977 13726.9
3983 13726.9
3989 13726.9
3995 13726.9
4001 13726.9
4007 13726.9
4013 13726.9
4019 13691.8
4025 13691.8
4031 13691.8
4037 13691.8
4043 13691.8
4049 13691.8
4055 13691.8
4061 13691.8
4067 13691.8
4073 13691.8
4079 13691.8
4085 13691.8
4091 13691.8
4097 13691.8
4103 13691.8
4109 13691.8
4115 13691.8
4121 13691.8
4127 13691.8
4133 13691.8
4139 13691.8
4145 13691.8
4151 13691.8
4157 13691.8
4163 13691.8
4169 13691.8
4175 13691.8
4181 13691.8
4187 13691.8
4193 13691.8
4199 13691.8
4205 13691.8
4211 13691.8
4217 13691.8
4223 13691.8
4229 13691.8
4235 13691.8
4241 13691.8
4247 13691.8
4253 13691.8
4259 13691.8
4265 13691.8
4271 13691.8
4277 13691.8
4283 13691.8
4289 13691.8
4295 13691.8
4301 13691.8
4307 13691.8
4313 13691.8
4319 13691.8
4325 13691.8
4331 13691.8
4337 13691.8
4343 13691.8
4349 13691.8
4355 13691.8
4361 13691.8
4367 13691.8
4373 13691.8
4379 13691.8
4385 13691.8
4391 13691.8
4397 13691.8
4403 13691.8
4409 13691.8
4415 13010.9
4421 13010.9
4427 13010.9
4433 13010.9
4439 13010.9
4445 13010.9
4451 13010.9
4457 13010.9
4463 13010.9
4469 13010.9
4475 13010.9
4481 13010.9
4487 13010.9
4493 13010.9
4499 13010.9
4505 13010.9
4511 13010.9
4517 13010.9
4523 13010.9
4529 13010.9
4535 13010.9
4541 13010.9
4547 13010.9
4553 13010.9
4559 13010.9
4565 13010.9
4571 13010.9
4577 13010.9
4583 13010.9
4589 13010.9
4595 13010.9
4601 13010.9
4607 13010.9
4613 13010.9
4619 13010.9
4625 13010.9
4631 13010.9
4637 13010.9
4643 13010.9
4649 13010.9
4655 13010.9
4661 13010.9
4667 13010.9
4673 13010.9
4679 13010.9
4685 13010.9
4691 13010.9
4697 13010.9
4703 13010.9
4709 13010.9
4715 13010.9
4721 13010.9
4727 13010.9
4733 13010.9
4739 13010.9
4745 13010.9
4751 13010.9
4757 13010.9
4763 13010.9
4769 13010.9
4775 13010.9
4781 13010.9
4787 13010.9
4793 13010.9
4799 13010.9
4805 13010.9
4811 13010.9
4817 13010.9
4823 13010.9
4829 13010.9
4835 13010.9
4841 13010.9
4847 13010.9
4853 13010.9
4859 13010.9
4865 13010.9
4871 13010.9
4877 13010.9
4883 13010.9
4889 13010.9
4895 13010.9
4901 13010.9
4907 13010.9
4913 13010.9
4919 13010.9
4925 13010.9
4931 13010.9
4937 13010.9
4943 13010.9
4949 13010.9
4955 13010.9
4961 13010.9
4967 13010.9
4973 13010.9
4979 13010.9
4985 13010.9
4991 13010.9
4997 13010.9
5003 13010.9
5009 13010.9
5015 13010.9
5021 13010.9
5027 13010.9
5033 13010.9
5039 13010.9
5045 13010.9
5051 13010.9
5057 13010.9
5063 13010.9
5069 13010.9
5075 13010.9
5081 13010.9
5087 13010.9
5093 13010.9
5099 13010.9
5105 13010.9
5111 13010.9
5117 13010.9
5123 13010.9
5129 13010.9
5135 13010.9
5141 13010.9
5147 13010.9
5153 13010.9
5159 13010.9
5165 13010.9
5171 13010.9
5177 13010.9
5183 13010.9
5189 13010.9
5195 13010.9
5201 13010.9
5207 13010.9
5213 13010.9
5219 13010.9
5225 13010.9
5231 13010.9
5237 13010.9
5243 13010.9
5249 13010.9
5255 13010.9
5261 13010.9
5267 13010.9
5273 13010.9
5279 13010.9
5285 13010.9
5291 13010.9
5297 13010.9
5303 13010.9
5309 13010.9
5315 13010.9
5321 13010.9
5327 13010.9
5333 13010.9
5339 13010.9
5345 13010.9
5351 13010.9
5357 13010.9
5363 13010.9
5369 13010.9
5375 13010.9
5381 13010.9
5387 13010.9
5393 13010.9
5399 13010.9
5405 13010.9
5411 13010.9
5417 13010.9
5423 13010.9
5429 13010.9
5435 13010.9
5441 13010.9
5447 13010.9
5453 13010.9
5459 13010.9
5465 13010.9
5471 13010.9
5477 13010.9
5483 13010.9
5489 13010.9
5495 13010.9
5501 13010.9
5507 13010.9
5513 13010.9
5519 13010.9
5525 13010.9
5531 13010.9
5537 13010.9
5543 13010.9
5549 13010.9
5555 13010.9
5561 13010.9
5567 13010.9
5573 13010.9
5579 13010.9
5585 13010.9
5591 13010.9
5597 13010.9
5603 13010.9
5609 13010.9
5615 13010.9
5621 13010.9
5627 13010.9
5633 13010.9
5639 13010.9
5645 13010.9
5651 13010.9
5657 13010.9
5663 13010.9
5669 13010.9
5675 13010.9
5681 13010.9
5687 13010.9
5693 13010.9
5699 13010.9
5705 13010.9
5711 13010.9
5717 13010.9
5723 13010.9
5729 13010.9
5735 13010.9
5741 13010.9
5747 13010.9
5753 13010.9
5759 13010.9
5765 13010.9
5771 13010.9
5777 13010.9
5783 13010.9
5789 13010.9
5795 13010.9
5801 13010.9
5807 13010.9
5813 13010.9
5819 13010.9
5825 13010.9
5831 13010.9
5837 13010.9
5843 13010.9
5849 13010.9
5855 13010.9
5861 13010.9
5867 13010.9
5873 13010.9
5879 13010.9
5885 13010.9
5891 13010.9
5897 13010.9
5903 13010.9
5909 13010.9
5915 13010.9
5921 13010.9
5927 13010.9
5933 13010.9
5939 13010.9
5945 13010.9
5951 13010.9
5957 13010.9
5963 13010.9
5969 13010.9
5975 13010.9
5981 13010.9
5987 13010.9
5993 13010.9
5999 13010.9
6005 13010.9
6011 13010.9
6017 13010.9
6023 13010.9
6029 13010.9
6035 13010.9
6041 13010.9
6047 13010.9
6053 13010.9
6059 13010.9
6065 13010.9
6071 13010.9
6077 13010.9
6083 13010.9
6089 13010.9
6095 13010.9
6101 13010.9
6107 13010.9
6113 13010.9
6119 13010.9
6125 13010.9
6131 13010.9
6137 13010.9
6143 13010.9
6149 13010.9
6155 13010.9
6161 13010.9
6167 13010.9
6173 13010.9
6179 13010.9
6185 13010.9
6191 13010.9
6197 13010.9
6203 13010.9
6209 13010.9
6215 13010.9
6221 13010.9
6227 13010.9
6233 13010.9
6239 13010.9
6245 13010.9
6251 13010.9
6257 13010.9
6263 13010.9
6269 13010.9
6275 13010.9
6281 13010.9
6287 13010.9
6293 13010.9
6299 13010.9
6305 13010.9
6311 13010.9
6317 13010.9
6323 13010.9
6329 13010.9
6335 13010.9
6341 13010.9
6347 13010.9
6353 13010.9
6359 13010.9
6365 13010.9
6371 13010.9
6377 13010.9
