0 19931.8 22064.3 23389 22224.8 21290.1
6 19870.1 19459.6 22422.8 24234.5 23717.6
12 20182.9 25509.5 22926.4 21681.4 22154.7
18 20927.8 22506.7 24174.1 21609.8 20673.1
24 16780 20228.6 17814.4 18039.7 21260.3
30 18361.8 19207 16020.7 19609.1 19432.1
36 17985.7 19580.7 17409.9 21197.6 19359.3
42 16808.5 16614.8 16491.7 20126.8 17104.6
48 16905.3 20378.5 18840.4 17844.1 19025.9
54 17379.1 17481.5 19375.4 19553.8 20050.6
60 21057.2 20062.9 18463 19995.9 16542.6
66 17760.6 19405 20104.7 17816.7 16944
72 18694.3 19415.9 18148 19672.9 18651.6
78 18915.8 17610 17773.5 18683.5 16085.7
84 16375.2 20689 18560.7 17596.7 21252.3
90 17336.4 18287.3 19728.3 16975.1 16548
96 16586.8 17259.5 18212.6 19093.6 19262.8
102 19410.6 16811 17833.4 20892.6 16372.3
108 16285.6 19819.3 16053.9 17293.7 18348.5
114 17995.3 16776.1 16954.7 17741.4 14751.9
120 15792.3 19444.7 16597.4 14652.1 14514.5
126 16907.6 17335.5 16770.3 18529.6 16055.7
132 18297.3 18282 15767.9 16857.3 17293.7
138 16086.9 18821.2 18950.4 17602.2 16125.3
144 18549.3 17215.2 17120.6 17425.5 17261.4
150 18392.2 16482.5 17975.7 17186.2 18670.6
156 18299.9 15627.5 19258.7 17642.1 19277.5
162 17088.9 18333.7 16229.6 18791 18484.9
168 17505.3 19701.5 18623.6 18727.6 15792.2
174 17088.4 18371.6 18681.6 17848.5 15647.7
180 17102.8 17508.4 19826 19744.8 17372.7
186 17988.4 16337.1 17257.8 19411.4 18042.1
192 18257.2 18700.7 19827.7 17293.9 16135.6
198 18191.6 19432.5 16134.3 18383 18265.4
204 17229.4 18290.2 15740.1 14548.9 17589.7
210 18066.9 16680.6 16832.4 17021.5 18417.3
216 17679.9 16754.3 17945.5 17142.8 16790.8
222 19070.7 17059.5 18907.1 20290.9 20511.1
228 17992.3 19958.9 19204.2 17784 16940.1
234 20348.2 17618.6 18670.9 20275.9 18324.6
240 17574.3 16965.8 18229.7 19590.5 17584.8
246 16646.5 16240.5 17611.9 16996.5 19146.6
252 19149.8 16982.8 18767.6 18174.5 18800.8
258 17403.4 16852.6 18622.3 18306.8 18813.7
264 19777.4 18238.8 18471.5 18505.5 20133.8
270 17760.2 16630.7 17489.3 19940.2 17941
276 19661 17235.3 17630.8 18447.7 16815.5
282 20131.5 16753 17997.5 18125.8 19354.6
288 16023.9 18106 17533.7 15484.6 16652.9
294 18627.8 17202.1 16177.4 15780.9 17550.7
300 17564.4 17896.1 15474.2 19364.4 17356.2
306 18159.3 17671.7 18563.1 16758.7 17190
312 18420.9 17549.7 14565.4 16460.6 16328.4
318 16745 16537.4 17330.4 17767.7 17952
324 16416.2 17094.4 17317.6 16340.3 16908.2
330 16997.6 16742.7 15917.7 18989.5 16835.2
336 17193.6 15883.4 17790.3 17114.5 17373.6
342 17420.1 17593.4 18119.3 17218 17599.6
348 19472.2 16833.9 17359.9 17075.3 16921
354 16778.8 17008.4 16043.5 15227.7 17299.2
360 16751.9 15935.9 16459.9 17628.9 15351.8
366 15613.9 16780.3 17013.5 20232.6 16188
372 17793.4 17602.2 18744.4 13884.6 14827.7
378 15062.6 14241.7 15812.9 16889.4 15408
384 16697.2 15354 16498.4 15606.6 17343.3
390 13952.7 16683 16314 16902.6 16505.2
396 15810.1 16692 15399.4 15212.4 15060.4
402 15227.8 14980.9 15067.3 18446.9 18848.5
408 15017 15813.6 15447.9 16515.2 16891.2
414 13837.1 15038.9 16852.9 17013.2 19701.1
420 16912.7 15288.7 16193 16225.1 15982.7
426 15553.1 16635.9 15404.6 17874.1 15892.9
432 15178.8 14352 15647.9 19082.4 16300.7
438 15830.1 14563.8 17447.5 16030 15166.7
444 17215.6 16194.1 16292.6 16391.9 16407.2
450 14675.3 16145.8 14415.8 14917 17307.5
456 17993.8 15583.2 15807.6 15900.7 15955.4
462 15627.4 17102.2 13859.4 16541.6 17504.6
468 15675.9 15948.3 16350.6 16059.7 16427
474 19062.9 15980.9 16721 15238.4 16022.2
480 20783 17987.6 15831.3 16832.8 17438.9
486 17213.3 16298.7 17688.9 17237.4 16107.5
492 15963.9 17036.8 15495.1 17080.3 15153.5
498 18484.2 15733.1 17137.7 15873.8 16331.8
504 15363 15343.6 17214.1 17021.6 17910.8
510 18622.7 16688.4 17067.3 16113.8 18415.7
516 19365.1 17886 16726 18005.2 16948.2
522 17200.6 16224.2 19260.2 16596.9 18602.3
528 17561.4 18184.2 14972.8 18327.4 18629.1
534 15424.1 16131.7 19066.2 14724.5 17058.9
540 19020.3 19783.8 17727.2 19667 17855.6
546 16505.2 17543.1 20491.3 16747.4 17063.4
552 17307.6 17773.9 18531.8 17934.1 16685
558 17670.5 18745 15707.6 16193 17631.7
564 18629.4 16698.7 17910.9 17159.1 19717.3
570 18304.1 17802.9 16981.6 17473.4 18081.7
576 18033.1 16696.7 18757.2 19317.9 15743.8
582 15783.4 16661.3 19467.9 18012.6 15491.2
588 18648.3 16598.8 16124.3 16510 17204.9
594 15172.6 15512.5 16114.3 16245.2 16880.3
600 15496.3 17546.1 16609 15876.3 16517.7
606 17543.6 17883.6 17988.4 17371.3 17249.4
612 15368.6 19541 17083.6 16979.5 16117.1
618 16949.4 16585.3 17559.6 17458.5 17458
624 18298.2 16010.2 14931.3 16097.2 15097.7
630 16484.7 15591 16808.8 15931.9 17778.9
636 16942 15797.5 15888.2 16341.8 16379.8
642 17202 18702.9 19269.7 18436.5 17311.9
648 15415.1 16046 16958.6 20582.1 19662.6
654 18112.5 14644.8 18729.5 17287.7 17274.2
660 16667.6 18009.9 16239.7 14829.5 17967.5
666 19074.8 17073.5 15426.6 14395.5 15611.4
672 16379.6 16638.6 16533.8 17922.1 17461.1
678 17216.5 16336.4 19078.6 16084.5 18691
684 17980.4 16301.6 15934.5 14488.1 20011.5
690 17085.5 19349 16042.1 16368.2 17305.8
696 18854 17120 17952.9 17488.6 16005.7
702 18697.1 16824.4 18711.3 16108.8 16560.3
708 16448.6 21374.9 17059.4 18153.4 17486.8
714 18479.7 14965.1 17581.6 16193.8 16395.5
720 16215.9 19220.3 16001.8 16666.7 17468.8
726 15864.3 15953.3 16631.4 19446.1 16935.7
732 19622.5 17079.9 16972.7 17039.5 17630.9
738 18563.3 18018 18979.4 19404.1 16301.5
744 15393.4 15936.7 16783 17908.8 17289.3
750 16139.3 18622.8 15047.2 17312.3 15800.2
756 17618.8 18704.5 15931.1 19854.4 16780.6
762 17587.6 18390.9 16169.2 18993.7 16924.9
768 18412.1 19566.9 18671.4 17351 20256.1
774 18444.5 17795.6 15715.4 18966.6 20674.4
780 18850.2 18342.9 17447.7 19094.2 17138.7
786 18456.4 17776.4 16890.1 17840.1 17178.3
792 18296.9 17932.1 17875.4 17993.5 16626.1
798 17417.6 17236.6 15853 17407.1 18598.7
804 20560.8 15789.1 18221.7 18242.3 15695
810 16936.7 16715.4 18676 17204.1 17040
816 19059.4 16986.5 17073 17500.2 18106.9
822 18300 18896.8 17280.3 17068.7 17629.6
828 19018.3 18238.2 20787.2 17529.8 17845.2
834 17127.5 17256.6 20901.8 17911.5 18177.5
840 17302.8 17827.1 17120.3 18100.8 18099.2
846 20016.1 17230.4 17803.1 17791.2 16464.2
852 16546 17076.2 17475.4 17783.6 19009
858 17232.8 18823.9 18991.5 17168.6 18723.5
864 16988.6 18467.6 16594.3 18512.4 18456.6
870 18743.1 18561.1 17290.4 16588 17285.6
876 18303.1 17589.8 17540.3 19373.6 19259.5
882 18161.6 17407.9 16084.1 17349.4 18530.5
888 17369.3 16745.8 15894.5 17913 17187.9
894 17226.2 15900.8 18782 18333.7 15980.5
900 17130.7 15144.6 16745.8 15975.2 17303.7
906 18737.3 18299 16478.3 17386.9 16599.4
912 17947.3 16371.7 19731.6 17250.1 17080.9
918 17332.5 15245.4 16265.3 17769.7 17795.9
924 17821 16553 16555.9 16715.2 18858.9
930 17731.3 16048.1 17728 17577.6 16376.1
936 19033.2 16048.1 19139.4 20015.8 16432.6
942 17643.3 18164.9 17879.4 16906.2 18327.4
948 20560.1 18056.4 19373.6 18680.7 17991.5
954 15966.2 17012.3 18757.9 18617.6 17813.2
960 17436.9 18448.4 19444.5 17440.7 16509.4
966 17612.3 17602.8 17523.7 18458.5 17288.4
972 19534.3 18244.9 17514.5 19542.4 20239.5
978 17514.4 20355.7 16752.9 15190.1 16307.9
984 14747.1 16809.4 15918.8 19279.4 18738
990 18309.5 14865 16040.3 16148.6 18220.9
996 17534 15683.4 16799.7 17468.4 15324.1
1002 15646.6 15199.7 16819.2 15821 16195.5
1008 17377.4 16828.7 18487.3 16888.9 15329.6
1014 17258.8 16968.4 16112.8 15056.9 15037.8
1020 15406 14393 15991.2 16675.2 15716.9
1026 17220.5 13812.2 15758.8 16185.1 15276.3
1032 14929 16323.7 16984.5 15880.3 13801.5
1038 15675.9 17223.1 15736.1 15259.7 15523.3
1044 16067.5 16456.6 18262.9 16010.6 15839.2
1050 15673.6 16730.3 16123.2 16396.7 18523.4
1056 16893.3 16214.5 15713.2 16318.8 18086.7
1062 15365.5 16516.4 16706.3 18681 16630
1068 15605.2 17595.2 17086.2 16072.8 17923.5
1074 16289.1 19136.1 16528.2 15985.2 15478.8
1080 15671.7 18203.8 16538.6 18717.6 18494.8
1086 18337 19309.5 15901.6 15255.6 17912.2
1092 16779.9 18382.5 15703.1 18083.8 17659.1
1098 18048.9 16752.4 14817.6 15363.5 15138
1104 16219.6 18351.4 16947.9 15989.4 18548.8
1110 18359.8 16462.3 17154.9 15375.6 18644
1116 16739.8 17567.7 17655.8 19774.8 16933.4
1122 16784.2 17386.8 17049.9 16034.6 18896.9
1128 18249.7 17653.8 16732.5 16254.4 18351.8
1134 17164.1 18729.7 18051.2 15318.4 17783.3
1140 15003.3 17498.2 15966.2 18262.2 16060.2
1146 16642.8 15618.2 16636.2 17717.3 16059.1
1152 16684.9 15967.5 17524.4 16523.2 18132.6
1158 17038.4 16348.2 18812.1 16583.1 17128.7
1164 19506 16094.1 20861.3 17207.8 18556.9
1170 17358.6 17788.2 19469.6 16802.7 19844.6
1176 16903.6 19389 17290.3 17458.2 17932.6
1182 19820.3 16125.5 17578 18525.2 16402.7
1188 17942.3 18168.7 18967.6 14561.1 17272.6
1194 16708.9 18894.4 17621.8 18685.7 17351.7
1200 17392.6 18096 16153.1 17584.4 16331
1206 16228.6 15795.1 15580.9 16955.3 18011.9
1212 17647.2 16152.3 16272.9 16891.1 16004.4
1218 15961.9 16195.6 17547.1 16865.5 18386.7
1224 18346.6 18137.7 16427.2 16523.4 17257.4
1230 16944.8 15556.7 16430.7 16799.1 17255
1236 16782.1 15378.2 16179.2 17400.8 17086.3
1242 16495.2 18332.1 15998.1 17574.5 17122
1248 17050.5 17106.7 14863.8 16466.8 16856.1
1254 16137 18786.6 16479.5 16541.3 16110
1260 16317.6 18283.5 18006.6 16684.6 16285.6
1266 17281.6 16255.8 16887.6 17568.6 15209.6
1272 19227.8 17404.9 16868.1 16286.1 15241.7
1278 18026.7 16187.3 18156.3 17679.5 16151.2
1284 17426.5 16196.5 18332.7 16774.2 17380.2
1290 17478.6 16959.4 15846.2 16259.7 16888.9
1296 17111.6 17590.4 15249.7 17441.4 17348.8
1302 15255.2 16040 16557.5 15696.8 17892.9
1308 16430.3 16480.5 16342.1 18664.7 17256.9
1314 16591.9 16903 17548 17735.3 17371.8
1320 18150.4 15515.6 14714.7 17899.1 17801.5
1326 15959.4 15224.9 17793.6 17460.8 16423.4
1332 17098.7 18131.5 17667.7 18563.3 17120.2
1338 17356.6 15879.4 16958.8 17414.4 17152.7
1344 17038.3 17651.8 17479.3 17821.1 16208.6
1350 19139.7 17542.4 17489.6 15992.5 18493.2
1356 16819.3 18390.5 19113.9 19459.7 16731.7
1362 17769.1 17398.8 17097 17604.2 17180.7
1368 17704.3 18125 19037.5 16934.1 17828.4
1374 16022.4 17360.3 17777.7 17211 16461
1380 19257.2 17626 17017.2 15826.1 17203.6
1386 17541.5 17960.2 17253.2 16361.3 17477
1392 18090.1 17370.3 17040.3 17817.1 19499.4
1398 17592.2 19478.4 16869.9 17967.8 16327.2
1404 16828.5 17715.8 18557.4 18098.5 17481.9
1410 18629.8 18240.1 18138.5 18738.8 17815.4
1416 16474.4 16939.6 17102 17611.3 17768.1
1422 19949.2 17040.3 15096.1 18181.4 16438.3
1428 17929 18741.9 18482.3 19660.1 17780.5
1434 18873.2 19533.1 17527.6 18595.4 17536.8
1440 17739.7 15899.9 17301.7 16272.8 19061.3
1446 18756.5 17412.1 17078.2 16335.4 18799.6
1452 19461.1 16150.9 19836.8 19841.1 18522.7
1458 16160.5 16315.9 17545.7 16711.4 17225
1464 16744.2 17657.4 18211 16956.2 17967.6
1470 17468.5 19197.5 15540 17116.4 18136.5
1476 18371 18105.2 17063.5 16230.2 16876.7
1482 18180.8 15598 16896.2 16749.1 17878.1
1488 16750 18805.4 19075.1 17538.5 19024.4
1494 16829.9 15706.4 17475.4 15563.6 16889.7
1500 15880.2 16486.2 16321.6 15515.3 18015.6
1506 16231.9 17419.6 17719.6 16189.5 14655
1512 16667 17575.2 16532.4 17804.1 18072.4
1518 17848.1 15498.1 15943.3 14912.5 14702.1
1524 15719.3 17195.1 15760.7 15173.5 17096.6
1530 16891.4 16321.5 17463.1 16907.1 16896
1536 16600 16512.2 16482.4 15991.6 17410.8
1542 15139.3 17833.4 16504.9 16231.5 16669.5
1548 17180.1 15688.4 16765.6 16455.8 17825.4
1554 14757.2 16100.1 14339.9 19096.9 16636.9
1560 16470.5 15844.4 16762.9 18325.8 16282.1
1566 15902.8 16992.5 18839.2 16847.5 16284.8
1572 16901.4 17502.6 16659.4 16575.2 15140.6
1578 15297.5 17040.5 17313.5 16198 15410.5
1584 18771.6 18488.2 19743.2 18062.7 17675
1590 18975.6 15799.7 18465.2 18837.4 18250.7
1596 16853 17675.7 15962.4 14650.8 17968
1602 16341 15342.3 16414.5 16126.8 15811
1608 17920.3 18274.4 14218.2 18445.8 16701.9
1614 18692.7 17544.2 15605.9 16310.4 18005.7
1620 16880 17916.6 17871.6 18474.6 18347.4
1626 17544.3 18932.5 17339.2 17768 16830
1632 16053.9 16244.1 16629.3 16907.1 16682.1
1638 17401.6 17819 16786.2 17335.7 17286
1644 18572.4 17718.1 18278 17109.1 17209.1
1650 17549.4 16933.4 18499.5 16719.2 17855
1656 17430 18406.2 16796.7 16713.9 17522.5
1662 17072.1 17951.2 17701.5 17723.3 16966.4
1668 19326.5 18524.4 16441.5 16635.3 17194.4
1674 17889.1 15781.4 16225.2 17996.3 20554.1
1680 17123.6 16012.8 17381.6 17347.6 17205
1686 17849.5 19339.1 17678.1 16649.3 16739.8
1692 17544.1 18247.4 17554.8 16558.4 17842.5
1698 18381.6 17162.4 18977.6 15265.1 16641.2
1704 16753.6 18238.7 16039.3 17403.5 18356.6
1710 17377.4 17814.6 17634 17845.5 18444.1
1716 17588.4 15422.2 16938.8 17190.2 17446.7
1722 16357.1 18803.8 18354.2 16341.8 18113
1728 17009 18730.2 18595.9 17246.4 18349.6
1734 17545.8 18223.4 18275.8 19191.3 16889.6
1740 18937.6 14765.5 16479.4 17582.3 18470.5
1746 16665 18421 16980 17225.2 16675.9
1752 15966.7 18409.8 17257.8 15471.2 16343.8
1758 16966.7 16723.3 17555.9 15908.5 16840.1
1764 16617 15610.5 18975.3 15572.2 17852.1
1770 16197.2 17663.3 20511.1 18248.6 17090.1
1776 19297.2 16944.8 15050.1 18567.2 17740.4
1782 17900 19926.4 17219.4 15419.2 16049.2
1788 17516.8 16211.6 19185.4 19860.5 17735.9
1794 15914.4 17977.4 18242 17508.4 18654.6
1800 17841 17211.9 18337.4 17290.5 17965.4
1806 16647.1 18866.7 17517 18396.6 16221.9
1812 17177.9 16996.4 16885.1 20457.7 17786.3
1818 16439.7 16240 19116.3 16617.7 16364.1
1824 18299.5 17870.3 19685 16366.5 17569.3
1830 17047.3 19096.8 16686.4 16837 18126.1
1836 16087 18642.2 18899.6 17227.1 17026.5
1842 19536.9 15903.9 17169.5 17432.3 16933.6
1848 16850 16855.7 15899 18613.8 17874.5
1854 17303.6 16597.1 17836.8 16842.2 15677.9
1860 16835.2 18458 16111.2 17044.9 18312.5
1866 17598.1 16780 18700.3 17265.4 15107.1
1872 16628.5 16022.8 17521 17132.8 16142.1
1878 19215.3 17319.2 16746.4 16733.9 16853.5
1884 17556.3 17052 17597.8 17102.3 18513.2
1890 17864.3 17917.7 17405.5 17679.5 16678.8
1896 18609.2 17961.2 17532.2 16685.3 18673.3
1902 16710.3 18986.8 18900.8 17575 18760.7
1908 19244.6 18224.5 18318 16705.9 16156.8
1914 16668.2 16160.4 19107 16367.1 17597.6
1920 16811.6 17467.6 15639.2 17484.5 19636.3
1926 18997.2 16803.9 19046.6 19874.7 16749
1932 17977.1 18275 16422.1 18182.8 16840.5
1938 17804.5 20847.3 17111.4 17062.1 17323.1
1944 17549.3 17210.6 16043 16545.1 17105.9
1950 17256.1 16690 16884.7 18889.2 17742.9
1956 17933.5 17953.8 16521.3 17941.9 18646.1
1962 17695.6 17126.8 17389.7 18482.6 18284.8
1968 17255.1 16622 19561.7 16510.7 19342.6
1974 18569.3 16046.1 17589.6 17954.1 17706.5
1980 18811.6 18642.9 17407.9 18079.7 16799.1
0 21976.9 20538.5 22767.7 21124.8 21912.3
6 19983.9 25310.6 20412 20436.2 22747.8
12 22374.7 20253.1 21458.8 23318.1 21011.7
18 24016.6 21842 20777.3 23740.6 20757.3
24 20770.9 22684.6 20833.9 21520.1 23373.2
30 22373.3 19820.4 18233.1 22438.8 21380.2
36 20739.4 21258.5 20330.7 21044.5 19627.1
42 18051.8 19250.6 21395.7 17980.2 16810.7
48 19579.9 20071.3 20045.3 18652.7 20176.7
54 19332.2 20870.7 17852 21270.9 16798.7
60 16924.7 16524.7 17760.2 17602.7 17958.4
66 16359.6 18798.6 18923.4 17471.7 18080.5
72 17740.1 18406.3 18103.2 18619.9 18001.1
78 19513.3 17092.5 18761.5 17004.6 17082.9
84 20081.1 18430.4 15157.4 17106.4 18206.9
90 20079.3 19451 17208.6 16520.1 16412.7
96 15979.9 17886.1 17319.6 18630.1 16380.2
102 19688.9 17969.7 20934.9 17790.9 16744.7
108 20669.9 18601.7 18157.3 19050.6 17220.8
114 17967 17596.3 19238.2 15984.8 19237.7
120 18404.3 18742.2 16232.8 17554.7 18569.8
126 17332.4 19126.7 16475.5 16721 18088.1
132 18303.5 17290.4 16920.3 17209.2 16131.2
138 16347.9 17656.3 16413 16839.3 16077
144 16640.2 16171.2 14620.6 17269.4 18877.2
150 17728.2 18731.6 17209.1 17284 18580.7
156 17387.5 18057.8 16856.9 15786.4 16209
162 16362 17733.4 17203.4 17458.4 16903.1
168 16935.5 15000.7 18091.6 19913.2 18470.6
174 18093 16408.6 16212.6 15576.8 15927.1
180 16016 16696.7 19432.4 18356.6 17579.4
186 17203.2 17561.9 20337.6 16038.6 16504.1
192 14467.5 17343.5 18077 19578 16517.3
198 16844.7 16969.3 18258.1 16053.9 16476.7
204 15799.4 17227.6 19112.2 16214.7 17016.8
210 18089.4 16478.4 17697.9 16126.7 16903
216 19184.7 15803.6 17019.6 17713.5 16384.5
222 16847.9 16006.7 16548.1 18379.6 16752
228 18059.5 17036.4 16778.6 18528.6 17402.5
234 17789.2 15684.5 18143.5 16380.7 17620.9
240 18068 19111.8 17178.8 15962.8 17976.1
246 17883.4 16833 17020 17344.5 17518.6
252 20205.9 17166.1 19578.4 16338.9 16544.1
258 21512.6 15112.9 18669.1 17114.8 15929
264 18189 16469.2 17378.9 17128.3 19696.4
270 16484.6 20093.5 18163.1 16918.8 18998.6
276 17638.6 16372.4 17551.9 18723.9 16387.6
282 17712.4 16171.2 17749.5 17154.4 16374.2
288 17060.9 17932.8 17847 17093.8 15607.2
294 18222.8 16889 16976.1 14048.5 17986.5
300 14500.2 16094.9 17849.1 18581.9 15818.8
306 18478.5 17453 19618.7 16330.7 16898.1
312 18395.6 16461.6 18320.1 15792.7 14971
318 15355.3 17411.1 16977.1 18526.1 17757
324 15885.4 16437 17424.4 17136.3 16897.3
330 17614.6 16241.9 17405.1 14787.8 17778
336 15260.9 16370.1 19069.7 16878 16739.6
342 18989.6 15342.3 18439.1 16453.1 16519.7
348 14841.1 16850.3 17935.9 19252 16318.4
354 17643.6 16874.6 17331.7 17716.3 14829.1
360 17697.6 18652.5 17058.3 15215.4 16669.6
366 15819.6 17044.6 15862.1 19198.8 18253.8
372 17255.7 16688.3 14268 17914.7 18887.4
378 16419.9 17216 17694.2 16798.8 17815.4
384 15300.2 16921.8 16631.9 18600.1 20543.7
390 17025.9 17014.3 18290.9 17712.2 15892.4
396 17107.3 17263.1 17913.3 17439.8 15835
402 17779.6 16290.3 17870.8 16831.2 19015.3
408 17682.6 18691.9 17836.7 18574.6 17707.7
414 16555.2 17159.8 16467.1 18294.3 17530.3
420 19559.8 16917.8 16259 17300.1 16581.5
426 16952.1 16093.2 17894.7 16671.7 16897.5
432 16400.6 18410.3 20420.1 16684.2 17321.6
438 17738.3 19233.2 18052.5 17106.9 16501.5
444 16012.1 18078.3 16908.1 16946.7 16387.7
450 18451.8 14994.2 16433.5 18703.2 16284
456 16638 15365.7 18506.2 18136.8 15109.5
462 16576.1 16825.9 18294.4 19708 18207.8
468 18054.8 16119.9 20142.5 18011.7 17271.9
474 17047.1 16457.4 17429.7 17384.3 16843.8
480 17735.2 17354.4 17847.1 16134 17857.1
486 16541.8 20760.4 16740.3 16783.5 16655.5
492 18782.5 16127.9 16068.2 16752.3 17298.2
498 15063 16365.1 15970.4 15309.9 15459.7
504 16791.4 16166.1 16208.2 16810.4 17310.9
510 17362.7 15934.7 17705.7 17573.3 17131.9
516 17349.1 17027.6 18332.3 15805.4 17974.7
522 17753.6 18801.6 17640.5 16346 18839.5
528 17758.5 19238.9 18218.6 18223.8 19242.7
534 18859.7 18562.5 17790.5 17373.8 18345.9
540 17790.6 18412.9 17425.2 18912.3 17324.4
546 17435.6 17574.9 14961.7 17842.3 18675.8
552 16294.8 18578 17286.5 17241 17547.4
558 16432.5 16206.7 17767.9 19832.1 16670
564 17709.4 18217.4 18044.4 17656.5 17023.6
570 17583.1 16602.8 15721.8 17601.4 15831.4
576 16946.4 15262.6 16355 15676.9 16609.4
582 17910.8 18717.8 16575.7 17994.7 14796.8
588 16063.3 17172.5 16020.9 17426.6 18106.3
594 16180 19602.4 16675.6 16522.6 18102.6
600 18341.9 17309.8 18391.5 15558 18039.1
606 17290.4 15871.4 15812.4 17451.2 17135.4
612 17632.2 17225.3 16634.4 15852.9 18009.3
618 17977 16707.3 17818.8 15647.2 16626.3
624 18123 18035.3 16817.1 16696.4 16345.2
630 17428.3 17575.9 15814.6 17002.5 16961.4
636 17811.5 16680.1 16813 18035.3 15103.8
642 16382.1 16378.8 15952.8 16837.8 17208.8
648 15933.8 17493.3 16468.2 16627.4 17398.1
654 15068.5 17636.7 15665.5 17675.8 18597.6
660 18342.8 16069.1 16989 17245.2 16670.2
666 17035.5 17939.7 15423.7 17480.6 20107.2
672 17004.7 14616.7 16416.2 16813.3 16757.6
678 16994.9 16128 15296.1 15763.3 18667.7
684 17355.4 16407.4 15522.2 15551.7 17713.2
690 17172.1 17307.8 17200.4 17703 15872.5
696 16532.6 14575.9 19574.2 16834.5 16701.4
702 16500.1 17404 16603 15811.2 14765.9
708 18402.3 16603 17160.3 16509.4 16398.1
714 18202.6 18111.8 14163.4 14900.8 17266
720 17630.6 17763.9 15955.1 19530.1 16207.2
726 15374.7 18991.8 17034.4 17395.4 18018
732 18592.1 15862.1 17830.8 17249.9 16176.5
738 20093 16514.1 16720.6 17940.3 18351
744 16812.3 17781 18050.6 17834.7 18789.6
750 16268.2 18048.7 20421.8 15840.1 17681.3
756 16570.3 17808.9 19281.3 16838 16726.2
762 19081.4 17795.3 19602.2 16422.3 15911.7
768 17321.8 16498.2 16325.2 17044.1 14982.3
774 18364.5 18281.4 16019.6 15865.6 16895.8
780 16088.8 20134.4 19290.6 17070.8 18123.7
786 18901.1 17005.6 18807.5 17380.7 18038
792 19691.5 18152.3 17899.6 18707.6 16642
798 16849.1 18325.8 19432.8 17524.8 17086.3
804 17391.6 18418.3 16402.1 17637.9 17936.6
810 18514 16970.1 17085 19510.5 18527.1
816 17831.5 17004.8 17567.5 18142.3 19511.4
822 16826.7 18590.9 19515 18527 17392.1
828 16214.6 17665.8 17646.4 17392.3 18595.4
834 15880.1 18460.2 15923.9 18037.2 18972.5
840 18354.4 17155.4 18941.3 16770 17214.4
846 19587.9 17567.7 17058.3 18320.3 19074.3
852 16367.3 16757.6 18079.7 16184.7 18014.4
858 18110.3 17287.9 18367.9 16862.2 20324
864 17217.7 19276.9 18175.4 16350.8 17457.9
870 18284.6 17141 17408.2 17790.5 18175.2
876 17563.3 17652 17909.7 16223.4 19069.6
882 16621.7 17371.2 18446.6 17362.2 18685.9
888 17883.3 18503.7 18297.6 17183.2 17461.7
894 19591.4 18010.3 16618.8 18970.6 18686.7
900 19231.2 17680.3 17571.3 19611.9 18470.1
906 17566.8 18086.8 17561.2 18882.5 17748.3
912 18666.4 17725.4 17340.1 17380.5 18538.2
918 17395.6 19423.1 17394.2 17056.3 16626.7
924 16801.9 18076.8 18051.9 17181.8 18077.1
930 16214.3 19469.2 17846.8 17871.3 18009.8
936 17400.7 17602.1 17909.2 15359.7 19036.2
942 18258.1 16974.4 17926.7 18072.9 18350.1
948 16614.6 17001 17094.8 16278.8 17527.8
954 18364.6 17467.1 19412.7 18790.4 17516.6
960 18664 17786.2 16905.5 19374.8 16677.5
966 16430.7 16026.4 21136.5 16730.2 17448.9
972 16521.3 18370.7 17952.3 17327.4 21003.2
978 18279.5 20209.9 17973.9 17768.6 17040.5
984 17905.5 16428.2 17412.2 17027.8 17269
990 18551.7 17532.4 18964.4 18510.3 18038.1
996 18466.3 17541.8 17554.9 18231.5 18148.8
1002 16617.7 20317.9 16722.8 17634.4 20975.8
1008 16763.5 18398.7 17413.9 16017.9 18438.5
1014 16390.5 17402.8 17044.2 18834.8 18180.6
1020 16152.7 18889.8 20209.5 18898.5 16819.8
1026 17033.3 16778 19251.9 18659.6 17353.1
1032 18708.8 18536.2 18815 18360.5 17846.2
1038 17594.9 16420.4 18879.5 16398.1 17703.8
1044 20528.9 18903.9 18154.8 20087.3 17501.8
1050 17831.5 16438.9 18295.4 18690.4 20427.1
1056 19085.9 16302.3 17040.4 20420.3 17823.1
1062 19111.4 16728.6 17671.5 17845.8 18077.5
1068 17796.7 21517.2 16481.7 17366.4 17704
1074 18849.7 18244.3 18291.2 18131.8 18052.6
1080 18184.5 18621 17176.6 17064.6 19105.1
1086 18802.7 17303.3 16733.5 18025.6 17504.7
1092 17760.3 18384.5 17712.1 17294.3 17133.8
1098 18859.2 19442.1 18629.7 18939.2 20968.8
1104 16633.3 17663.4 17540.7 18217.5 19384.7
1110 17657 18680.7 18446.1 18075.6 17734
1116 19185.6 18539.1 17706.6 19045.4 18446
1122 17988.7 17549 19767.1 16528 17340.2
1128 19853.8 17965 19269 17376.5 18573.1
1134 20636.5 18846.3 17676.2 17565.1 18287.4
1140 17141.3 18049 17994.2 17971.7 17359.9
1146 18183.5 17644.2 18637.4 17123.7 16803.9
1152 16742.9 16673.2 17514.8 18411.3 17541.5
1158 16544.5 17400.4 17636.7 18857.3 20202.1
1164 18948.4 16988.4 17937.3 17238.9 18283.8
1170 18913.5 16572.1 19336.6 17710.5 17275
1176 18299.9 17083 19751.8 17019.3 18592.3
1182 16589.2 18823.8 17311.6 17619 18714.8
1188 18672 20434.3 18540.4 18449.8 18935.3
1194 16985 18567.5 17612.9 16481.7 17330.1
1200 18075 16643.3 17772.6 19734.3 18310.7
1206 17800.5 19523.1 18951 17699 16411
1212 20613.4 17487.7 17413.7 20064.8 16724
1218 18790.9 18010.2 16959.6 19329.1 20179
1224 17287.4 19368.8 17852.9 17198.8 18526.9
1230 16403.1 18954.8 19437.7 19836.4 19181.6
1236 18137.2 18703.5 19096.3 16189.2 17212.6
1242 18400.9 19189.3 19383.6 19512.9 17577.5
1248 17628.5 16085.4 17977.2 16668.7 16686.9
1254 19262.7 18645.5 17188.4 17732.2 17322.9
1260 17442.6 20875.2 20201.7 19007.2 18401.4
1266 18931.1 18310.6 19324.5 17356.9 19015.6
1272 17294.5 19625.5 19183.9 16563 19028.2
1278 19895.4 17446.6 19948.9 17378.6 17349.4
1284 17891.8 16030.4 19429.8 19378.6 17348.6
1290 18541.5 18088.1 20158 16082.3 17452.2
1296 17267.5 20962.5 19734.6 16813.9 16165.6
1302 16489.3 19600.2 18872.5 16431.3 19510.6
1308 17552.6 18324.8 18233.6 15584.6 17562.1
1314 17477.9 17462.2 16380.1 15269 18125.6
1320 18013.4 18014.2 17671.9 17459.2 17115.2
1326 17903.1 19256.8 18557.4 18766.7 17194.4
1332 16472.3 17065.8 16829.5 20008.8 20426.4
1338 18062.7 18445.8 16093 17542.8 17544.9
1344 15611.8 17902.5 19458 19264.9 17678.9
1350 17706.7 19620.6 18808.2 18285.9 17139.8
1356 16354.7 19048.5 18078.5 17673 18120.6
1362 19760.2 16733.4 16483.5 17183.8 18677.4
1368 17682.6 18347.2 18756 19196 17007.1
1374 19137.5 17874.4 17662.9 21111.8 16593.6
1380 19010.8 19086.7 19866.3 17071.4 17532
1386 18009.7 17696.9 16680.1 17306 16354
1392 17309.9 17696.2 17154.7 18981.2 19637.5
1398 21029.3 17248.6 19342.4 15155.8 16907.5
1404 20691.3 16289.5 20115.6 16985.9 19894.8
1410 18529.8 18627.7 19689.9 17452.5 18306
1416 18545.4 17504.7 18772.2 17157.1 18421.7
1422 18076.8 16889.8 16448.2 20943.8 17839.7
1428 19341.5 16946.8 17911.3 17588.9 19337.2
1434 17016.1 16803 16835.7 19054.7 18249.8
1440 16693.3 17340.6 16377.5 18988.3 19341.4
1446 18308.9 18780.9 19150 18667 17721.8
1452 18375.8 18127.3 19851.1 19007.6 17543
1458 15635.5 20319.9 19498 18041.5 17054.6
1464 16517.9 16749.4 20105.4 16970.2 18327.9
1470 17962.6 17478.2 18368.6 19272.7 20057
1476 20800.6 18741.1 18437.7 16767.9 19577.3
1482 17996 17349.4 18610.1 15666.8 18557.6
1488 18150.7 18352.2 16837.7 18854.4 17684.7
1494 16278.1 17760.9 19020.1 18085.9 16118.5
1500 18988.4 17819.5 17069.8 19115.9 18305.4
1506 15661.3 14779.8 19296.2 18252.9 15892.9
1512 17953.7 18903.5 18774.9 18773.1 18807.6
1518 16576.7 16320.8 18280.3 19982.1 17806.9
1524 19745.9 18514.2 19109.9 18348 16678.4
1530 19973.4 19452.9 20625.5 21139.8 18414.2
1536 19953 19010.5 17136.5 19220.6 20623.6
1542 19287.4 20152.2 19605.1 20018.1 19739
1548 18849.3 17620.4 19516.8 19396.8 20278.4
1554 19536 20060.2 17862.9 20834.5 18625.4
1560 17780.7 18736.5 18841.1 20116.5 18236.1
1566 20907.5 18676.7 17141.1 18364.7 20621.7
1572 19574.7 19619.8 17368 19061.6 18391.4
1578 17424.6 18390.7 18113 17952.6 19469.2
1584 17449.2 18857 16581.2 18878.3 17851
1590 18255.9 17863.9 18567.1 20895.7 18394.8
1596 19619 16518.9 19434.3 18603.7 17257.1
1602 20160.1 18046.4 17045.4 15421.8 17097.8
1608 17899 22879.3 18348.9 17117.9 18044.2
1614 17979.3 17954.5 17372.1 20396.3 18311.4
1620 19868.2 16284 18484.1 18770.3 17757.8
1626 18655.3 16951 19061.1 17801.6 18061.5
1632 16859.2 18886.7 19840.6 19388.8 16362.4
1638 19700.6 17770 16534.3 19437.3 18107.1
1644 18732.2 19579.4 18769.3 18177.8 18064.3
1650 21497.8 19361.3 21277.2 19418.1 19632.3
1656 18044.5 19451.3 19986.9 18991.4 18792.4
1662 19140.6 18587.7 18078.4 18025.7 16348.2
1668 16949.9 19362.3 17674.4 17000.9 17521.1
1674 17107.9 17506.3 16746.4 15699.6 18751.1
1680 19362 17660.7 17089.5 18618.9 18096.2
1686 16848.9 17154.4 17399.4 16608.3 20287.9
1692 17629.1 19586.4 17671.5 16775.6 18256.7
1698 19899.3 18801.4 16628 16488.2 17140.3
1704 19722 18572.9 18588.4 17248.4 21040.1
1710 19977.7 16851.7 18476.7 19917.2 18051.3
1716 18646.3 16839.2 17910.6 17725.1 18781.8
1722 20344.8 18329.6 18114.7 19506.1 18808.8
1728 17465.2 18897 18696.2 17946.8 19433.3
1734 18357.3 18881.3 17718 19416.6 17136.8
1740 16887.3 17131.9 16268.3 18750.7 17387.2
1746 16593.1 17291.1 18310.4 19341.8 18044.4
1752 15976.9 18481.3 16762.9 18376.3 17960.5
1758 16784.2 18071.2 15733.9 19318.5 15881
1764 17924.8 19014.8 16966.2 17340.2 17269.4
1770 16707.2 16559.9 18168.1 19584.5 17259.2
1776 18529.5 17936.8 17338.7 16972.7 17692.8
1782 17629.3 17264 18254.1 18081.7 17383.9
1788 14742.1 17490.4 18313.5 17614.3 18162.4
1794 16798.5 19289.4 16485.1 16444.8 17305.5
1800 16692.6 17746.4 18228.1 19564.8 18634.1
1806 15722.5 17209.5 18117.4 17426.8 17033.8
1812 16323.1 18092.1 17389.9 18072.4 18267.4
1818 17730.9 17716.5 16438 18891.2 18525
1824 20287.8 16593.4 17335.5 17573 17059.6
1830 16403.4 16483.1 17510.3 17540.4 18098.2
1836 17035.2 16833.7 18287.1 19208 17469.1
1842 19208 19089.3 18220.3 17978.2 19359.3
1848 19287.9 16954.5 16436.8 17661.4 17006
1854 19070.8 17191.4 17848 20242.2 14775.1
1860 16575.7 17495.4 16981.5 18673.6 21802.5
1866 18302.8 18416.4 17217.8 18734.7 19073.3
1872 18166.4 19180.6 17886.4 17113.9 17974.7
1878 17953.9 19348.2 19349.5 16868.1 18213.3
1884 16927.3 17077.9 17419.7 16923.4 17917.5
1890 18172.8 20108.5 18829.7 17368.8 18647.6
1896 19329.4 19055.6 18436.6 17969.1 17423.8
1902 18294.4 20223.4 21569.9 20052.8 17938.2
1908 18593.8 17949.1 16335.2 17973.6 19100.6
1914 20035.1 17541.5 16840.7 17919 16979.9
1920 16655.8 19602.9 21585.2 18447.6 19096.8
1926 18108.2 17565.3 17855.8 17687.4 17932.6
1932 17284.6 17744.2 19334.2 18103.9 18174
1938 17774.1 15696.7 18966.9 19670.1 18265.9
1944 18263.9 17075.5 17699.7 22558.3 17452.5
1950 17592.4 17680.2 16538.2 16121.7 20016.1
1956 17426.2 17125.4 16599.3 16842.6 17197.9
1962 17522.1 17678.9 18748.3 16450.9 18041.6
1968 17922.4 18303.4 18183.4 18458.5 18546
1974 16760.7 16698.1 18816.1 18865.4 18539.8
1980 20255.4 17808.9 17645 17294.4 18287.8
1986 16903.9 18751.1 18376.6 18247.5 20459
1992 18262.8 19684.2 22449.7 16142.8 18697.7
1998 17209.8 19126.8 19157.6 17862.6 17497
2004 18052 19017.3 18401.9 16736 19281.6
2010 17731.4 18310.8 16617.6 16289.1 16610.6
2016 18224 17743.1 17068.2 18879.1 16254.9
2022 16206.4 17351.1 17691.6 15650.3 16840.7
2028 18359.9 17021 17131.8 16559.9 17342.1
2034 19794 17412.5 17574.6 15601 16956.3
2040 18129.6 19296.2 17149.8 17982.8 17002.7
2046 17181.3 18641.9 18809.6 17238.4 17286.8
2052 18947.1 18086.7 17940.3 17802 17205.3
2058 18792.3 17280.6 18133.1 18881.5 18594
2064 17161 18507.5 18942.1 18146.5 18839.8
2070 17846.1 19552.8 16227.3 19496.9 17552
2076 17759.7 17337.8 17990.9 16775.2 18917.8
2082 19251.2 17882.4 18217.3 16761.4 19104
2088 19156.1 19633.2 17540.4 16844 17076
2094 16870.2 16245.6 18527.6 18621.3 17655.7
2100 17626.1 17922.8 17387 18540.5 18235.7
2106 18776.5 18353 18113.8 17326.6 18500.6
2112 17082.2 18472.1 18413.8 17141.5 17789.3
2118 17655.5 17332.2 18285.2 17313.7 17954.7
2124 17384.8 16039 18428.9 17833.5 20693.4
2130 17077.9 20090.5 19428.4 17462.6 17254.6
2136 16760.9 17863.2 18636.7 19011.3 20273.5
2142 18221.9 15248.7 19737.4 18013.9 17030.8
2148 19256.7 16346.3 17576.9 19249.7 18264.8
2154 17224.3 17834.5 19732 15607 17898
2160 16373.5 17858.1 18153.3 17123.4 17656.1
2166 18340.5 18999.6 18195.6 19658.1 17271.7
2172 18338.9 17192 18584.2 19598 17415.2
2178 18377.3 18322.3 17774 16964.9 18652.5
2184 18999.4 18201 19799.7 18809.1 18777.1
2190 17223.6 16083 16977.6 17856.2 16126.7
2196 18155.9 18285.7 15785.7 17722.8 19389.9
2202 16878.1 16069.2 17516.7 15929.2 16321.1
2208 16272 17529.4 17038.1 16503.6 17483.3
2214 17909.1 18027.4 17479.9 16430 16456.2
2220 17949.7 16876.5 17021.7 16930.6 19388.5
2226 15545.2 17383.9 19462.8 17353 17250.9
2232 16265.8 17169.3 17567.5 17836.9 17165.7
2238 18764.6 17022.5 18511.3 18228.1 18327.2
2244 18241.3 19049.8 18163.9 16321.1 17766.9
2250 19353.2 17897.7 18390.4 19891.4 20246.5
2256 17826 17902.6 17682.2 18268.4 16939.3
2262 19035.2 16511.6 17486.3 18137.4 17364.1
2268 16659.4 17023 17066.4 17982.6 17222
2274 17489.5 16845 18987.3 16416.7 17455
2280 17488.4 16620.2 19487.9 20302.6 19000.7
2286 18349.4 19363.1 17763.3 17886.4 18692.9
2292 17412.1 17906.9 17614.2 16959.6 16401.6
2298 16387.4 18279.6 20322.2 17625.3 16805.9
2304 19815.9 17133.6 19055.2 16585.6 17437.4
2310 16597.1 15876.5 20829.1 18751.8 19360.5
2316 17651.3 19070.1 16450.6 15888.8 18291.5
2322 18665 15356.4 17645.6 16731.4 18557.9
2328 17844.9 16064.5 17498.4 17618.4 16316.6
2334 17929.6 19485.4 18124.6 15594.1 18885
2340 17227.8 16439.7 16086.6 18468.8 19463.5
2346 18743.8 15872.6 18408.2 19254.5 18300.9
2352 19596.1 20525.1 16923.1 18564.2 16757.1
2358 18541.4 18301.5 17509.7 17641.6 17344
2364 18382.3 17567.4 17969.2 17340.2 19214.3
2370 16605.3 19459.8 18100.3 18818.1 17302.5
2376 19540.7 16684 18549.9 16321.7 20212.2
2382 18996.9 19352.4 17073.5 17120.8 19768
2388 22171.1 17458.7 20056.1 18375.1 17902.7
2394 20124 17329.4 19911.2 19598.3 20768.3
2400 18892.3 20117.3 18437.5 18458.5 18377.7
2406 18112.5 17354.8 17006.7 20775.5 18042.7
2412 20114.9 17669.2 18369.5 19277.2 20544.2
2418 20043.3 18767.2 17019.5 17398.7 19928.1
2424 18879.1 19999.3 17588.5 17674.1 18199.6
2430 17402.6 18100.8 18239.4 19126.9 17479.4
2436 18261.4 18285.6 18852 17315 18104.7
2442 19171.1 18677.6 19051.7 19597.3 18992.3
2448 16328.4 19902.6 17986 17242.7 18469.6
2454 16501.2 18079.6 20346.7 18068.4 18440.5
2460 17901.5 19197 20524.9 19351.9 20032.3
2466 16821.7 18228 20011.6 20632.4 16632.8
2472 18836.1 16674.5 17600.9 17890.5 16815.8
2478 18483.3 16792.6 19339.1 16866.5 18995.5
2484 16572.6 19796.7 19633.1 18354.9 18642.9
2490 22350.9 17833.6 17048.6 18281.1 17913.7
2496 16838 17893 16588.4 18644.7 17682.6
2502 17715.3 19691.5 16756.2 20003.6 16054.2
2508 18546.3 18257.7 18383.9 17161 18255.2
2514 20033.5 19198.4 17002.9 18920.5 16554.9
2520 18429.9 20018.6 15908.5 20527.9 17843.7
2526 19039.1 18886.2 17265.6 18872.1 18619.8
2532 17714.5 17219.9 18365.8 16651.7 19636.6
2538 17919.8 18504.1 19073.8 16855.6 18551.8
2544 16886.1 19439.8 19126.6 17421.9 19814.5
2550 17184.7 14994.6 16894.8 18442.9 20491.3
2556 18458.1 18779.1 17022.3 17039.8 20105.5
2562 19503.4 16489.3 18494.3 18954.7 19859.8
2568 18348.3 20410.3 18516.2 18357.6 15718.3
2574 19312.5 16971.4 18275.7 17347.1 18631.6
2580 18201.8 17414 17499 18258.9 16415.5
2586 16791.3 18282.7 17868.6 19150.6 19919.6
2592 15894.9 18624.7 20219.1 16597.9 19767.2
2598 18883.2 18126.3 17969.2 17217 19446.1
2604 18879.1 16179.4 15749.5 18934 18937.9
2610 18819.9 18067.6 18884.4 17863.1 17792.4
2616 19017 18477.6 17491.5 18158.9 18229.2
2622 18187 17294 16395.3 19335 17207.8
2628 17625.8 15839.8 17918.6 17492.8 18237.6
2634 17724.1 19429.4 18965.6 17567.3 17210.5
2640 16681.8 15777.1 18575.1 20239.9 19237.2
2646 18682.5 16777.5 18932.3 15776.6 18537.5
2652 18223.7 18202.3 16127.9 17098.5 18347.2
2658 15933.4 18193.6 16361 18017.7 18283.5
2664 19475.7 18649 17745.5 17207 17597.9
2670 18320.6 20116.2 17377.9 18704.9 17108.2
2676 18318.7 17630.8 15452.1 18668 16233.3
2682 15904.9 17459.5 16972.9 18060.4 16464.1
2688 18089.1 18210.8 17462.4 18642.9 18190.4
2694 18715.5 17474.5 16981.2 17860.6 17337.1
2700 17907.6 18082 17708.2 19098.9 17353.2
2706 17565.1 18266.2 17434.4 20007 19360.5
2712 17554.3 19474.1 16044.1 18524.4 17756.4
2718 17427 16587 18986.2 17736.2 19862.3
2724 18316.5 17539.5 18848.1 17726.4 17672.9
2730 16038.5 19289 17636.3 17381.3 17621.4
2736 17399.7 16500.5 19383.6 17502.3 19179
2742 17483.2 19036.6 19505.1 19065.5 17991.4
2748 18665.7 18449.1 16653.1 19070.7 18144.8
2754 19073.4 17574.5 18742.3 16895.5 19643.8
2760 16230.7 18344.1 18368.1 19454.3 16793.1
2766 18064.3 17490 17827.6 16821.1 17700.7
2772 17212.9 17339.1 19128.8 17891.8 18000
2778 16735.7 17134 18817.8 15964.2 17932.6
2784 16883.8 19127 17526 20678.6 19406.2
2790 17987.7 18050.1 16741.2 18872.4 19670.8
2796 19384 16797.9 17111.3 18242.4 19022.8
2802 16634.4 16372.8 17435.2 18423.7 18144.6
2808 17847.3 17944.9 17490.1 18264.5 15968.7
2814 16752.8 17292 17478.1 16354.9 16317.3
2820 18400 19980.6 17366.7 17159.5 16347.9
2826 17479.3 16915.7 16323.1 18938.8 14756.7
2832 17217.3 20299.6 17501.6 20955.5 15987
2838 18177.1 17833.5 17741.8 17025.4 17515.3
2844 15833.9 16960.4 17390.6 16643.3 18471.5
2850 18001.1 18502.5 16563.2 17427.1 18912.8
2856 17962.5 18900.6 18517.5 17328.7 15628.8
2862 16042.9 16452.5 16932.3 18206.1 19123.2
2868 17785.1 17895.8 16299.8 16560.3 15427.9
2874 19330.5 16132.3 14890.1 16594.9 14261.8
2880 17570.6 16136.4 17056.4 17383.8 18254.3
2886 18146.9 16267.1 17236.3 15377.2 16985.5
2892 17487.1 17199.4 17190.4 16572.7 16521.5
2898 15302.1 17795 16699.3 17100.6 16988.6
2904 18236.9 18436.5 16001.4 16836 17791.1
2910 17921.6 15304.9 16293.5 18970.5 15546.1
2916 17876.3 17191.4 15654.8 16448.6 16194.4
2922 16192.6 15838.6 18078.8 16738.5 18113.4
2928 18951.7 17129.7 16855 17859.1 17917.2
2934 20216.8 18114.5 18780 19188.6 18754.9
2940 19330.1 18332.3 18340.5 17722.8 16942.1
2946 20309.3 20058 20284.5 19614.1 19263
2952 16047.8 18049.6 17763.5 18426.6 19281.6
2958 16870.2 17459.8 18221 18861.1 18263.2
2964 19630.4 15963.4 18588.7 18356.6 20077.9
2970 19023.3 18367.8 16192.8 18339.4 19805
2976 19781 19542.5 18725.8 18778.6 19964.7
2982 16790.1 16283.7 17262.6 19205.7 18751
2988 18897.7 15751 16876.2 18277.4 18819.7
2994 19131.6 17473.2 19104.7 19649.5 16661.4
3000 18548.6 19359.4 17486.1 18616.5 19176.4
3006 16148.7 21105 18822.4 16426.9 19213.2
3012 17290.5 18896.7 18026.6 18142.4 18433.3
3018 17307.3 17319.6 18920.9 15919.6 19404.3
3024 16549.3 20004.1 16312 16927.5 17994
3030 17949.7 16494 18746.9 18512.2 17320.9
3036 17468.8 17397 19897 20160 18755.2
3042 18108.2 16428.9 16548.6 19827.6 16547.7
3048 19952.2 17483.4 18555 16998.8 15782.7
3054 18430.8 17088.4 20165.9 18627 17688
3060 22077.4 18490.3 20339 19489.5 19818
3066 17549.3 16993.6 17300.9 17538.1 18590.7
3072 17446.4 19789 20643.1 17636.8 17254.3
3078 19412 16648.1 19553.8 17017.5 17025.8
3084 19154.5 17555.6 19050 16776.7 19762.3
3090 16259.8 18326.3 16264.6 17018.8 18866.7
3096 18018.2 19005.9 19971.9 18646.4 18464.9
3102 18185.4 16937.7 17030 19175.6 19099.8
3108 18361.3 17155.9 19870.7 17973.7 16770.1
3114 18058.7 17983.3 20632.1 21857 18503.4
3120 18814.8 20237.5 17984.3 17988.6 18649.3
3126 20070.9 18140.5 18091.6 20307.1 18988
3132 18035 17135.9 18114.7 16688.2 16697.3
3138 17904.9 18695.2 18195.8 18815.3 17325.4
3144 17460.6 17480.5 17894.8 16817.9 17369.6
3150 18068.1 17154.9 21110.6 17889.2 17883.4
3156 15879.1 16928.2 18330.8 16880 16106.3
3162 15541.2 17394 18266.6 17857.8 16890.3
3168 17941.5 16905.5 18318.3 18429.2 17812.4
3174 18282.2 17356.4 18562.7 16707.9 19180.6
3180 17729.8 17840.1 18561.2 18209.9 17223.7
3186 19578.4 17335.7 17450.6 18427.7 17567.8
3192 18868.9 17247.7 18785.3 17869.8 18094.9
3198 17619.3 19461.3 16238.9 17811.2 17328.1
3204 17472.3 16267.2 17250.4 18134.5 18133
3210 16691.9 19160.6 18293.4 16480.3 18113.9
3216 17620.5 16613.2 18543.9 20560.2 20301.6
3222 18189.4 20154.4 16744.6 20041.6 18508.4
3228 17325.4 18708.3 20222.2 17619.5 18872.7
3234 17053.8 16666.5 17357 19653.7 16602.1
3240 17093.4 19580.5 18213.7 20038 18116.3
3246 19401 17001.5 20537.3 18331.6 19799
3252 18631.4 18412.6 18379.7 18658.5 18118.6
3258 16584.9 18964.3 17926.1 18317.7 18773.7
3264 18227.6 17219.6 18423.6 19751.8 17754.4
3270 17897.6 19015.4 20615.6 18204.5 17666.3
3276 19158.1 16637.2 19047 18871.8 18993.3
3282 21990.1 18781.9 17191.2 17637.3 17122.4
3288 19347 18288.5 19239.8 18431.1 18736.4
3294 17171.3 16651.6 19966 17643.5 18549.1
3300 19758.6 20493.3 18209.8 17915.5 18700.3
3306 19253.4 17451.4 20078.7 17264.1 17446.6
3312 20161.6 19664.2 18909.5 15680 17505.5
3318 18045.4 17827.5 18573.1 21103.8 20512.1
3324 18747.8 17799.6 19703.8 18934.4 16426
3330 20258.6 20674.9 18728.1 18905.9 18997
3336 18951.6 17520.7 18914.5 18191.2 19128.1
3342 16892.8 17730.7 17823.2 18199.8 17708.8
3348 16850.2 18080.8 17320.7 17049.3 17887.5
3354 17372.7 17700.8 17099 19860.1 17070.5
3360 17260.8 15991.5 17714.9 20807.6 18410.2
3366 16987.2 19019.5 17508.9 19896.1 19625.1
3372 19028.7 15575.2 17725.1 18403.3 18180.5
3378 16674.1 16822 18256.3 16230.9 17058.1
3384 17324.4 19661.2 17489.3 17328.1 17959.9
3390 17354 17251.6 18060.5 19935 16838.7
3396 18883.3 18225.9 17847.8 16945.8 17433.7
3402 16995.1 18866.7 20376.5 17695 18290.6
3408 16649 18830.3 17956.1 18645.9 18280.7
3414 19235.1 17236 18513.2 18810.6 17817.5
3420 20419.8 20005.6 17780.3 18513.4 20821.1
3426 18057.9 17637.5 18945.9 17986.5 20485.3
3432 19137 19582.5 17873.1 18172 17975.4
3438 17042.8 19030 17700.3 17890.7 15754
3444 16826.9 17920.1 19663.9 21143.8 21922.9
3450 16844.7 17335.1 17749.1 19531.4 18967.4
3456 20967.9 19281.1 19908 18893.2 17023.6
3462 19109.8 18751.3 15815.6 19396.9 18756.4
3468 16927.7 17331.6 19151 16696.5 19912.8
3474 16982.3 19126.5 17388.7 19937.2 18672.9
3480 18676.5 18095.6 17888.4 17534.9 15757.4
3486 18064.4 18562.7 17291.4 19080.5 18434.1
3492 17181.8 18864.8 15909.7 18136.2 18183.8
3498 20834.3 17567.3 17589.2 19836.8 16394.3
3504 16907.2 17807.1 16370.4 16388.8 16205.9
3510 17644.3 18538.1 17219 20366.2 17950
3516 17876.7 17676.8 18674.9 17319.3 18528.9
3522 18208.1 18150.2 16994.4 18329 18730.1
3528 17509.6 18083.4 17393.2 19081.5 17404.8
3534 17160.8 16952.4 16920.6 17961.1 16815.4
3540 17558.1 16903.4 17923.5 16770.8 16620.5
3546 17306.2 18216.8 16645.9 16069.7 17440.8
3552 16890 16804.1 17117.8 17732.6 17890.9
3558 16956.2 19205.3 17074.7 17327 17745.9
3564 17926 19335.8 16176.4 16614.1 16643.2
3570 20378.9 17941.1 19462.4 17667 18768.3
3576 17554.7 16046.1 17522.2 18765.2 17845.8
3582 18318.5 19313.9 20823.7 17070.4 17039.2
3588 18356.1 19422.9 16570.6 18421.2 18608
3594 17913.5 17891.9 17626.3 16357.7 16965.1
3600 18661.4 18021.1 18403.4 17288 18006.6
3606 17324.7 19227.2 18405.4 18132.3 17344.8
3612 15860.2 17348.3 17123.6 15664.4 17250.9
3618 17271.3 18345.1 16891.6 18463.3 16803.7
3624 19066.2 15454.7 16931.5 14596 17893.1
3630 17389.2 19012.8 17189.1 16284.5 16854.8
3636 17011.3 20952.9 19339.6 19461.4 18574.3
3642 18398.8 16774.1 16478.4 18143.1 18671.6
3648 16851.7 20705.5 19185.8 18343.7 17257.3
3654 18010.9 19019.5 19633.7 16694 18753.9
3660 18586.6 16178.4 18472.7 18217.3 18065.4
3666 18157.7 18282.9 18540.9 17316.8 17934.5
3672 16402.1 17682.1 19223.8 16405.8 16110.2
3678 18088.5 17572.4 17113.3 16988.1 18221.7
3684 17224.2 17207.3 19077.5 19340.1 20418.1
3690 18613.7 18858.2 17891.5 17198.5 17542.1
3696 17587.7 17503.7 19242.7 19311.5 16980.4
3702 17507.3 17984.3 17569.1 17108.3 18228.1
3708 18678.5 16927.6 16913.1 17456.6 19011.2
0 23492.8 22535.3 22210.5 20661.4 22449.6
6 20469.8 23816.3 19364.7 21511.9 19673.5
12 21882 19816.6 23905.7 20473.1 21222.4
18 18561.1 21554.7 23317.8 21991.6 22034.5
24 20132.8 21780.7 21158.8 22620 22461.6
30 20932.4 19394.5 22289.9 23742.7 22770.4
36 21925.2 19889.4 21767.3 21750.6 21441
42 21733.2 22869.7 22139.1 21366.8 18940.7
48 21674.9 23852.6 23837.2 20921.5 21266.9
54 20759.9 23486.5 21793 20555.4 22369.2
60 17749.3 19702.3 20776 21657.9 21916.5
66 21182.8 19266.1 18270.2 19575.7 21491.1
72 21458 17240.9 17765.9 18126 18212.5
78 17171 19198 17967 20159.1 18988.7
84 20277.7 17645.3 18979.9 19553.3 18783.1
90 19516.6 17199.3 18275.8 21333.7 20466.1
96 18561.2 17770.4 19135.2 17158 17251
102 19173.5 18797.4 19419.7 19837.9 18658.2
108 18662.5 16697.5 18780.5 19481.2 20174.6
114 19053.4 18368.8 18838.1 17152 17755.9
120 17869 18771.5 16482.4 18011.8 17843.1
126 18133 18166.8 18502.8 19771.9 16568.2
132 19432.2 18832.3 16112.3 19788 15956.1
138 17894.6 18638.3 20601.8 18733.5 17174.9
144 20773.6 17846.5 17151.8 17955.6 19206.8
150 17038.4 17580.5 16498.9 18263.7 20160.3
156 18124.4 18505.6 16731.3 17805.9 17526
162 16944.6 17923.3 19564.3 17191.3 16972.4
168 17574.1 19709.1 17971.7 17818.4 19773.8
174 17772 19736 17144 19296 19807.3
180 16633.5 19347.3 18802 17158 17945.7
186 19333.2 18160.2 18371.7 20735.3 17393.9
192 18500.8 19584.3 18106.8 17690.1 17066.2
198 17141.7 17313.3 17355.3 17604.5 17770.2
204 17099.1 19150.2 19457.1 19175.1 19730.9
210 17885.1 17320.1 20349 18077.3 19246.8
216 19532 17384.5 17401.1 17632.6 17143.8
222 18837.6 16634.8 17998.7 17517.7 18943.7
228 17984.9 17494.8 17833.3 18621 19374
234 16837.6 17811.6 17227.5 18195 17245.4
240 17500.3 18435.8 17391.7 17850.9 17185.7
246 17144.5 18305.5 17105.9 16885.6 19438.5
252 16269.7 18351.7 17424.3 18277.1 17327
258 18443.2 16646.9 17729.3 17790.5 17338.8
264 18516.8 18417 19871.8 20261 19131.7
270 17100.7 21201.2 18043.8 20422.4 19550.8
276 19114.5 19075.5 17771.2 19299.9 19093.7
282 19855.5 18252 17698.5 17402 17185.9
288 19806 21686.8 20320.3 18094.7 20477.9
294 19818.2 18984 17289 18078.8 20297.2
300 17829.8 18959.8 19914.2 18575 20051.4
306 16943.1 19163.6 18885.7 17785.5 19930.9
312 19110.4 18305.7 19394.6 19214.3 18111.9
318 17240.3 16370.1 20909.9 17413.9 18354.3
324 17614.7 18051.1 17532.6 18328.9 19956.4
330 19058.8 18130.8 17224.4 18132 19277.5
336 17800.6 18217.3 20612 21440.4 17924.7
342 17271.8 17146.1 19252.7 16917.6 18654.1
348 17572.4 18037.6 18366.9 18946.7 16195.1
354 17950.4 17609 17961.9 20422.3 18640.3
360 19386.6 18070.9 19793.5 16162.8 16709.2
366 18318.8 17119.5 17398.1 16812.3 17516.2
372 17854.3 17242.4 17220.6 15370.1 19831.7
378 18638.1 18355.9 19198.6 16876.4 19684.5
384 17820.2 18364.8 16465.4 18974.6 18272.9
390 18091.8 17412.4 19812.6 17192.4 17494.1
396 19103.8 17856.1 18491.4 17611.1 20980.1
402 18276.3 15787.7 18973.9 17068.6 18699.7
408 17963.5 18585.9 17342.7 17528.3 18148.7
414 18327 17701.6 18023.8 19090.8 18408.1
420 19448.2 18076.3 17332.3 16721.7 17161.2
426 18432.9 16324.4 18691.1 17912.2 18970.8
432 19349.2 18236.9 17626.6 18153.5 16999.2
438 19228.4 18464.9 18597.4 18268.6 15887.8
444 16315.5 17479 16682.3 18351.2 16647.9
450 17335.3 20773 18977.2 18225.9 16588.5
456 20121.4 17415 17270.6 17358.4 17283.3
462 19593.6 16731.2 19610.7 17166.1 16712.2
468 18127.5 17910.9 17199.8 17511.9 17994.6
474 16547.7 18707.3 17622 17857.1 17379.6
480 16906.2 20220.2 18381.2 18716.8 17311.4
486 17065.1 18628.3 18389.6 17778.6 17037.8
492 17110.6 16751.5 18307.9 17610.1 17218.6
498 15705.3 17588.8 18674.9 17913.1 17103.3
504 16876.7 19704.3 18288.1 18539 19006
510 17848.3 17933.4 18744.2 16478.3 18078.7
516 16919.5 17649.8 19217.9 17717.5 17738.3
522 18184.7 17078.4 19136.8 19217.2 17693.4
528 17636.2 18554.5 19010.3 18187.1 17515.4
534 18757.5 18411.8 16701.8 18934 16417.5
540 18155.6 19670 18111.9 16335.8 18082.4
546 15461.7 17705.7 20278.8 16584.2 18973.7
552 16091.7 17057.9 18099.3 18107.6 16905.1
558 18516.6 17304.4 17320.2 18500.9 17945.1
564 17587 17097.2 18956.3 16231.3 17767.4
570 19134 17956.2 15880.8 17892.3 16612.8
576 16348.7 17977.5 19376.9 17636.2 18049.7
582 18039 17586.8 16493.7 18972.3 18023.7
588 17880.8 17174.5 15648.2 18562 17536.5
594 18374.1 17661.5 16973.4 16700 17561.1
600 18331.6 19685.3 17878.6 18777.2 15946.5
606 17941.2 17365.3 18761.5 15251.8 16609.9
612 15894.2 18607.4 17993.6 17928.9 15706.8
618 16493.4 17650.3 15745.3 17914.9 18490.9
624 17826.2 17956.5 16784.8 19280.5 16065.5
630 16878.2 16183.5 17410 16776.2 20655.9
636 17858.8 17231.9 18582.8 15862.5 17191
642 16076.2 15953.7 16151.9 16967.5 17438.2
648 16841 17981.4 16568.1 15990.4 17227.1
654 16950.8 16628.5 17219.3 18019.3 16374
660 15933.1 17052.2 17077.2 18381.9 18414
666 20408.1 16405.6 18589.2 15913.3 17065.5
672 20667.3 17074.1 19937.6 17585.7 16694.7
678 18967.1 18192.2 17733.2 14889.7 18508.2
684 16595.5 16045.5 17513 19004.8 17464.2
690 17427.2 18882.8 20033.1 21413.3 16843.6
696 18549.2 17957.8 17049.9 19960.5 16865.5
702 19510.2 18128.2 19702.7 18109.8 17445.3
708 17640.1 18023.1 17166.9 16393.9 19488.9
714 16597.3 17108 18977.3 17918 16126.1
720 19331.2 18753.5 15844.1 17358.7 18041.3
726 17217.3 16972.2 16687.7 18236.7 18918.1
732 18704.9 16824.5 16892.1 16156.7 17475
738 17033.3 19465.4 17871 18358.8 17935.6
744 17149.4 19430 17936.5 18443.6 18550.3
750 18030.6 17810.1 16223.7 18938.5 17955.7
756 17704.2 18737.1 17882.8 18882.5 17328.9
762 17274.2 14814.9 18389.6 16759.5 19316.4
768 18198.9 17669.3 16484.2 16817.8 16798.4
774 17718.2 15826.2 18161.9 17196.4 16773.1
780 16899 17574.2 17260 16523.4 17425.5
786 18018.4 20163.2 18421.7 17221.7 16084
792 16663.7 16794.6 18434.1 18192.1 16940.9
798 17399.2 17249.5 16987.1 17783 17391.1
804 17431.7 17620.7 15829.4 20041.7 18410.4
810 17184.7 17337.7 18103.9 19834.2 17648.2
816 15712.7 17809 17778.7 16640 17421.5
822 18357.4 18672.2 17508.9 17079.6 17963.9
828 15891.9 19802.1 17579.1 17220.2 17455
834 19020 17068.7 17142.7 16193.9 19247.1
840 18474.9 18545.7 20163.8 15871.7 18290.4
846 19667.6 16003.4 17968.8 21020.1 16911.9
852 18127.1 18244.6 19571.6 17327.4 19302.8
858 16193.9 19892 17552.9 18342 18674.6
864 18472 18497.2 17742.7 17591.3 17402.3
870 16641.8 18045 18338.3 18922.9 19749
876 17817.6 17365.8 19394.1 19296.3 17023.5
882 16971.9 18915.4 17477.3 16939.7 18363.7
888 18294.8 17491.9 18698.8 20271.7 17269.4
894 17758.7 18837.3 19451.7 18261 18188.2
900 19028.8 18268.5 18578.2 19330.6 16047.5
906 17418.2 19081.2 17909.7 17626.5 17020.2
912 16458.2 16727.7 17332.6 18070.9 20043.3
918 17189.7 20251.6 18437.8 18911.6 17974.4
924 17979.2 15817 20118.3 20293.4 18515.3
930 19343.9 16168.4 15601.7 18056.3 17966.8
936 17542.1 18072.8 16177.3 17969.9 17717.3
942 20540.1 19392 18031.3 19428.8 17740.3
948 16398.5 20311.6 17550.2 17489.8 16745
954 18718.7 17695.7 16227.4 21379.3 18827.3
960 18138 16470.1 17603.9 17840.5 18171.1
966 18515.8 17617.7 17086.4 16807.6 18166.9
972 17722.4 19308.8 16740.8 19846.2 16980.8
978 16102.5 18842.9 18902.9 16441.3 17850.9
984 19142.1 19105.3 16512.2 16789.5 17194.3
990 18667.9 19655.7 18178.4 17515.9 18910.5
996 17686.3 16739.7 16689.8 17829.9 16072.3
1002 18369.4 20229.4 15941.5 19124.7 16737.5
1008 18760.1 19424.9 18265.6 16864.4 15870.6
1014 19680 18612.2 20340.7 17953.8 18166.3
1020 19333.5 17218.7 17566.9 17531.1 16450.7
1026 17232.6 18819.4 17152 18899.1 18797.9
1032 16307.7 16652.8 18661.5 16098.1 16556.4
1038 17005 17293.9 18290.3 17699.4 17615.2
1044 16582.8 18377.1 18653.2 18622.9 16141.5
1050 17554.5 17754.5 18556 17948.8 18509.4
1056 20787 19397.2 17994.9 16675.6 18575.1
1062 18545.6 19427.6 18932.3 16757.6 18414.2
1068 17716.2 19543.4 18876.9 17911.3 17113.8
1074 18120.8 17640.6 18073 18534.3 17579.7
1080 17995.3 16561.8 17488.1 17684.3 19942.4
1086 17139.3 17598.8 16139.2 19957.3 17545
1092 18724.8 18560.3 16484.9 18191.9 18548.1
1098 18438.2 19367.9 18127.7 19684.1 19813.7
1104 18341 18556.1 19273.1 19255.8 18327.8
1110 18407.5 17489.9 18572.2 18347.1 17420.2
1116 19098.7 18269.1 18037.6 19297.7 18559.7
1122 18776 18968.8 17037.8 18433.6 18783.4
1128 16805.4 18429.7 17868.3 19986.7 18171.2
1134 16305.8 17815.1 19722.4 18163.4 18742.5
1140 18844.3 16592.7 19693.7 18454.1 17362.8
1146 18389.4 18995.3 18178.5 17435.5 19037.9
1152 17147.5 20069.2 18793.7 16694.6 17878.4
1158 20836.1 19056.1 18355.1 18287.8 18498.1
1164 17781.4 18912.9 18997.1 18657.5 18650.8
1170 17659.5 18931.1 18089.2 18316.8 18724.9
1176 17980.1 16467.8 18274.5 19977.7 18582.4
1182 20261.7 19506.1 19220.2 18935.2 17070.5
1188 19790.7 17332.4 17867.9 18689.4 16706.4
1194 17851.9 17056.4 20060 17165.5 18136.8
1200 17265.2 19828.3 19143.7 17997.2 19031.1
1206 17471.5 18828.3 16429.8 16188.3 18878.1
1212 16571.9 19700.7 18539.3 18766.8 16459.8
1218 17280.3 18311 16737.8 16415.8 17782.7
1224 17543.6 17753.5 19084.2 18436.1 20562.3
1230 19282.2 15729.1 20678.9 18977.3 18741.6
1236 16992.8 19013.2 18222.8 20223.9 17766.6
1242 16735.9 19991.6 15741.7 16669.9 19903.8
1248 18668.6 18264.4 16233.8 18543.1 18896.9
1254 16660.7 16968.6 19350.9 16609.4 18558.3
1260 17165.8 17405.5 17103.7 17497.1 17378.5
1266 18526.8 18592.4 13781.3 17262 16981.2
1272 17177.6 17429.5 18577 19600.1 17760.7
1278 17002.7 16429.2 17263 16284.4 18236.4
1284 17002.2 17105.5 18134.9 17221.6 20374.1
1290 17917.8 19342.8 20333.7 17304.2 17504.7
1296 18582.3 15594.4 16253.1 18761.4 16496.7
1302 17062.3 18010.2 16579.1 15771.8 16154.8
1308 16281.3 16495.5 18020.9 20046 18344
1314 18848.3 17244.8 17641 16510.8 16759.2
1320 17282.9 18314.1 16627.5 17220.6 18017.8
1326 18531.5 17568.3 19006.4 16990.7 18230.4
1332 16740.8 17152.8 16381 16600.1 18145
1338 17407.9 17208 18910.3 16286.2 16205.6
1344 17535.6 17419.1 15843 17576.9 17733.8
1350 16515.2 17944.9 18001.1 17229.3 18405.1
1356 17447.7 18474.1 16075.8 18469 16739.6
1362 18816 17289.4 18797.6 17279.4 18681.2
1368 16867.2 17586.9 19134.2 18606.5 14868.4
1374 16158.8 17771.7 16582.2 18144.7 18465.9
1380 20889.8 15665.7 16233.1 19450.8 18076.4
1386 16183.2 16463.6 17278.5 19157.4 17214.4
1392 16172.1 17237 15711.9 17281.4 17995.6
1398 16097.8 17267 17870.7 15221.1 16711.6
1404 16018.3 15964.4 16811.6 15717.2 15395.4
1410 15899 17770.9 17487.9 17346.6 17470.4
1416 15905.3 17823.9 15906.4 16201.1 17990.5
1422 17701.1 15829.9 16086.8 17371.1 16181.6
1428 17429.9 15844.7 16900.2 17059.4 17574.8
1434 18785.8 18243.4 18065.9 18727 16106.7
1440 17274 15568.3 15950.4 16547.1 17151.7
1446 19444.4 18415.1 18177.2 17855.1 16112.2
1452 18623.8 16635.6 18056.1 15819.1 18056.8
1458 16130 18203.7 17461.1 16143.5 16572.7
1464 17666.8 18308.9 17492 16125.5 17068.5
1470 15804.6 16738.1 17739.6 17918.4 21381
1476 17278.4 18954.9 18557.9 18098 18192.6
1482 17736 18354.7 19887.4 19138.1 18302.1
1488 16646.5 17646.6 17906.2 16709.1 15098.8
1494 17619.4 16930.1 17961.1 16072 17644.8
1500 17197.4 17819.9 16337.1 18343.4 16509.2
1506 16673.6 17746.6 17066.9 16111.4 18898
1512 18671.6 18851.6 19159.6 16684.4 17318.5
1518 16610.9 17150.6 15734.2 17137.1 16829.7
1524 16151.4 15055.4 14386.8 16668 16173.8
1530 17023.5 16923.8 17130 17494 17829.3
1536 16434.5 17834.1 17171.8 16810 17179.5
1542 18455.2 17897.2 16466.3 17152.4 16120.8
1548 19875.3 17456.3 15374.3 17472.2 17990.6
1554 15522.1 18550.2 17874 17703.6 19414.9
1560 16009.1 17849.9 17038.8 16945.2 15349.9
1566 17360.8 17641.1 19523.2 16834.4 18377
1572 18819 18063.6 16022.4 18894.1 16652.9
1578 17775.8 18845.6 16862 19014.1 19064.1
1584 19210.9 17580.2 18600.5 18386.5 14782.1
1590 17604.5 17392.8 16022.1 17166.3 17065.7
1596 17682.7 19866.3 18457.9 17825 16558.8
1602 16332 14690 17136.9 16516.6 16871.1
1608 17691.7 18448.2 17179.5 18020.3 18140.5
1614 19035.2 16926.6 17370.3 16904.9 16204.4
1620 17531.1 17177.6 15430.7 16705.2 17224.5
1626 16953.9 15165.7 17141.7 16361 18854.9
1632 16608.8 18060.4 17436.4 17910 16812.1
1638 17172 16251.5 17887.2 17038 17542.8
1644 17172 17748.6 16489.7 17484.5 16730
1650 16788.6 16475.4 17719.9 17678.2 16935.1
1656 19194.6 17343.7 17676.9 16606.2 16701.6
1662 17281.5 16283.3 15919.4 17778.5 16630.8
1668 17545.4 17620.7 18671 15321.9 20532.9
1674 17396.4 14890.8 17819.7 17072.6 19520.8
1680 20825.2 18227.3 16862.6 18046.2 19349
1686 16648 18205 17942.3 18848.9 18049.9
1692 17089 17097 16328.1 16724 17270.1
1698 17686 18398.4 18009.4 16281.8 19624.8
1704 17707.5 18063.3 18446.5 17687.8 14888.6
1710 15989 18058.7 15718.3 17799.2 17161.2
1716 17033.8 16236.3 18902.2 16153.5 17656.6
1722 14876.8 17222.3 18176.5 20517.4 17732
1728 16683.6 16387.5 18036.6 16107.7 17049.8
1734 16734.8 18176.6 16843.6 19138.6 17050
1740 16988.8 18635.4 17280.5 17480.4 16263.6
1746 18425.8 16361.9 18250.7 16748 18256.5
1752 18740.6 17866.1 18226.2 17279.1 17672.4
1758 15901 17976 18653.6 17238.9 19055.2
1764 18748.5 17941.4 17681.1 14429.2 18294.9
1770 19965.2 16703.4 19017.2 17461.4 17359.7
1776 17796.8 18990.7 19008.8 15275.4 17138.4
1782 16499 20435.4 16714.8 17500.4 15755.6
1788 16735.6 18979.9 18823.4 17007.2 17765.3
1794 16284.3 15293.9 17167.1 18285.9 16683.6
1800 16491.9 18164.6 17876.6 17474.6 18222.6
1806 18550.1 16634.4 17101.2 16551.2 17299.1
1812 17630.1 16760.7 16391.8 18242.6 17781.8
1818 15467.3 17183.5 17795.6 18434.3 18406.9
1824 16212 17061.5 17368.2 15113 17070.2
1830 18064.5 15805.6 17468.8 17305 16983.1
1836 16653.6 15477.5 19427.6 17461.6 18469
1842 17820 17048 17911.3 17336.9 18091.7
1848 16554.3 18258.4 16331.9 16233.9 19271
1854 16868 17417.4 15420.3 15722.1 16398.6
1860 15937 17346.3 16183.9 16569.5 19112.9
1866 17041 18558.5 20050.2 17211.1 17006.9
1872 16907.5 15045.5 16412.5 19035.5 17278.5
1878 17291.3 17201.4 16737.4 18233 18111.4
1884 16939 17837.1 17085.1 15181.6 15801.7
1890 17544.9 18609.6 16961.7 15722.8 17865.4
1896 17131.1 18145.4 18196 17375.1 16476
1902 18069 17158.7 17150.7 20746.5 17029.8
1908 18420.6 16455.8 18328.9 18911.9 17814.4
1914 16560.6 18219 19734.3 16934.2 17087.8
1920 18918.9 18136.6 18105.5 16231 18274
1926 17380.2 17733.7 18977.5 17369.9 17329.4
1932 16054.1 17466.9 15910.6 17870 17277
1938 17352 17154.2 18041.4 16818.8 17109
1944 16312 19720.4 17824.2 17642.5 16263.1
1950 19139.6 19929.8 18359.1 17504.2 18448.6
1956 18216.9 17535.6 18675 16714.4 15078.5
1962 19765.9 15667.1 15657.8 16811.3 19339.5
1968 17742.3 16828.3 17538.5 18259.7 16101.2
1974 19007.9 19287.3 16394.5 17925.2 16939
1980 18217.8 16864.7 17900.5 17011.5 16526.5
1986 18202.8 18455.7 15796.5 17503.9 18964.4
1992 16965.3 15649.6 19321 18750.1 18621.4
1998 17281.6 16865 18276.3 17360.4 17657.8
2004 15470.7 20547.6 16514.6 16310.7 18972.8
2010 16271.2 16615.6 18488.8 15899.1 16288.1
2016 17389.3 19366.1 17160.7 20797.5 19933.2
2022 16998.9 16826.3 18493.4 16451.9 18483.7
2028 18974.1 16970.2 17705.4 16584.7 16015.4
2034 16557.7 17209.8 16803.5 18410.2 17895.9
2040 19159.9 18630.1 17631.9 17171.7 16634.9
2046 15451.3 18491.3 18081.7 18158.4 16800.7
2052 17305.3 16133.5 18336.1 15384.1 17869.5
2058 18332.3 16751 17490.7 16621.6 16709.1
2064 17983.4 18913.3 16705.4 16167.4 18494.1
2070 18254.7 20100.9 20323.7 17593.3 16662.6
2076 18774.8 17700.8 16633.2 16535.1 17903.2
2082 17969.9 17433.1 16926.5 18749.1 16135.1
2088 19020.9 19357.3 18497.7 18245.8 16834.8
2094 16020.7 16826.3 18961.3 16992.9 19579.8
2100 16790.9 17681.6 17297.3 17577.8 17754
2106 15143 15957.8 18203.5 16634.9 17634.9
2112 16558.7 17546.8 17619.3 19029 18948.6
2118 18166.4 17379.2 17691.7 17630.2 17726
2124 16968.1 16688.9 17097.7 16959.7 19004.4
2130 16976.4 16982.9 16142.5 17559.6 18323.6
2136 16788.9 17881.1 20882.4 20214.6 17646.3
2142 18657.2 14858.2 17517.5 16712.4 18671.2
2148 17221.7 15910.1 17491.2 18700.3 19159.9
2154 18178.7 18061.4 17728.1 17203.5 19100.9
2160 18206.1 18014.9 15720.2 17632.2 18134.6
2166 17502.3 18427.8 18035.2 17364.8 20585.1
2172 18631.5 16305.5 17014.7 15464.2 16697.3
2178 17320.4 18104.7 17068.9 15645.5 18538.6
2184 17444.8 16669.1 17160.4 17370.1 20983.4
2190 18604.3 17605.4 16819.9 17068.8 17251
2196 18681.1 16932.5 17204.1 16039.5 16634.6
2202 18997 18111.9 17345.1 18083.5 18452.3
2208 19197 15791.6 18073.5 17695 16872.1
2214 18124.6 16440.5 18498.5 15250.2 16049.4
2220 17813.9 17675.4 17207.6 19065.7 17341.1
2226 17563.5 16266 18261.6 15900.3 15584.9
2232 18581.8 16894.5 17349.1 18026.5 16177.2
2238 18239.3 15652.4 16681.3 17851.6 16181.3
2244 17020.2 18601.3 15350.4 18024.5 15389.6
2250 16626.9 16110.4 16941.5 16076.8 17211.5
2256 17414.3 17172.1 17315.7 18976.8 17175.4
2262 17428 17455.6 16881.6 17617.6 16699.8
2268 18836.2 18166.1 18376.7 16442.4 18523.2
2274 18213.8 17108.7 17617 20052.3 17416.4
2280 17598.5 16572.1 17858.6 15651.6 15891.8
2286 18109.2 19232 20355.4 18721.3 19501.9
2292 16259.5 18670.2 18728.3 19254.4 17064
2298 18859.9 19692.3 18572.6 14830.6 17782.9
2304 18413 20389.9 16796.7 18775.8 17556.2
2310 18105.4 17987.1 15105 15906.7 16634.3
2316 19018.8 15344.9 18485.1 18968.9 19437.3
2322 16444.8 16672.6 15824.8 17517.9 19516.8
2328 18786.8 17600.8 14536.7 19782.7 17446.2
2334 19867.5 18309.9 18912.6 17361.8 17886.3
2340 15258.7 18598.6 16333.5 19094 18870.2
2346 16254.2 18360 18279.8 18526.9 20027.6
2352 16621.3 18266.3 15361.8 19411.2 16966
2358 17027.2 15700 16415 17259.4 16113.7
2364 17963.7 17011.1 17308.4 15624.2 17330.5
2370 18084.1 15837.6 17297.7 17249.5 17942.1
2376 16204.6 16080.5 18097.1 17511.8 16890.4
2382 20096.8 18237.9 15082.1 18296.3 18926
2388 16180 18974.1 18593 17688.2 15403.4
2394 15927.7 16934.7 17190.6 16817.4 17542.3
2400 17527.3 17166.7 18973.8 16094.8 17987.9
2406 16961 16520.7 17291.2 17962.4 18621
2412 17430.6 18194.3 15274.7 17820.7 16348.7
2418 19766.7 17514.9 16551.8 18511.7 17993.8
2424 18725.3 17763.5 16887.7 15065.7 18248.1
2430 17321.7 17247.4 17994.4 16622.6 16620.2
2436 17747.8 18669 18313.2 17255.9 17602.9
2442 15893.2 18668.9 19740.9 18931.2 18440.4
2448 17277.8 17802.4 17101.5 18127.7 16742.8
2454 18972.9 17967.5 16169.3 18801.7 16680.8
2460 17140.7 16368.1 19708.9 18106.7 20424.8
2466 18170.5 16828.1 17015.4 17572.2 16081.8
2472 19249.8 17760.8 19473.7 18614.4 18154.9
2478 18227 18922.5 17503.7 18108.8 16685.6
2484 19106.4 17373.6 18228.4 15852.2 16317.8
2490 19363.2 19441.9 16302.5 18963.7 17523.3
2496 15665.3 18212.1 19662.2 18116.3 16950.8
2502 17054.9 17107.4 17412 16182.7 19120.3
2508 17816.3 17972.2 17237.3 19377.6 16051.9
2514 17282.2 19595.1 18931.8 17784.9 18312.8
2520 17231.5 19040 17757 16547 19133.4
2526 17516.6 17776.8 15716.7 16912.6 17505.3
2532 16740.8 16693.8 18063.2 16846.9 18304.9
2538 17350.1 18084.5 17411 17101.6 18369.1
2544 18400.1 17887.5 17177.6 17210.6 17351.5
2550 16708.6 18822.9 17411.6 15862.1 17246.2
2556 17022.6 18348.9 18320.8 17669 16857.2
2562 17426.1 17248.4 17309.8 17677.7 16856.6
2568 17965.8 16305.9 17343.5 18246.4 17876.8
2574 17973.3 18471.6 18088.9 16462.5 19408.2
2580 18046.1 17276.6 16504.3 17791.2 17826.5
2586 17669.1 18355.5 18137.7 17105.7 19112.3
2592 20508.4 16924.7 16538.8 19111.2 16718.9
2598 17255.1 17509.5 16976.3 17190.4 16673.5
2604 18836.7 18355.5 16045.6 16738.3 18421.7
2610 15801.2 19275.7 17186.3 16041.7 17861.7
2616 14407.8 18508.6 18058.1 17051.8 16397.4
2622 17492.6 17185.6 18897.7 15553.7 18994.6
2628 17698.7 17745.3 18343.2 17218.4 15369.7
2634 18132.4 18313.1 17190.7 18240.7 17526
2640 18235.3 17746.5 17074 17550.6 16997.4
2646 17719.5 18864.6 17188.3 16742.8 17130.3
2652 18165.8 16294.8 18470.3 18520.5 16096.8
2658 17963.7 18498 17316.5 18945.5 17552.8
2664 17691.9 18059 17087.1 19078.9 16612.2
2670 18353.8 18616.6 18751.4 18631.9 16417.2
2676 16811.5 19757.9 20119.9 15468.7 17889.8
2682 19569.6 16485.5 19102 17824.4 17412
2688 16512.3 16921.3 17798.5 18206.7 17861.9
2694 20398.4 17643.9 16714.7 16191.2 20038.4
2700 17958.6 17858.5 19834.5 18998.6 20615.5
2706 17281.2 17565 19900.9 18443 16612.1
2712 18562.1 20076.2 20746 19786.4 16729.5
2718 18261.7 20042.9 19159.8 19253.3 19069.3
2724 19980.1 18731.1 19307.8 18222.7 20038.8
2730 18457.8 19766.8 17232.3 18581.5 18849.2
2736 17689.6 20741.5 19766.5 19793.4 18833.9
2742 18505.5 20416.1 17802.3 18919.3 18657.5
2748 18057.2 19053.2 17260.6 19638.7 19308.3
2754 19081.4 18904.9 18549.3 19048 18387.1
2760 18312.9 18164.3 18015.4 18026.3 19588.8
2766 20203.5 18488.4 17967.6 19580.1 18725
2772 20082.8 22658.6 16839.6 18080.2 18633
2778 17577.6 18226.1 16941.3 18041.8 19914
2784 18391.2 16643.5 19394.7 19032.3 17865.8
2790 16313.7 18278.2 16908 17580.9 17115.7
2796 17605.4 16764.7 18055.5 17785.9 18818.4
2802 18077.9 18598 16965 17676.7 18285.9
2808 17442.1 17593.8 16104.7 15432.8 18249.2
2814 18674.9 18012.4 17773.6 16712.7 18733.7
2820 16735.2 18437.6 15907.1 20159.1 17100.5
2826 17320.9 19556.3 16406.9 17574.1 20784.6
2832 18111.7 18835.8 19335.3 16846.1 17926.1
2838 18399 18343.4 17467.6 15887.9 16373
2844 18388.9 19119.7 17835.9 18971.3 17391.8
2850 19742.7 17255.2 16304.6 17977.8 17665.5
2856 18987.9 18789.7 16972.7 19246.4 17700.7
2862 18410.1 17405.8 18902.7 18762.8 19724.9
2868 16669 16682.2 18063.5 17557 16812.1
2874 17451.1 21098.1 17491.5 17739.4 17004.7
2880 19306.6 19455.6 16610.1 18427 17879.2
2886 17604.3 17732.6 18583.3 18076.5 20220.9
2892 19827.7 19621.7 17953.3 16162 15919.2
2898 18491.1 19101.7 18961.7 16709.1 17272.8
2904 17587.6 17889.3 18610 18805.4 15915.6
2910 18028.7 18648.4 17474.2 19365.8 17912.1
2916 18780.3 17058 19442.4 15866.6 16870.5
2922 17005 17018.4 17983.9 17771.4 19067.1
2928 16336.5 18621 18386.8 18557 19218.8
2934 16872.3 18574.6 18126.7 16960.2 20310.9
2940 18740.6 18228.4 17162.4 18859.7 16832.9
2946 17004.3 16790.3 15903.4 17508.9 18918.1
2952 16363.1 18407.3 17356.1 17938.6 17596.8
2958 17503.2 18179.8 18668.9 17932.7 16554.7
2964 15954.2 16573.4 19251 17188.1 17702.8
2970 17089.9 18735.7 17844.2 17266 18419.7
2976 18289.6 19017.6 17763.5 18448.9 18462.1
2982 18139.5 18390.4 17984 17569.6 18858.6
2988 17294.7 18387.3 18427.4 15182.2 17809.7
2994 18703.9 17815.6 17242 19361.1 18627.7
3000 18307.4 18960.5 18595.6 19312 18191.2
3006 17043 18472.6 18715.1 19345.3 16812.8
3012 17215.9 16177.5 19323.4 17501.6 17626.4
3018 18512.9 20518 17801.3 16436.4 18222.4
3024 17187 17746.1 18644.4 18413.5 18615.5
3030 18703.8 17936.1 20434.8 18161.3 17063.3
3036 16834.5 18217.2 17011.5 19039.6 19266.9
3042 18121.9 18625.5 16805.8 15958.3 18064.3
3048 18825.8 17388.3 19024 17110.3 18846.1
3054 19707.1 18866.3 15766.5 16719.9 18428.9
3060 18059.8 19145.5 16472.4 17291.5 18642.6
3066 17329.6 15124.8 17528.2 17874.1 15918.8
3072 18441.7 16578.2 18659.6 17560.6 18515.8
3078 18273 18686.5 17921.2 17839.4 19758
3084 17679.5 18772.3 18702.6 17195.1 15757.7
3090 17933.8 17755.4 19011.4 18026.1 16537.9
3096 17878.6 17029.2 16338.3 18182.7 20199.8
3102 17006.8 16084.1 18550.9 17781 15411.7
3108 17193.6 19660.3 15229.7 17372.5 19874.8
3114 15976.3 17530.9 17529.8 18177.7 17685.5
3120 17649.1 20647.4 15302.1 14151.1 18214.4
3126 17528.1 18467.6 18362.5 18573 16412
3132 16224.2 15946.1 15448.6 16376.8 18000
3138 16482.8 17484.8 17022.7 17909.6 15991.6
3144 16547.2 16855.1 15975.8 14314.6 17706
3150 16191 17477.5 15458.4 16086.9 15963.8
3156 16198.1 17475.1 15316.5 15969.2 17257.2
3162 17090.7 15098 15968.2 17544.9 18961.5
3168 17820.1 16799.7 16496.8 16378.7 15432.1
3174 19012.9 16368.2 15458.2 16653.5 16378.4
3180 16768 17101.6 17354.4 17757.5 18907.6
3186 18534.6 15168.7 16719.5 16206.8 20503.9
3192 19583.2 16904 19251.9 17012.5 16213.9
3198 16557.4 18378.5 13726.9 17040 17837.4
3204 17417.4 17712.3 18055.2 17840.7 18631.7
3210 16652.8 17038.1 16348.9 17632.2 19351.2
3216 17705.5 16551 15459.1 19432.8 16971.7
3222 17132.5 16557.6 16547.1 18224.1 17975.4
3228 18584.2 18428.9 17003.4 16001.1 15569.7
3234 15653.2 19354.8 18073.7 15744.5 16597.6
3240 18004.6 15715.5 19170.4 17737.4 17035.4
3246 17567.3 16784.5 18110.4 16795 16255.5
3252 16217.9 17390.6 14687.8 18714.7 17230
3258 17391.2 17505 16306.2 16537.7 18703.3
3264 17445.4 17544.1 16722 18755.9 17853.7
3270 18314.7 17536.1 18559.4 17033.5 17268.8
3276 16114.4 17847.9 18033.3 16508.1 17130
3282 17109.8 16041.1 17999.9 17868.3 16849.5
3288 15634.2 18459.7 17710.6 17724.2 16256.2
3294 17639.8 17414 18067.1 17261.8 18978.1
3300 18786.5 18052.6 18551.5 18934.3 16474.5
3306 18146 17524 19642.5 17818.6 17235.3
3312 17061.7 17786.5 15773.2 18077.3 16585.4
3318 16608.1 18789.8 16548 15654.7 17268.6
3324 16187.7 18859.3 16256.2 15831 17308.1
3330 16979.5 17076.1 17898.8 17704.3 17215.1
3336 18274.8 17625.9 15290.2 17161.7 18464.6
3342 18272.7 17036.9 17081.9 17777.9 17598.4
3348 16096.6 16943.1 18021.4 18009.2 15264.9
3354 19050.6 18191.7 18260 18370 18141.8
3360 19932.3 15867.6 16756.8 18086.2 17979.3
3366 20790.1 18034.2 17012 17063.3 18505.2
3372 17696.4 15618.2 16578.1 16133 18242.2
3378 20193.4 17035.5 18253.1 19810.7 19184.2
3384 17261.7 18531.3 15646.6 20128.4 17470.6
3390 17509.5 18352.9 18170.6 17773.4 18793.7
3396 18397.7 16269.9 17657.9 17278.6 19582
3402 17184.3 17367.8 18536.7 18662.7 17368.4
3408 19238.1 16563.9 18057.8 17818.7 16874.6
3414 17001.4 18106.3 17765.1 18660.2 19294.2
3420 15883.4 18346.6 17345.6 18166.8 17770.9
3426 17235.7 18771.6 17979.3 17166.7 18030.3
3432 17787.4 17323.6 19093.1 16622.8 17185.9
3438 17053.1 18974.7 17377.6 16157.4 16699.7
3444 18177.8 16770 16881.9 16902.3 18237.3
3450 15354.1 16751 17790.2 17197.4 17001
3456 18577.2 16460.7 19723.4 19016.9 16284.9
3462 17472 16697 18850.6 19129.9 19555
3468 15348.8 17589.6 18771.3 18402.1 20656.2
3474 17195.2 19265.4 18506.5 18057.7 16680.3
3480 16950.2 20937.1 18022.5 17075.3 18754
3486 18763.7 17365.6 18669.2 19223.8 18567.9
3492 17632.3 18827.4 17724.2 16938.2 17810.6
3498 17272.9 17823.3 17523.1 16520 18568.4
3504 16507.1 16656.5 17761.2 16526.8 18326
3510 17589.6 16084.7 15323.5 16165.8 16895.7
3516 17268.6 17491.1 17682.4 18518.3 16471.3
3522 15616.7 17085.3 18577.5 17578.3 18263.2
3528 16260.7 14833.1 20396.5 16447.9 19295.9
3534 17579.5 20562.3 15613.9 16043.9 16658.4
3540 16007.1 16977.2 17861.4 17840.5 17993.7
3546 17544.9 16511.6 18161 17210.3 18898.8
3552 16857.5 16898.6 17063.8 14637 18886.4
3558 16507.6 15910.3 17446.1 16804.2 18926.1
3564 18050.7 18906.8 15647.9 17106 17181.7
3570 18596.4 20596.8 18287.8 19184.9 16284.4
3576 18425.6 19038.5 16167.2 19183.5 16555.9
3582 18396.9 19006.3 17808.4 15765.2 15844.6
3588 20137.1 18811.2 15861.6 17687.7 17336.5
3594 18379.8 19089.2 18567.2 16850.2 17880.6
3600 17530.5 16316.3 17844.7 17041.7 15775.1
3606 16388.5 19014.6 17611.9 17695 16932.3
3612 19005.6 16027.8 18703.1 16874.3 17583.8
3618 19022.2 18747.1 18582.2 20112.7 16216
3624 18023.1 17481.7 18126 18211.3 17214.4
3630 18739.8 15092.9 17369.9 18109.5 18904.6
3636 17356.5 16256.5 16140.6 19889.1 18112.7
3642 19358 16912.7 17664.4 15710.4 19363.8
3648 15796.7 17571 18616.8 17788.7 18442.3
3654 18346.3 18275.5 16619 18804.5 18634.2
3660 16449 17772 17684.9 17576.8 18253.6
3666 18085.6 16672.9 17279 15686.7 18732.1
3672 16544.5 19781.8 17378.3 17517.4 16751.6
3678 18023 17079.5 17622.6 17483.5 17130.9
3684 17965.3 15309.2 17853.1 18470.3 16647.7
3690 16243.3 15851.7 16570.6 16815.2 18987.5
3696 17345 18165.5 15882.5 18009 17737.2
3702 15783.1 19141.2 17180.8 16158.2 18923.4
3708 19099.4 16564.6 17933.7 17967.5 16743
3714 17365 19450.5 14314 16462.9 17617.8
3720 17128.2 17130.6 18651.7 17045.4 19717
3726 17106.2 15461 17992.5 16619 18005.5
3732 17863.8 18370.1 16072.1 16119.7 18374.6
3738 17943.4 20344 17203.2 15870.7 16897.2
3744 18275.9 16556.2 20227.1 16781.1 17652.8
3750 20833.8 16953.4 17005.7 17050.5 18973.2
3756 17796.5 17423.1 18117.4 17860.7 16654.1
3762 17202.6 19379.1 17902.8 19623.3 17271
3768 17464.5 17047.2 16654.1 18213 16020.8
3774 18591.9 17963.8 16707 17866.5 17478.7
3780 17411.6 17654.1 18678.5 16976.6 14899.2
3786 15686.2 15373.1 19055.8 17143.6 19218.7
3792 16403.4 17902.6 17349.9 18018.9 16661.3
3798 17435.1 17741.9 18321.7 16782 18249.3
3804 16631 16654.7 18405.5 20070.7 17862.3
3810 17392 18825.3 17909.7 16454.7 17224
3816 16901.8 19405.3 20370.7 17849.5 18366
3822 16460.3 17836.4 18868.1 16978.5 18938.1
3828 16666.2 18913.3 17830.6 19681.7 16795.2
3834 17694.7 19534.7 16761.3 17821.5 17202.9
3840 16695.8 21184.7 18026.1 17388.4 17570.3
3846 16875.7 20105.5 18197.1 16995.7 16881.5
3852 18759.8 17187.2 15885.2 17865.6 19131.1
3858 17280.8 17529 16637.9 18160.7 16850.9
3864 16082.9 16206.7 18138.5 16020.7 16452.8
3870 16148.9 17983.3 17348.6 20144.1 16184.8
3876 16187.1 16536.8 15858.4 18945.5 19022.2
3882 19889.5 17221.1 18595.8 17210 17736.9
3888 17063 17810 17513.1 18566.6 19353.5
3894 17131.6 18480.2 16072.2 16007.1 16717.3
3900 16625.8 18124.9 17050.7 17038.3 18225.2
3906 19748.8 20234 17122.9 17410.7 18560.7
3912 15906.6 18749.4 18824.9 16767.2 17115.3
3918 17143.6 17443.6 17400.6 17494 15475.2
3924 19511.7 17431.7 16179.6 16745.2 16119.1
3930 18777.2 17212.8 17727.7 16752.8 16534.8
3936 17423.8 17718.4 16800.7 15800.2 15721.8
3942 16957.6 17844.8 19332.4 17376.1 17131.9
3948 18372.1 16575.4 14331.3 16587 16726
3954 17718.9 17155.4 16947.9 17202.2 17479.3
3960 15569.9 17333.4 17085.2 14941.3 16928.5
3966 18204.8 17031.6 17056.7 16193 16195
3972 15381.7 18070.9 18600.5 16514.9 15714.9
3978 15864.7 15249.4 18236.6 17906.4 16900.1
3984 15799.7 17726.3 17254.5 19240.7 17461.1
3990 16899.6 16328.2 17809.8 18122 14332.6
3996 18275.3 14032.3 16780 14948.1 16457.8
4002 17258.1 17684.6 18896 15834.9 16445.5
4008 17335 20300.6 15797.5 16202.3 16628.6
4014 17930.9 17280.2 17781.7 17618 13691.8
4020 16271.2 15866.6 18691.6 15900.5 17032.5
4026 17590.1 15455.2 16721.7 19613.7 18184.4
4032 16814.8 17737.2 15442.5 17752.1 16363.5
4038 16065.6 19164.8 16207.6 16970.6 15651.7
4044 16872 17000 16626.7 15856.8 18014.2
4050 20193.5 16030.3 16041.7 17008.6 19302.9
4056 17394.5 15375.3 16283.5 15443.9 17985
4062 16683.7 16859.1 16984.9 16959.6 19190.1
4068 17174.4 18038.8 17163.4 15921 17762.4
4074 17461.4 17562.8 16272.4 19134.4 16940.8
4080 17208.6 17520.7 17707.9 16789.9 16369.2
4086 17978.6 16353.4 17110.1 16312.6 16580.3
4092 15939.3 18596.4 17406.4 16463 16561.2
4098 16019.7 17455.2 15887 15879.4 16933
4104 19462.6 15847.1 18909.5 14652.9 19132.9
4110 17737.7 19747.3 17489.8 16930.8 14562.9
4116 18481.7 16355.1 18057.8 15983.5 17797.6
4122 17391.3 17280.6 16501.7 16997.6 17953
4128 18403.4 16854 16865.8 17030.9 17974.7
4134 17009.2 17446.2 15918.7 17644.2 17326.7
4140 17673.9 16513.8 19071.6 15900.5 18293.6
4146 18102.5 17971.1 17351.1 19848 18446.8
4152 15473.9 19436.2 15623.2 17267.8 17687.8
4158 20136 18764.6 17950.5 17224.8 15918.7
4164 18623.5 15707.6 16365.8 17453.9 15018.3
4170 18131.9 19473.7 16296.4 16884.3 17304.9
4176 17787.6 19703.6 19919.9 18153.4 17909.2
4182 17322.4 17769.6 16381.8 20775.9 17899.6
4188 18831.9 19311.8 17301.6 16432.5 16639.6
4194 16870.6 17671.4 15876.6 19322.2 17169.9
4200 17275.9 18455.2 16418.4 19887.9 18398.2
4206 18161.5 18054.9 18276.1 18476.7 16786.6
4212 17875.5 18494.7 18979.2 17406.5 17141.4
4218 17472.9 17293 18379.9 17640.7 18956.9
4224 19802.7 16960.5 19208.6 16172.6 17046.8
4230 19212.9 16227.8 16848.2 16807.3 16715.5
4236 17204.7 17863.6 17198.7 17860.4 14692.1
4242 16615.6 14866.5 16583.5 16889.1 18275.4
4248 19487.8 15540.5 18954.8 17861 19439.1
4254 16031 17518 16051.4 18638.6 18482.5
4260 16162.5 17925 16738.2 19019.9 15627.3
4266 17542.9 16227.4 19957.5 16903.3 16892.7
4272 15199.9 17452.3 18690.5 18924.6 17962.1
4278 15887.8 16021 18537.3 17575.1 16919.7
4284 17722.9 17445.2 16460.6 16678.5 16590
4290 17336.1 15320.6 18428.1 16534.6 19585.3
4296 16006.8 16187.9 17815.5 17739.6 17883.5
4302 15970.6 19378.3 19482.4 17737.5 16661.2
4308 15469.1 17327.9 17705.4 15408.7 16877.5
4314 17805.8 18532.2 17884.9 15605.7 15586.7
4320 18978.4 18110 16604.5 15822.2 19262.3
4326 14735.5 16107.3 17670.7 17034.3 14841
4332 17493.3 16627 15903.9 16858.4 16940.4
4338 16014.6 14889.5 17466.5 18020.7 14930
4344 17987.4 17821.7 15569.8 17115.1 16972.6
4350 16820.6 17586.4 17528.2 17901.8 19544.2
4356 16523.6 16612.6 18038.2 16958.3 16500.9
4362 17020.5 16057.5 15908.5 17690.3 16053.4
4368 19216.6 16193.2 16595.8 16473 16700.2
4374 16139.9 19910.5 18004.8 17586.3 17634.6
4380 16449.4 16947.8 16894 16779.7 16567.9
4386 18332.9 15677.9 16847.5 16481.7 16025.8
4392 17869.9 18943.3 15667.5 17186.7 17001.3
4398 19359.6 17060.9 17030.8 16224.5 17585.5
4404 17620.2 16114.2 18275.8 17558.2 14756.3
4410 17350.7 13010.9 16444.5 16130.9 17507
4416 15912.1 16737.8 14830.2 18462.1 15871.1
4422 16173.3 16483.4 17223.5 16558 17325.5
4428 16511.7 18301.1 16038.3 18057.2 17151
4434 17134.9 16149.4 15896.5 16406.3 15164.8
4440 16640.9 16795.8 18349.7 15769.1 15487.8
4446 18383.4 16546.9 16130.8 17770 17099.2
4452 16239.8 15466 15578.3 18364.1 17475.6
4458 18448.6 17265.7 17213.1 17635.4 16638.8
4464 17493.8 17975.8 17891 15311.4 17145.2
4470 16899.1 17734.6 17835.5 15199.7 17284.9
4476 17468.5 16893 17340.1 15078.3 19200.4
4482 17913.7 17019 17731.8 15376.3 15624.4
4488 15770.5 17291.4 18628.5 15536.2 17878.2
4494 17381.1 15373.7 16990.1 16724.1 16613
4500 17030.3 17159.3 16109.5 18321.7 15112.9
4506 15714.7 17082.9 17944.8 16551.6 16423
4512 17811.9 18152.5 18923.5 18299.8 15964.7
4518 16951.7 15948 15787.3 16909.6 16451.6
4524 16969.8 16450.8 17390.7 16150.4 16865.5
4530 18501.7 18327.5 17123.5 17134.6 16179.5
4536 17161.7 18684.3 17064.2 16205.5 15593.8
4542 16591.4 18943.5 16852.7 16828.7 15203.6
4548 18034.5 17354.1 18454.6 15760.1 15282.9
4554 15944.9 17420.8 16382.1 16987.2 16368.4
4560 15905.8 14929 18266.8 16165 16340.5
4566 16295.5 15987.1 15778.2 17408.3 18314.3
4572 16369.9 17340.2 16238.4 16377.4 15083.8
4578 17101.2 15907.6 16456.9 20071.4 15153.1
4584 15138.8 15047.2 16677.4 16645.6 16560.7
4590 16322.1 18177.6 18672.8 16645.8 16734.8
4596 17613.8 16694 17553.9 19270.3 19865.8
4602 17325.8 18235.8 15114 19029.6 16891
4608 16653.2 15868.6 19228.4 18031.3 17287.2
4614 18749.4 16008.1 17612.8 15757.8 17008.9
4620 16712.5 17088.3 18737.1 16308.7 16359.1
4626 17444.6 16572.4 16496.6 19254.1 18105
4632 18411.2 17087.4 17513.4 17672.9 16461
4638 17945 17910.1 17445.9 16785.5 18047.2
4644 19534.3 18468.1 18645.3 15332.7 14585.9
4650 17833 17100.2 16688.8 17209.7 17555.6
4656 17367.2 17007.1 16209.2 16848.3 17816.2
4662 17533.2 16883.1 16070.3 17198.3 16769.1
4668 17372 17122.8 17050.3 17026.5 16422.6
4674 16844.3 16580.1 17852.3 17280.4 19896
4680 16303.1 19627.4 16800.9 16456.8 16113.2
4686 17667.2 17158.9 16885.7 18223.9 16240.9
4692 16570.7 17142.6 15733.1 17080.5 18545.1
4698 16800.9 17851.9 18386.6 16782.2 17940.6
4704 14708.6 16521.3 17661.1 16464.3 16268.2
4710 15402.1 17583.1 17842.4 19883 15023.7
4716 19691.7 17687.5 19052.5 20719.7 18196.6
4722 17875.5 16150.8 18724.5 19614.7 20676.9
4728 15687.6 19146.4 16770.2 17973.7 15872.1
4734 17723.7 15755.6 15163.3 17779.4 16090.3
4740 17746.2 16699.7 17860.4 16997.3 16746.3
4746 16970.8 17521.1 17175.9 15863.1 16751.9
4752 20162.1 19678.4 15930.7 17220.8 17121.5
4758 15894.8 16549.7 18547.7 17582.9 17186.8
4764 17639.6 17940.5 17927.5 15875.3 16752.6
4770 16654.3 16686.1 17668.4 18545.2 18294.4
4776 16471.9 15256.4 16553.6 18850 16102.1
4782 17442.2 16703.5 19042.6 15286.5 17958.9
4788 16726.2 16090.5 19978.5 19361.2 17707.4
4794 18070 18535.8 19305.9 16873.5 18146.8
4800 16548.2 18180.8 18184.4 16583.6 15319.4
4806 17696.4 18693 16929.1 17487.5 17111.8
4812 16966.1 15582.7 17791.7 18876.4 17035.9
4818 16230.9 17111.2 17879.1 17957.6 18210.5
4824 18453 17391.3 16636.5 17602 15704.6
4830 17775.6 17586.6 16202 19597.2 16892.4
4836 15894.3 15744.1 15918.7 17289.2 16475.6
4842 16347.6 16446.2 15860 18450.4 17208
4848 15385.8 15390.8 17300.1 14727.8 16729.6
4854 17909.3 17438.7 18064.6 17355.5 16433.5
4860 17717.3 15573.3 18252 14804.8 16128.3
4866 19244.1 19236.7 18659.5 16906.9 17129.1
4872 18302.6 17540.1 16049.5 17215.2 18159.6
4878 18551.9 15589.1 17607 16866.8 18259.1
4884 18091.8 16748.4 17089.5 19832.2 18337.4
4890 17631.1 18338.7 18368 17909.3 18279.2
4896 17531.5 17073.8 17434.4 18889.8 17206.8
4902 17536.9 17810.1 18013.6 17056.7 20274.6
4908 17455.7 18488.8 17242.9 17541.6 19313.7
4914 19666.5 16559.1 18565 17129.8 18049.1
4920 16114.7 16702.7 16922.1 18916.9 19998.4
4926 17240.2 18743.4 20067.8 16218.1 17355.6
4932 18076.5 18748.2 18562.4 17684.5 18800.4
4938 18214 18614.3 16383.8 16811.7 20057.3
4944 16354.8 18555.2 17347.7 20148.1 16876.3
4950 17467.4 18974.7 18719.6 19301.3 19050.8
4956 17411.4 19375.4 18651.1 18640.5 19586.8
4962 19055.6 20506.5 19401.1 17392.1 19291.5
4968 18769 19049.5 18050.2 19383.7 18374.7
4974 17729.1 18544.9 17819.5 18888 18804.3
4980 19737 21406.6 15545.5 20275.2 18175.9
4986 19669.2 19525 17572.4 17066.8 18967.4
4992 17083.9 17007.8 18214.7 16123.5 21466.5
4998 17595.2 17129.1 18534.1 18824.3 18167.3
5004 18245.6 17826.8 17505.4 16095.6 19093.4
5010 14860.9 18004.5 17327.1 16848.1 17414.9
5016 17217 16928.6 17631.1 16697 16408.8
5022 17548.8 17784.7 16166.7 18343.8 16832.1
5028 15809.2 19099.8 18138.3 18860.1 16221.1
5034 16566 17359.2 15396.7 17961.2 18182.1
5040 15110.6 15350.3 16249 18724.8 17905.3
5046 18626.8 17427.8 16571.8 18373.9 16078.5
5052 17603 19174.2 16866.3 14969.7 16724.7
5058 18053.7 17514.1 16322.8 16792.5 18567.5
5064 16233.3 17736.6 16965 20068.3 16229.9
5070 17657.2 18461.3 18306.1 19010.4 16513.8
5076 18447.7 17665.8 16964.2 15783.5 17444.7
5082 17749.2 19401.8 17548.1 17802.7 16751.9
5088 17855.9 20001.8 18085.2 15848.5 15323.6
5094 17820.8 17876.2 18465 18557.1 16369.3
5100 16323 16881.7 17205.7 17611.1 18844
5106 19480.7 18143.8 18432.1 18275 15894.1
5112 16831.6 16604 18382.9 19493.6 17693.2
5118 17065 16918.3 17457.2 18202.2 16839.5
5124 16044.4 19026.4 19268.8 16097.4 19382.6
5130 17056.7 17481.7 16686.7 17071.8 16916.8
5136 18207.3 18017.2 15690.6 17684 20582.9
5142 18016 18278.3 17667.6 15894.7 17579.2
5148 16289.1 18240.7 19582.9 20294.6 17418.7
5154 19098.7 16985.7 19402.3 17088.7 17053.8
5160 18884.1 17908.7 16080.3 17921.5 17260.5
5166 17919.9 17829.7 19339.9 16996.2 16869.2
5172 19861.2 17158.4 19307 15874 17750.4
5178 15610.2 17669.7 17846.5 16155.7 18009.7
5184 18638.6 17220.4 17490.9 17921 16837.6
5190 17344.5 21689.9 19041.8 17554.7 17957.6
5196 17906 18352.3 16660.5 16528.1 18335.4
5202 19233.2 18311.3 18695.5 19397.3 17736.1
5208 19026.3 16442.3 16786.6 17730 18961
5214 17805.9 17703.6 17936.2 16707.3 17534
5220 17995.6 16524.9 17164.7 17001 17385
5226 17022.7 16773.6 17908.6 16909.8 17604.3
5232 17664.4 18341 18597.1 16592.3 18283.1
5238 16615 17710.9 19410.8 18781.5 18603.1
5244 15863.6 17849.5 17710.6 18602.8 16548.3
5250 16393.7 17967.1 17968.5 17073.8 16865.9
5256 17028.9 18181.9 17636.5 19163.7 18328.7
5262 19641.9 18714.4 17078.4 18104.2 18241.3
5268 16755.5 16816.3 17249.4 19391.6 17110.3
5274 17885.2 18712.2 18462.1 18633.3 17633
5280 19098 20471.2 19654 17593.4 17855.5
5286 16453.2 16503.3 18457.4 18180.1 19194.3
5292 17737.6 17611.5 18448.6 17470.3 19316.7
5298 19570.2 19694.4 17866 18929.5 17852.1
5304 18480.9 15002.2 17753.2 17916.7 18612.7
5310 16836.2 18060.5 17051.7 17511.8 17333
5316 18350.1 18985.5 18921.2 14767.7 18227.4
5322 16659.6 18303.2 16307.8 17618.3 18060.5
5328 17732.9 20574.6 17222.9 18122.7 17402.9
5334 17006.3 16608 17249.4 17203.1 18090.6
5340 16729.4 17373.3 20093.7 15651.7 17577.4
5346 16405.5 18017.3 16151.6 16672.6 18265.9
5352 18274.7 16791.8 17431.8 19435.7 17750.2
5358 17661.7 17552.3 18504 16688.8 17913.7
5364 17028.2 18970.3 18824.3 14867 16269.9
5370 16236.3 17645.3 17648.5 17346.9 17068
5376 16597.6 20434.2 18405.1 16222.3 18680
5382 16675.1 17718.3 17263.5 17360.8 17702.2
5388 16114.2 18647.5 18312.8 16236.6 18557.5
5394 18336.6 16397.5 18221 18704.9 16603
5400 18310.2 17381.6 16100.8 16140.7 18771.1
5406 18625.1 17941.9 18577.5 15748.8 17826.1
5412 18337.2 16486.5 17428.2 18291.9 17699.2
5418 16337.4 17495.5 17962 17848.8 17715
5424 16143.7 18463.8 18628.5 17084.2 16789
5430 17674.6 16191.5 19317.5 17218.1 16544.4
5436 16155.4 16779.5 16912.2 16543.8 17520.6
5442 15379.3 16869.1 17223.6 17003 16899
5448 16305.6 20568.1 17261.1 15760 17477.2
5454 16799.2 16293.6 17477.9 18792.9 18724.3
5460 16310.6 17313.5 17751.9 20222.7 15495.6
5466 17045.7 17747.2 18035.8 17224 18288.2
5472 16155.4 17011.8 18260.7 18159.5 16485.8
5478 17585.8 18644.2 17426.2 17116.9 19214
5484 17269.9 15244.3 18249.3 15980.6 17968.7
5490 18917.7 17353.4 18901.5 18402.9 20014.7
5496 20979.9 18564.9 17380.5 17665.7 16918.4
5502 17241 18671.9 16336.5 17882.3 19052
5508 18614.3 15131.6 17145.8 17741.7 17235.2
5514 18236 19221.1 18883.7 16150.6 18274.1
5520 16900.3 17472.5 15808.1 18016.3 18184
5526 19511.8 17113 17240.3 17527.9 17125.5
5532 17683.7 19190.3 18751.4 17986.6 18267.7
5538 18774.7 17669.3 16764.5 18272.8 18627.5
5544 15980.7 16906.6 18046.2 17208.7 17457.5
5550 17481.6 17158.2 17340.6 16356.4 18383.7
5556 15597.5 15052.7 15066.8 17088.3 16685.5
5562 17264 16633.7 18301.1 16792.6 15833.4
5568 16625.6 15057.9 18552 18522.3 16936.1
5574 18044.2 16294 19099.5 16172.2 16544.5
5580 15659 19248.5 17066.8 18402.1 17451
5586 19605.6 17708.5 15440.7 17650 16114.9
5592 16677.9 18352.4 17401.1 15883.8 16895.6
5598 16363.7 16814.3 16258.6 15912.9 20233.8
5604 16852.1 17652.5 16759 17035.2 16817.1
5610 16292.2 16696.1 15362.3 16959.1 16464
5616 16954.8 16624.5 16952.9 16380.1 17557.5
5622 15541.5 19105.2 16816.6 19497.4 17108.1
5628 19417.7 17659.8 16579.8 18636.4 17288.7
5634 17571.6 16194.9 16287.5 16688.5 16583.6
5640 16634.9 16522 19028.4 15766.6 15758.3
5646 18985.2 19806.3 17073.7 21514.1 15359.3
5652 16435 16142.8 17420 17327.9 18955.4
5658 20704.7 18982.1 17702.2 17731.2 17493.6
5664 18925.1 16361.2 18804.1 17603.8 17411.1
5670 17423.6 16355.7 17913.8 17364 16972.4
5676 18067.7 19881.3 16445.2 17523.9 16025
5682 16697.8 15359.8 16776.8 15894.4 16472.6
5688 15415.1 16160.3 16891.8 18284.7 17514.4
5694 15751.7 16345.9 16162.5 16612.9 17773.4
5700 18172.6 17616.3 16744.7 16876.9 15752.2
5706 15211.3 18073.4 16989.7 17606.1 15418.3
5712 15479.6 17024.4 19064.3 20595.1 17099.7
5718 16238.7 17885.7 17313.3 16018.1 17010.6
5724 17672.8 17956.6 16182.9 16222 16296.8
5730 17009.8 16209.6 17730.4 16550.2 18223.4
5736 14922.9 16391.9 17072 17461.8 18659.3
5742 17560.3 16484.3 18018.1 17793.1 18207.7
5748 15299.2 19172.8 16666.6 18383.5 17203.4
5754 15022.2 16814.2 16417.2 19611.7 17551.6
5760 16803.5 17462.9 16566 17597.8 17724.7
5766 18299.9 16783.2 17806.2 17024.1 17388.9
5772 16557.2 14583.1 18066.6 17925.8 19750.2
5778 17138.9 20552.6 17738.7 20309.9 16555.9
5784 18414.9 17320.7 19064.6 16798.4 17710.5
5790 15761.8 16894 17093.5 17899.6 16326
5796 16763.2 17127.3 18176.1 18176.2 17304.6
5802 18644.8 18481.2 16583.7 21011.5 18710.7
5808 17868.9 16793 16422.9 17616.9 17275.1
5814 17839.3 19368.2 16861 16577.7 16801.9
5820 18239.8 17470.6 16971.4 18687.3 16629.1
5826 17190.5 17403.4 17446.6 15005.8 16118.7
5832 19206.4 17862.6 18559.9 16803.3 17858.5
5838 19687.5 16091.9 18322.2 18393 16333.6
5844 18477.6 17022.6 17653.9 15442.7 16550.2
5850 17325.9 15587.3 17916.7 18471.4 15642.5
5856 16871.4 17750 19607.2 16956.4 17668.6
5862 16900.2 15909.1 17235.2 16465.3 16683.2
5868 16620.5 18728.6 18303.9 16625.3 16396
5874 16905.3 16363.4 15510 16414.3 17763.1
5880 18863.2 16761.8 16323.7 17448.9 16904.7
5886 16839.1 17100.8 17612.1 17610.6 17692.9
5892 16695.9 17639.9 18489.4 18017.3 17512.3
5898 18106.8 16854.3 17759.9 17041.4 19537.3
5904 16768.1 17468.3 15540.1 17913.8 17401.8
5910 17392.2 16225.3 17123.4 16228.1 18207.8
5916 16280.8 16270.6 17177.5 19248.6 19000.7
5922 16404.5 17447.8 17550.5 17301.4 17011.1
5928 18074.3 17291.3 18016.1 17001.6 17933.6
5934 16449.6 17026.3 16785.6 16688.7 16713.5
5940 16956.9 16807.5 17939.9 17670.4 19630.4
5946 17498.2 18977.4 17319.8 18293.9 18181.4
5952 16462.6 16537.1 17536.7 16713 16834.6
5958 18100.6 18399.3 18094.5 19006.5 16616.2
5964 19065.9 15129.1 18472.5 17195.5 19137.5
5970 18773.8 17966 19081.5 16779.9 19060.7
5976 15444.3 16671.4 17084.8 16873.9 18150.6
5982 17341.2 17231.9 16399.6 16826.1 18210.5
5988 17656.8 16809.9 18678.2 16911 18810
5994 16954.8 18178.8 19104 16972.9 18523.3
6000 16994.1 17478.8 16813.5 16376.7 18698.2
6006 17120.1 16752.9 19323.2 17233 18654.1
6012 20698.2 18155.6 18072.4 18402.2 17428.3
6018 15922.6 17708.3 19520 20321.8 18667.9
6024 19343.9 19246.2 16262.5 18335.5 18631.7
6030 19310.2 17597 18421.7 17778.6 17840.7
6036 17333.9 18000.3 18106 15538.1 18026.8
6042 17184.9 18700.4 21087.3 17381 18454.5
6048 16934.3 16233.5 18824.7 17985.5 17342.9
6054 16672.9 17778 15717.8 16107.6 17061.7
6060 17508.7 16934.1 18060.8 15882.5 17392.8
6066 14865.3 17336.2 17050.3 17190.8 16052.8
6072 20060 16764 16218.7 18549.4 16090.1
6078 18220.6 15381.3 16879.2 17230.5 14840.1
6084 16996.8 19704.6 16616.1 16015.7 17334.2
6090 18075.1 18038.3 15004.9 17098.9 19099.6
6096 16897.8 18811.4 18286 17206.8 18753
6102 17638.9 18479.9 17045.4 18723.8 21217.1
6108 15750.2 17879.2 19116.9 16058.3 18333.9
6114 17652.1 17491 20339.8 17470.4 19081.6
6120 18951.7 19080.4 17998.5 16936.2 18666.7
6126 15915.3 16744.5 16956.7 16588 18988.1
6132 16944.9 17983.1 16722.2 18153.7 17424.8
6138 17786.6 19647.2 18395 15842.1 18646.3
6144 15317.8 17494.5 18048.4 17568.2 18819.6
6150 18918 18613.1 16949.6 17318.9 17207.7
6156 18538.8 17724.7 17462.2 18461 17469.4
6162 20410.1 17819.2 16443.3 15547.2 16543.7
6168 18834.4 18241.9 17907.9 17855.8 16443.3
6174 17172.6 19183 16900.7 17675.5 18869.8
6180 16663.1 18150.2 17379.7 17056.4 17209.1
6186 21527.7 18892.7 18629.1 19561.7 16670.9
6192 18907 17124.6 16593.9 19367.1 19483.3
6198 18379.8 19742.7 19083.7 16604 18356.8
6204 15767.1 16681.7 19288.1 19068.5 17833.6
6210 19181 16616 17853.1 16326.8 17374.3
6216 18212.5 20477.5 17211.7 18286.4 16415.1
6222 19602.1 16773.8 18534.6 16680.9 19408.2
6228 18625.1 18711.9 18207.7 17827.8 17376.8
6234 16694.1 16995.3 17425.2 15477.6 18435.8
6240 18944.9 16952.8 18606.9 17191.5 18096.2
6246 16956.9 17524.3 17511.4 17308 17721.3
6252 17332.9 16631.8 17820.8 18845 17208.8
6258 18782.2 19304.5 16563.5 17028.8 18357.6
6264 19660.9 18029.7 17292.7 19190.1 17983.2
6270 18514.2 17840.9 18458.5 17573.8 19272.3
6276 18448.1 19537.9 17966.2 18307.4 17801.1
6282 16461.4 18238.4 18075.1 19743.1 16724.4
6288 19108.5 17433.5 18940.3 17496.5 16212.3
6294 18318.7 18404.5 18651.4 18571.9 18801.2
6300 18008.9 17846.9 16145.6 17006.3 19346
6306 18988.4 15632.3 17956.8 16277.2 19064.5
6312 16793.8 18261.6 17386.6 17238.8 17243.3
6318 19086.2 17900.7 17686.3 16742.5 17917.7
6324 16972.4 16663.9 17629.6 17815.7 19644
6330 17785.4 14677.5 18016.2 17796.5 18323.2
6336 18004.9 17557.3 17237.9 16719.4 16591.2
6342 17699.4 17496.6 17722.3 19220.1 20670.8
6348 17855.6 18424.9 19090.5 19713 20055.8
6354 17780 17876.3 18084 17896.7 16961.7
6360 21219.3 17084.2 18576.8 16822.5 17659.3
6366 19425.1 16616.2 18057.9 16664.5 16753.7
6372 17148.4 15818.7 18845.6 19334.6 18119.6
