278.871 299.931 271.504 225.292
212.373 594.922 172.309 344.396
475.898 468.539 192.119 314.184
91.6468 166.354 598.416 414.556
97.7359 157.456 565.162 429.16
48.0798 270.968 66.2308 24.1317
141.404 228.433 59.4163 40.128
658.913 583.958 396.774 460.756
634.318 612.829 390.697 423.977
656.694 558.111 562.905 670.038
558.201 0.419881 484.803 677.073
220.704 270.082 249.059 76.6595
240.825 281.514 239.905 102.63
282.787 229.8 557.607 595.319
192.119 314.184 579.327 601.036
117.862 112.98 101.869 635.099
91.5848 110.02 72.633 645.785
579.327 601.036 146.539 39.4232
101.869 635.099 192.407 20.4394
143.061 631.72 91.6468 166.354
172.309 344.396 97.7359 157.456
130.924 351.149 48.0798 270.968
135.638 325.841 56.02 243.066
216.701 466.482 690.966 134.579
303.838 21.0526 697.388 180.396
530.363 137.688 595.836 81.813
494.859 148.122 432.264 629.409
484.803 677.073 378.348 272.291
588.197 580.595 400.407 253.679
559.016 560.887 635.497 133.323
381.654 360.334 623.249 69.1893
400.407 253.679 649.731 62.3332
639.031 467.23 398.23 119.558
398.55 392.649 397.559 74.7588
471.101 314.222 70.2723 77.9227
282.304 426.838 91.5848 110.02
15.2146 143.044 608.426 222.542
53.4418 131.485 630.923 230.343
299.588 530.589 661.559 217.046
322.422 550.317 659.912 226.628
308.435 115.205 689.945 468.535
352.314 140.327 141.488 504.818
249.059 76.6595 112.748 529.418
239.905 102.63 396.127 539.465
192.407 20.4394 558.201 0.419881
283.005 376.444 500.257 64.9136
396.774 460.756 590.894 370.741
358.917 404.467 616.655 339.341
350.425 420.653 228.833 410.446
562.905 670.038 350.425 420.653
432.264 629.409 358.917 404.467
118.663 508.713 278.871 299.931
141.488 504.818 315.293 273.228
633.392 534.94 240.825 281.514
612.176 494.317 498.807 576.21
659.912 226.628 486.465 593.043
595.836 81.813 530.363 137.688
176.594 648.524 547.266 161.659
72.633 645.785 343.169 509.312
42.5331 656.365 42.5331 656.365
246.928 322.461 130.924 351.149
390.697 423.977 135.638 325.841
578.381 321.33 216.701 466.482
616.655 339.341 189.751 460.382
536.489 287.228 303.838 21.0526
629.998 433.455 259.71 10.62
88.4678 384.051 658.913 583.958
98.7899 384.593 656.694 558.111
22.6471 526.247 88.4678 384.051
334.351 153.797 98.7899 384.593
397.559 74.7588 22.6471 526.247
141.451 485.248 10.0261 488.931
343.169 509.312 79.4653 445.964
649.731 62.3332 54.5249 438.552
224.318 312.468 43.6892 305.472
537.466 472.584 38.1312 353.148
530.732 504.067 141.404 228.433
457.263 350.016 220.704 270.082
356.71 67.6477 224.318 312.468
315.293 273.228 246.928 322.461
342.358 599.388 269.367 367.476
70.2723 77.9227 283.005 376.444
690.966 134.579 537.466 472.584
697.388 180.396 530.732 504.067
334.275 152.149 457.263 350.016
415.026 233.305 475.735 385.784
397.559 231.359 588.197 580.595
10.0261 488.931 559.016 560.887
22.7643 455.534 571.219 530.262
79.4653 445.964 395.691 699.538
54.5249 438.552 461.411 530.525
297.791 166.313 475.898 468.539
193.661 669.743 488.312 437.487
37.4394 541.209 531.029 612.387
571.219 530.262 381.654 360.334
66.2308 24.1317 398.55 392.649
59.4163 40.128 436.519 282.936
210.416 130.715 471.101 314.222
269.367 367.476 415.026 233.305
228.833 410.446 397.559 231.359
56.02 243.066 639.031 467.23
43.6892 305.472 661.051 445.938
197.897 512.389 494.859 148.122
189.751 460.382 506.619 233.002
396.127 539.465 500.383 198.743
488.312 437.487 578.381 321.33
565.785 282.386 536.489 287.228
500.257 64.9136 565.785 282.386
635.497 133.323 594.405 275.874
623.249 69.1893 255.557 448.865
398.23 119.558 282.304 426.838
436.519 282.936 15.2146 143.044
672.862 432.883 53.4418 131.485
661.051 445.938 59.7537 551.632
689.945 468.535 49.9187 541.435
352.966 666.787 37.4394 541.209
461.411 530.525 212.373 594.922
506.619 233.002 143.061 631.72
500.383 198.743 144.6 457.422
547.266 161.659 141.451 485.248
255.557 448.865 118.663 508.713
104.653 482.822 104.653 482.822
112.748 529.418 58.7767 507.171
475.735 385.784 342.358 599.388
565.162 429.16 352.966 666.787
271.504 225.292 354.724 685.405
259.71 10.62 176.594 648.524
557.607 595.319 193.661 669.743
531.029 612.387 297.791 166.313
378.348 272.291 352.314 140.327
138.244 137.168 356.71 67.6477
395.691 699.538 299.481 251.83
144.6 457.422 282.787 229.8
598.416 414.556 117.862 112.98
594.405 275.874 138.244 137.168
630.923 230.343 17.3633 240.241
661.559 217.046 197.897 512.389
590.894 370.741 629.998 433.455
608.426 222.542 672.862 432.883
299.481 251.83 612.176 494.317
17.3633 240.241 633.392 534.94
58.7767 507.171 634.318 612.829
38.1312 353.148 210.416 130.715
498.807 576.21 299.588 530.589
49.9187 541.435 322.422 550.317
146.539 39.4232 308.435 115.205
87.7495 19.617 334.351 153.797
59.7537 551.632 334.275 152.149
354.724 685.405 22.7643 455.534
486.465 593.043 87.7495 19.617
