0 48195.8 47914.4 28 28 47273.5 18976 18976 
1 48195.8 47912.5 96 124 46340.9 10385 29361 
2 48195.8 47462.2 62 186 45394.8 9969 39330 
3 48195.8 47454.1 11 197 44456.7 9936 49266 
4 48195.8 47011 41 238 43665.7 10112 59378 
5 48195.8 46992.8 11 249 42875.9 10015 69393 
6 48195.8 46799.8 31 280 41939.5 10013 79406 
7 48195.8 46645.7 51 331 41242.7 9939 89345 
8 48195.8 46637.3 31 362 40511.9 9967 99312 
9 48195.8 46495.6 32 394 39467.8 9938 109250 
10 48195.8 46486 11 405 38747.6 9980 119230 
11 48195.8 45991.7 21 426 38007 9958 129188 
12 48195.8 45655.8 31 457 37206.6 10029 139217 
13 48195.8 45639.9 82 539 36511.3 9977 149194 
14 48195.8 45636.9 21 560 35895.5 9940 159134 
15 48195.8 45358.9 11 571 35164.9 9989 169123 
16 48195.8 45292.6 21 592 34496.6 10004 179127 
17 48195.8 45218.8 82 674 33760.1 9974 189101 
18 48195.8 45175.4 11 685 33266.1 9920 199021 
19 48195.8 44880.9 11 696 32651.7 9979 209000 
20 48195.8 44806.4 21 717 32111.5 9927 218927 
21 48195.8 44769.7 22 739 31572.8 9942 228869 
22 48195.8 44761.2 21 760 31078.9 9958 238827 
23 48195.8 44619.5 21 781 30525.1 9969 248796 
24 48195.8 44305.5 11 792 30107.6 9993 258789 
25 48195.8 44000.8 11 803 29437.7 10007 268796 
26 48195.8 43422 11 814 28889.5 9937 278733 
27 48195.8 43310.6 22 836 28398 9971 288704 
28 48195.8 43044.3 11 847 27891 9923 298627 
29 48195.8 42900 11 858 27379 9955 308582 
30 48195.8 42822.3 82 940 26939 9942 318524 
31 48195.8 42762.7 22 962 26425.3 9990 328514 
32 48195.8 42748.6 82 1044 25955.9 9916 338430 
33 48195.8 42636.5 11 1055 25306 9967 348397 
34 48195.8 42556.1 32 1087 24893.2 9965 358362 
35 48195.8 42484.6 10 1097 24304.9 9944 368306 
36 48195.8 42249.7 22 1119 23933.5 9976 378282 
37 48195.8 42012.6 21 1140 23539.3 10878 389160 
38 48195.8 41753 11 1151 23172.3 10058 399218 
39 48195.8 41739 31 1182 22743 9973 409191 
40 48195.8 41667.1 31 1213 22487.6 10011 419202 
41 48195.8 41390.2 11 1224 22090.7 10028 429230 
42 48195.8 41329.3 11 1235 21736.9 10160 439390 
43 48195.8 41300.1 11 1246 21469 10074 449464 
44 48195.8 41115.8 92 1338 21105.4 10016 459480 
45 48195.8 40832.5 82 1420 20723.3 9994 469474 
46 48195.8 40742 11 1431 20486.2 10009 479483 
47 48195.8 40444.2 11 1442 20238.6 10177 489660 
48 48195.8 40441.4 21 1463 19888.7 10440 500100 
49 48195.8 40146.8 32 1495 19573.6 10075 510175 
50 48195.8 40120.3 32 1527 19351.6 9978 520153 
51 48195.8 40103.2 11 1538 19073.1 9957 530110 
52 48195.8 39973.1 91 1629 18722.5 9964 540074 
53 48195.8 39812.8 43 1672 18494.2 10010 550084 
54 48195.8 39733.4 21 1693 18219.3 9985 560069 
55 48195.8 39570.4 11 1704 17969.4 9980 570049 
56 48195.8 39382.6 20 1724 17751.7 9959 580008 
57 48195.8 39261.8 21 1745 17458.5 9988 589996 
58 48195.8 39247.9 41 1786 17202.9 9949 599945 
59 48195.8 39165.7 21 1807 16928.9 9947 609892 
60 48195.8 39098.3 21 1828 16757.1 9963 619855 
61 48195.8 39095.6 43 1871 16558.4 9944 629799 
62 48195.8 38775 41 1912 16336.3 9964 639763 
63 48195.8 38533.7 11 1923 16156.1 9971 649734 
64 48195.8 38456.6 32 1955 15950.4 9947 659681 
65 48195.8 38308.8 21 1976 15751.2 10036 669717 
66 48195.8 38196.5 11 1987 15601.6 9978 679695 
67 48195.8 38056.6 31 2018 15400.6 9981 689676 
68 48195.8 37977.9 31 2049 15209.6 9944 699620 
69 48195.8 37282.6 41 2090 15050.8 9939 709559 
70 48195.8 37196.3 21 2111 14882.3 9976 719535 
71 48195.8 37192.5 51 2162 14696 9941 729476 
72 48195.8 37018.4 10 2172 14410.9 9961 739437 
73 48195.8 37003.8 21 2193 14240.3 9917 749354 
74 48195.8 36882.4 11 2204 14067 10022 759376 
75 48195.8 36788.7 82 2286 13941.6 9931 769307 
76 48195.8 36734.9 103 2389 13825.4 9947 779254 
77 48195.8 36709.7 21 2410 13690 9963 789217 
78 48195.8 36255.4 31 2441 13515.5 9962 799179 
79 48195.8 36229 11 2452 13344.5 9963 809142 
80 48195.8 36149.6 22 2474 13216.7 9957 819099 
81 48195.8 36085.5 11 2485 13097.7 9946 829045 
82 48195.8 35914.1 51 2536 12971.4 9955 839000 
83 48195.8 35747.3 91 2627 12770.7 9914 848914 
84 48195.8 35472 11 2638 12660.3 9969 858883 
85 48195.8 34865.1 42 2680 12531.9 9920 868803 
86 48195.8 34621.7 21 2701 12419 9931 878734 
87 48195.8 34380.2 72 2773 12308.7 9922 888656 
88 48195.8 34372 143 2916 12198.1 9947 898603 
89 48195.8 34002.2 62 2978 12088.6 10657 909260 
90 48195.8 33987 12 2990 11939.9 10045 919305 
91 48195.8 33700.7 11 3001 11770.9 10008 929313 
92 48195.8 33594.9 133 3134 11664 10001 939314 
93 48195.8 33594.6 81 3215 11564 9957 949271 
94 48195.8 33430.4 51 3266 11445.2 10041 959312 
95 48195.8 33405.4 11 3277 11344.8 9964 969276 
96 48195.8 33401 40 3317 11252.7 9936 979212 
97 48195.8 33382.4 62 3379 11166.7 9970 989182 
98 48195.8 33378.6 106 3485 11091.4 10143 999325 
99 48195.8 33375.4 170 3655 10988.8 10074 1.0094e+06 
100 48195.8 33205.2 12 3667 10913.9 9955 1.01935e+06 
101 48195.8 33104.6 31 3698 10831.2 9931 1.02928e+06 
102 48195.8 32989.8 32 3730 10765.4 9978 1.03926e+06 
103 48195.8 32767.5 22 3752 10679.3 9950 1.04921e+06 
104 48195.8 32490.8 11 3763 10588.2 10010 1.05922e+06 
105 48195.8 32487.7 12 3775 10437.8 9941 1.06916e+06 
106 48195.8 32239.6 92 3867 10382.6 9959 1.07912e+06 
107 48195.8 32207.3 82 3949 10302 9925 1.08905e+06 
108 48195.8 32120.8 31 3980 10220.2 10373 1.09942e+06 
109 48195.8 31867 12 3992 10113.6 10082 1.1095e+06 
110 48195.8 31698.5 81 4073 10023.9 9962 1.11946e+06 
111 48195.8 31672.8 103 4176 9891.53 9951 1.12942e+06 
112 48195.8 31316.3 72 4248 9815.68 9939 1.13936e+06 
113 48195.8 31093.7 21 4269 9779.19 9958 1.14931e+06 
114 48195.8 31057.3 11 4280 9716.88 9994 1.15931e+06 
115 48195.8 30982.1 92 4372 9590.08 10020 1.16933e+06 
116 48195.8 30738.7 43 4415 9577.7 9977 1.1793e+06 
117 48195.8 30687.6 22 4437 9531.52 9929 1.18923e+06 
118 48195.8 30666.5 11 4448 9479.69 9950 1.19918e+06 
119 48195.8 30548.9 62 4510 9395.1 10005 1.20919e+06 
120 48195.8 30470.5 51 4561 9333.32 9950 1.21914e+06 
121 48195.8 29845.3 32 4593 9280.08 9955 1.22909e+06 
122 48195.8 29565.7 21 4614 9223.67 9957 1.23905e+06 
123 48195.8 29560.1 11 4625 9176.58 9932 1.24898e+06 
124 48195.8 29323.4 42 4667 9116.85 9920 1.2589e+06 
125 48195.8 28932.6 113 4780 9052.29 10019 1.26892e+06 
126 48195.8 28858.7 212 4992 8993.5 9912 1.27883e+06 
127 48195.8 28816.1 52 5044 8969.75 9946 1.28878e+06 
128 48195.8 28802.9 80 5124 8946.22 9914 1.29869e+06 
129 48195.8 28791.7 51 5175 8838.14 9931 1.30862e+06 
130 48195.8 28746.6 122 5297 8792.47 9934 1.31856e+06 
131 48195.8 28744.3 11 5308 8765.35 9919 1.32848e+06 
132 48195.8 28646.2 51 5359 8723.35 9936 1.33841e+06 
133 48195.8 28599 81 5440 8689.47 9923 1.34834e+06 
134 48195.8 28556.7 21 5461 8644.53 9952 1.35829e+06 
135 48195.8 28536.3 21 5482 8605.85 9974 1.36826e+06 
136 48195.8 28280.8 263 5745 8532.76 9955 1.37822e+06 
137 48195.8 28139.8 176 5921 8461.89 9932 1.38815e+06 
138 48195.8 28025.7 71 5992 8377.05 9929 1.39808e+06 
139 48195.8 28025 21 6013 8340.06 9958 1.40804e+06 
140 48195.8 27884.4 32 6045 8325.32 9995 1.41803e+06 
141 48195.8 27879 121 6166 8236.35 9981 1.42801e+06 
142 48195.8 27871 100 6266 8177.4 9917 1.43793e+06 
143 48195.8 27831.7 21 6287 8131.6 9954 1.44788e+06 
144 48195.8 27819.3 72 6359 8103.99 9924 1.45781e+06 
145 48195.8 27752.9 143 6502 8053.75 10025 1.46783e+06 
146 48195.8 27612.1 51 6553 8006.57 9985 1.47782e+06 
147 48195.8 27592.6 13 6566 7970.27 9946 1.48776e+06 
148 48195.8 27426.8 21 6587 7950.33 9971 1.49773e+06 
149 48195.8 27383.2 53 6640 7936.27 9982 1.50772e+06 
150 48195.8 27155.6 50 6690 7883.17 9991 1.51771e+06 
151 48195.8 26794.8 21 6711 7807.43 9913 1.52762e+06 
152 48195.8 26485 32 6743 7783.73 9957 1.53758e+06 
153 48195.8 26314.8 21 6764 7762.45 9924 1.5475e+06 
154 48195.8 26233.9 21 6785 7739.27 9935 1.55744e+06 
155 48195.8 26216.6 11 6796 7696.41 9980 1.56742e+06 
156 48195.8 25764.6 72 6868 7691.83 9926 1.57734e+06 
157 48195.8 25719.3 482 7350 7661.24 9954 1.5873e+06 
158 48195.8 25501.6 141 7491 7638.47 9925 1.59722e+06 
159 48195.8 25304.2 61 7552 7631.81 9921 1.60714e+06 
160 48195.8 25282.4 11 7563 7609.42 9946 1.61709e+06 
161 48195.8 25103.5 61 7624 7575.01 9928 1.62702e+06 
162 48195.8 24970.2 66 7690 7540.89 9943 1.63696e+06 
163 48195.8 24782.7 21 7711 7534.88 9916 1.64688e+06 
164 48195.8 24600.4 11 7722 7479.89 9936 1.65681e+06 
165 48195.8 24474.5 62 7784 7456.09 9990 1.6668e+06 
166 48195.8 24470.5 282 8066 7425.07 9993 1.67679e+06 
167 48195.8 24410.4 285 8351 7425.07 9961 1.68676e+06 
168 48195.8 24317.1 82 8433 7403.9 10469 1.69722e+06 
169 48195.8 24309.9 41 8474 7400.69 9924 1.70715e+06 
170 48195.8 24244.4 41 8515 7374.08 9919 1.71707e+06 
171 48195.8 24225.5 53 8568 7368.84 9927 1.72699e+06 
172 48195.8 24103.7 81 8649 7368.84 9918 1.73691e+06 
173 48195.8 23844.1 51 8700 7368.84 9937 1.74685e+06 
174 48195.8 23818.2 317 9017 7358.31 9918 1.75677e+06 
175 48195.8 23804.3 11 9028 7358.31 10022 1.76679e+06 
176 48195.8 23792.9 123 9151 7358.31 9950 1.77674e+06 
177 48195.8 23747.1 122 9273 7358.31 9969 1.78671e+06 
178 48195.8 23722 62 9335 7345.21 9920 1.79663e+06 
179 48195.8 23535.2 31 9366 7345.21 9964 1.80659e+06 
180 48195.8 23437.4 141 9507 7345.18 9956 1.81655e+06 
181 48195.8 23400.3 72 9579 7342.15 9908 1.82646e+06 
182 48195.8 23390.1 92 9671 7334.03 9941 1.8364e+06 
183 48195.8 23347.3 31 9702 7310.49 9926 1.84632e+06 
184 48195.8 23305.1 11 9713 7310.49 9945 1.85627e+06 
185 48195.8 23260.6 41 9754 7310.49 9915 1.86618e+06 
186 48195.8 23144 232 9986 7310.49 9942 1.87612e+06 
187 48195.8 22851 93 10079 7310.49 10002 1.88613e+06 
188 48195.8 22811.1 414 10493 7310.49 9920 1.89605e+06 
189 48195.8 22785.3 41 10534 7287.07 9951 1.906e+06 
190 48195.8 22634.8 52 10586 7281.39 9970 1.91597e+06 
191 48195.8 22628.7 316 10902 7281.39 9979 1.92595e+06 
192 48195.8 22458.5 245 11147 7281.39 9911 1.93586e+06 
193 48195.8 22448.1 121 11268 7265.01 9944 1.9458e+06 
194 48195.8 22433.2 153 11421 7258.18 9919 1.95572e+06 
195 48195.8 22371.4 41 11462 7238.93 9921 1.96564e+06 
196 48195.8 22367.9 21 11483 7238.93 9989 1.97563e+06 
197 48195.8 22336.9 82 11565 7238.93 10032 1.98566e+06 
198 48195.8 22298.2 102 11667 7238.93 10004 1.99567e+06 
199 48195.8 22067.2 11 11678 7238.93 9953 2.00562e+06 
200 48195.8 21923.8 31 11709 7238.93 9971 2.01559e+06 
201 48195.8 21901.8 83 11792 7229.71 9919 2.02551e+06 
202 48195.8 21852.8 101 11893 7228.41 9946 2.03546e+06 
203 48195.8 21791.6 31 11924 7217.63 9948 2.0454e+06 
204 48195.8 21669.3 122 12046 7217.63 9917 2.05532e+06 
205 48195.8 21645.7 111 12157 7217.63 9964 2.06528e+06 
206 48195.8 21575 404 12561 7216.68 9931 2.07522e+06 
207 48195.8 21530.9 32 12593 7216.68 9921 2.08514e+06 
208 48195.8 21495.6 143 12736 7216.68 9947 2.09508e+06 
209 48195.8 21357.8 31 12767 7194.25 9945 2.10503e+06 
210 48195.8 21353.6 343 13110 7194.25 9953 2.11498e+06 
211 48195.8 21335.6 114 13224 7194.25 10212 2.12519e+06 
212 48195.8 21334.7 81 13305 7194.25 9973 2.13517e+06 
213 48195.8 21162.1 103 13408 7194.25 9957 2.14512e+06 
214 48195.8 20925.6 637 14045 7193.32 9968 2.15509e+06 
215 48195.8 20919.6 51 14096 7193.32 10020 2.16511e+06 
216 48195.8 20916.1 21 14117 7193.32 10031 2.17514e+06 
217 48195.8 20762.3 222 14339 7193.32 9989 2.18513e+06 
218 48195.8 20737.5 21 14360 7193.32 9966 2.1951e+06 
219 48195.8 20605.8 362 14722 7191.94 9918 2.20502e+06 
220 48195.8 20581.7 82 14804 7191.94 9938 2.21495e+06 
221 48195.8 20333.6 41 14845 7191.94 9916 2.22487e+06 
222 48195.8 20317.7 71 14916 7191.94 9943 2.23481e+06 
223 48195.8 20025.1 31 14947 7191.94 9923 2.24474e+06 
224 48195.8 19904 343 15290 7191.94 9967 2.2547e+06 
225 48195.8 19785.8 11 15301 7191.94 9948 2.26465e+06 
226 48195.8 19642.4 232 15533 7191.94 9944 2.2746e+06 
227 48195.8 19605.9 72 15605 7191.94 10402 2.285e+06 
228 48195.8 19573.2 52 15657 7191.94 9943 2.29494e+06 
229 48195.8 19507.9 517 16174 7191.94 9912 2.30485e+06 
230 48195.8 19459.6 52 16226 7185.47 9888 2.31474e+06 
231 48195.8 19419.8 133 16359 7185.47 9887 2.32463e+06 
232 48195.8 19386.4 172 16531 7185.47 9882 2.33451e+06 
233 48195.8 19338.3 200 16731 7185.47 9891 2.3444e+06 
234 48195.8 19307.6 21 16752 7185.47 9902 2.3543e+06 
235 48195.8 19115.4 271 17023 7174.01 9877 2.36418e+06 
236 48195.8 18951.2 321 17344 7174.01 9937 2.37412e+06 
237 48195.8 18919.2 42 17386 7174.01 9881 2.384e+06 
238 48195.8 18887.4 51 17437 7174.01 9900 2.3939e+06 
239 48195.8 18747 153 17590 7174.01 9958 2.40386e+06 
240 48195.8 18593.4 264 17854 7174.01 9985 2.41384e+06 
241 48195.8 18537.9 212 18066 7174.01 9896 2.42374e+06 
242 48195.8 18313.3 355 18421 7174.01 9906 2.43364e+06 
243 48195.8 18115.9 61 18482 7174.01 9881 2.44352e+06 
244 48195.8 18011 41 18523 7174.01 9929 2.45345e+06 
245 48195.8 17998.3 381 18904 7174.01 9905 2.46336e+06 
246 48195.8 17835 163 19067 7174.01 9959 2.47332e+06 
247 48195.8 17787.9 132 19199 7174.01 9903 2.48322e+06 
248 48195.8 17725.1 11 19210 7174.01 9949 2.49317e+06 
249 48195.8 17718.1 514 19724 7174.01 9913 2.50308e+06 
250 48195.8 17564.7 343 20067 7174.01 9882 2.51296e+06 
251 48195.8 17553.8 51 20118 7174.01 9888 2.52285e+06 
252 48195.8 17466 41 20159 7174.01 9893 2.53274e+06 
253 48195.8 17314.5 264 20423 7174.01 9915 2.54266e+06 
254 48195.8 17283.2 51 20474 7174.01 9900 2.55256e+06 
255 48195.8 17094.8 254 20728 7174.01 9875 2.56243e+06 
256 48195.8 17064.5 102 20830 7174.01 9941 2.57238e+06 
257 48195.8 16969.3 293 21123 7174.01 9882 2.58226e+06 
258 48195.8 16950.3 230 21353 7174.01 9896 2.59215e+06 
259 48195.8 16943.6 281 21634 7174.01 9891 2.60204e+06 
260 48195.8 16863.3 211 21845 7174.01 9881 2.61192e+06 
261 48195.8 16820.7 182 22027 7174.01 9888 2.62181e+06 
262 48195.8 16775.3 462 22489 7174.01 9887 2.6317e+06 
263 48195.8 16722.8 61 22550 7174.01 9886 2.64159e+06 
264 48195.8 16627.1 730 23280 7174.01 9958 2.65154e+06 
265 48195.8 16609.5 463 23743 7174.01 9911 2.66146e+06 
266 48195.8 16551.1 93 23836 7174.01 9963 2.67142e+06 
267 48195.8 16529.8 172 24008 7174.01 9891 2.68131e+06 
268 48195.8 16509.8 61 24069 7174.01 9909 2.69122e+06 
269 48195.8 16503.5 333 24402 7174.01 9888 2.70111e+06 
270 48195.8 16490.4 111 24513 7174.01 9886 2.71099e+06 
271 48195.8 16485.1 41 24554 7174.01 9884 2.72088e+06 
272 48195.8 16480.1 426 24980 7174.01 9914 2.73079e+06 
273 48195.8 16377.9 51 25031 7174.01 9886 2.74068e+06 
274 48195.8 16341.5 11 25042 7174.01 9894 2.75057e+06 
275 48195.8 16239.5 41 25083 7174.01 9904 2.76047e+06 
276 48195.8 16216.1 263 25346 7174.01 9920 2.77039e+06 
277 48195.8 15999.4 222 25568 7174.01 9929 2.78032e+06 
278 48195.8 15858.5 425 25993 7174.01 9918 2.79024e+06 
279 48195.8 15761.1 243 26236 7174.01 9933 2.80017e+06 
280 48195.8 15737.2 616 26852 7174.01 9887 2.81006e+06 
281 48195.8 15692.8 50 26902 7174.01 9889 2.81995e+06 
282 48195.8 15682.1 222 27124 7174.01 9892 2.82984e+06 
283 48195.8 15658.5 72 27196 7174.01 9883 2.83972e+06 
284 48195.8 15634.6 315 27511 7174.01 9884 2.84961e+06 
285 48195.8 15544.7 284 27795 7174.01 9892 2.8595e+06 
286 48195.8 15536.1 203 27998 7174.01 9995 2.8695e+06 
287 48195.8 15527.5 213 28211 7174.01 10263 2.87976e+06 
288 48195.8 15527.3 61 28272 7174.01 9931 2.88969e+06 
289 48195.8 15526.6 373 28645 7174.01 9926 2.89962e+06 
290 48195.8 15524.6 333 28978 7174.01 9902 2.90952e+06 
291 48195.8 15518.6 527 29505 7174.01 9883 2.9194e+06 
292 48195.8 15469.3 634 30139 7174.01 9893 2.92929e+06 
293 48195.8 15442.9 152 30291 7174.01 9895 2.93919e+06 
294 48195.8 15409.3 233 30524 7174.01 9890 2.94908e+06 
295 48195.8 15344.3 91 30615 7174.01 9914 2.95899e+06 
296 48195.8 15294.3 71 30686 7174.01 10031 2.96902e+06 
297 48195.8 15253 11 30697 7174.01 9992 2.97902e+06 
298 48195.8 15239.1 292 30989 7174.01 9900 2.98892e+06 
299 48195.8 15212.3 21 31010 7174.01 9878 2.99879e+06 
300 48195.8 15127.2 344 31354 7174.01 9869 3.00866e+06 
301 48195.8 15098.2 242 31596 7174.01 9861 3.01852e+06 
302 48195.8 15019.8 11 31607 7174.01 9907 3.02843e+06 
303 48195.8 15006.5 1103 32710 7174.01 9867 3.0383e+06 
304 48195.8 14982.1 226 32936 7174.01 9839 3.04814e+06 
305 48195.8 14970.5 125 33061 7174.01 9847 3.05798e+06 
306 48195.8 14953.6 154 33215 7174.01 9831 3.06782e+06 
307 48195.8 14920.5 518 33733 7174.01 9914 3.07773e+06 
308 48195.8 14809.6 151 33884 7174.01 9910 3.08764e+06 
309 48195.8 14798.2 334 34218 7174.01 9863 3.0975e+06 
310 48195.8 14769.8 352 34570 7174.01 9864 3.10737e+06 
311 48195.8 14681.6 232 34802 7174.01 9881 3.11725e+06 
312 48195.8 14675.2 22 34824 7174.01 9881 3.12713e+06 
313 48195.8 14574.7 152 34976 7174.01 9937 3.13706e+06 
314 48195.8 14557.1 1235 36211 7174.01 9892 3.14696e+06 
315 48195.8 14475.9 141 36352 7174.01 9872 3.15683e+06 
316 48195.8 14421.5 243 36595 7174.01 9864 3.16669e+06 
317 48195.8 14377.1 401 36996 7174.01 9881 3.17657e+06 
318 48195.8 14366.3 11 37007 7174.01 9857 3.18643e+06 
319 48195.8 14235.8 11 37018 7174.01 9884 3.19632e+06 
320 48195.8 14229.5 344 37362 7174.01 9868 3.20618e+06 
321 48195.8 14212.1 111 37473 7174.01 9870 3.21605e+06 
322 48195.8 14180 634 38107 7174.01 9912 3.22596e+06 
323 48195.8 14106 382 38489 7174.01 9869 3.23583e+06 
324 48195.8 14072.5 1246 39735 7174.01 9872 3.24571e+06 
325 48195.8 13897.7 291 40026 7174.01 9860 3.25557e+06 
326 48195.8 13821.7 373 40399 7174.01 9875 3.26544e+06 
327 48195.8 13780 524 40923 7174.01 9906 3.27535e+06 
328 48195.8 13737.5 123 41046 7174.01 9888 3.28524e+06 
329 48195.8 13702.8 273 41319 7174.01 9859 3.29509e+06 
330 48195.8 13628.9 22 41341 7174.01 9863 3.30496e+06 
331 48195.8 13552.2 796 42137 7174.01 9866 3.31482e+06 
332 48195.8 13543.2 451 42588 7174.01 9888 3.32471e+06 
333 48195.8 13514.4 32 42620 7174.01 9870 3.33458e+06 
334 48195.8 13461 282 42902 7174.01 9890 3.34447e+06 
335 48195.8 13426.6 360 43262 7174.01 9858 3.35433e+06 
336 48195.8 13400.8 231 43493 7174.01 9858 3.36419e+06 
337 48195.8 13348.8 143 43636 7174.01 9943 3.37413e+06 
338 48195.8 13328.1 442 44078 7174.01 9921 3.38405e+06 
339 48195.8 13310.7 101 44179 7174.01 9889 3.39394e+06 
340 48195.8 13226.9 481 44660 7174.01 9866 3.40381e+06 
341 48195.8 13214.4 467 45127 7174.01 9871 3.41368e+06 
342 48195.8 13112.3 21 45148 7174.01 9906 3.42358e+06 
343 48195.8 13077.8 272 45420 7174.01 9880 3.43346e+06 
344 48195.8 13065.4 132 45552 7174.01 9888 3.44335e+06 
345 48195.8 13035.8 10 45562 7174.01 10307 3.45366e+06 
346 48195.8 13001.2 393 45955 7174.01 9964 3.46362e+06 
347 48195.8 12968.7 412 46367 7174.01 9902 3.47352e+06 
348 48195.8 12968 364 46731 7174.01 9877 3.4834e+06 
349 48195.8 12945.2 990 47721 7174.01 9866 3.49327e+06 
350 48195.8 12914.7 943 48664 7174.01 9861 3.50313e+06 
351 48195.8 12899.3 537 49201 7174.01 9851 3.51298e+06 
352 48195.8 12833.6 972 50173 7174.01 9885 3.52286e+06 
353 48195.8 12786.5 343 50516 7174.01 9866 3.53273e+06 
354 48195.8 12744.3 41 50557 7174.01 9887 3.54262e+06 
355 48195.8 12743.2 259 50816 7174.01 9867 3.55248e+06 
356 48195.8 12723.4 101 50917 7174.01 9881 3.56236e+06 
357 48195.8 12708 606 51523 7174.01 9908 3.57227e+06 
358 48195.8 12705.7 1058 52581 7174.01 9887 3.58216e+06 
359 48195.8 12698.1 773 53354 7174.01 9894 3.59205e+06 
360 48195.8 12569.1 1426 54780 7174.01 9856 3.60191e+06 
361 48195.8 12553.5 282 55062 7174.01 9896 3.61181e+06 
362 48195.8 12466.7 272 55334 7174.01 9946 3.62175e+06 
363 48195.8 12457.1 292 55626 7174.01 9913 3.63166e+06 
364 48195.8 12338 163 55789 7174.01 9872 3.64154e+06 
365 48195.8 12238.3 423 56212 7174.01 9868 3.6514e+06 
366 48195.8 12202.1 1850 58062 7174.01 9886 3.66129e+06 
367 48195.8 12089.2 121 58183 7174.01 9871 3.67116e+06 
368 48195.8 12010.5 233 58416 7174.01 9863 3.68102e+06 
369 48195.8 11991.4 62 58478 7174.01 9863 3.69089e+06 
370 48195.8 11975.4 1620 60098 7174.01 9902 3.70079e+06 
371 48195.8 11806.2 191 60289 7174.01 9862 3.71065e+06 
372 48195.8 11798.4 311 60600 7174.01 9886 3.72054e+06 
373 48195.8 11738.6 2552 63152 7174.01 9890 3.73043e+06 
374 48195.8 11723.1 61 63213 7174.01 9890 3.74032e+06 
375 48195.8 11569.4 291 63504 7174.01 9905 3.75022e+06 
376 48195.8 11531.9 392 63896 7174.01 9936 3.76016e+06 
377 48195.8 11426.5 292 64188 7174.01 9865 3.77002e+06 
378 48195.8 11407.7 1521 65709 7174.01 9881 3.7799e+06 
379 48195.8 11402.9 422 66131 7174.01 9864 3.78977e+06 
380 48195.8 11370.3 31 66162 7174.01 9858 3.79963e+06 
381 48195.8 11355.9 1922 68084 7174.01 9896 3.80952e+06 
382 48195.8 11301.3 1438 69522 7174.01 9861 3.81938e+06 
383 48195.8 11243.1 42 69564 7174.01 9869 3.82925e+06 
384 48195.8 11241.4 2513 72077 7174.01 9853 3.83911e+06 
385 48195.8 11190.1 41 72118 7174.01 9960 3.84907e+06 
386 48195.8 11189.6 145 72263 7174.01 9925 3.85899e+06 
387 48195.8 11174.7 272 72535 7174.01 9890 3.86888e+06 
388 48195.8 11168.7 122 72657 7174.01 9870 3.87875e+06 
389 48195.8 11100.3 132 72789 7174.01 9874 3.88862e+06 
390 48195.8 11043.5 331 73120 7174.01 9859 3.89848e+06 
391 48195.8 11003.5 162 73282 7174.01 9854 3.90834e+06 
392 48195.8 10981.6 490 73772 7174.01 10318 3.91866e+06 
393 48195.8 10938.9 569 74341 7174.01 9985 3.92864e+06 
394 48195.8 10896.5 641 74982 7174.01 9927 3.93857e+06 
395 48195.8 10878 250 75232 7174.01 9937 3.9485e+06 
396 48195.8 10864.3 3886 79118 7174.01 9869 3.95837e+06 
397 48195.8 10782.1 313 79431 7174.01 9871 3.96824e+06 
398 48195.8 10771.9 853 80284 7174.01 9900 3.97814e+06 
399 48195.8 10753.8 111 80395 7174.01 9929 3.98807e+06 
400 48195.8 10695.8 323 80718 7174.01 9932 3.99801e+06 
401 48195.8 10661.3 518 81236 7174.01 9945 4.00795e+06 
402 48195.8 10605.7 2046 83282 7174.01 10329 4.01828e+06 
403 48195.8 10530.7 82 83364 7174.01 9877 4.02816e+06 
404 48195.8 10511.7 734 84098 7174.01 9920 4.03808e+06 
405 48195.8 10511.4 2078 86176 7174.01 9898 4.04798e+06 
406 48195.8 10422.8 192 86368 7174.01 9903 4.05788e+06 
407 48195.8 10393 92 86460 7174.01 9897 4.06778e+06 
408 48195.8 10355.1 109 86569 7174.01 9947 4.07772e+06 
409 48195.8 10332.7 1394 87963 7174.01 9930 4.08765e+06 
410 48195.8 10322.2 1680 89643 7174.01 10064 4.09772e+06 
411 48195.8 10301.6 201 89844 7174.01 9875 4.10759e+06 
412 48195.8 10171.5 1460 91304 7174.01 9936 4.11753e+06 
413 48195.8 10159.9 756 92060 7174.01 9888 4.12742e+06 
414 48195.8 10088.1 141 92201 7174.01 9909 4.13732e+06 
415 48195.8 9913.88 383 92584 7174.01 9886 4.14721e+06 
416 48195.8 9886.51 42 92626 7174.01 9898 4.15711e+06 
417 48195.8 9881.2 2960 95586 7174.01 9950 4.16706e+06 
418 48195.8 9867.76 533 96119 7174.01 9884 4.17694e+06 
419 48195.8 9837.15 3965 100084 7174.01 9885 4.18683e+06 
420 48195.8 9831.6 3058 103142 7174.01 9875 4.1967e+06 
421 48195.8 9790.52 608 103750 7174.01 9897 4.2066e+06 
422 48195.8 9696.53 303 104053 7174.01 9928 4.21653e+06 
423 48195.8 9579.78 445 104498 7174.01 9904 4.22643e+06 
424 48195.8 9537.97 1018 105516 7174.01 9847 4.23628e+06 
425 48195.8 9442.51 1229 106745 7174.01 9889 4.24617e+06 
426 48195.8 9412.9 4443 111188 7174.01 9930 4.2561e+06 
427 48195.8 9361.02 3118 114306 7174.01 9895 4.26599e+06 
428 48195.8 9351.29 1189 115495 7174.01 9873 4.27586e+06 
429 48195.8 9351.17 70 115565 7174.01 9911 4.28578e+06 
430 48195.8 9296.22 31 115596 7174.01 9873 4.29565e+06 
431 48195.8 9296.22 1717 117313 7174.01 9988 4.30564e+06 
432 48195.8 9252.07 6176 123489 7174.01 9900 4.31554e+06 
433 48195.8 9247.51 715 124204 7174.01 9880 4.32542e+06 
434 48195.8 9172 408 124612 7174.01 10082 4.3355e+06 
435 48195.8 9167.1 1638 126250 7174.01 10150 4.34565e+06 
436 48195.8 9153.06 5596 131846 7174.01 10017 4.35567e+06 
437 48195.8 9111.45 467 132313 7174.01 9955 4.36562e+06 
438 48195.8 9099.26 4143 136456 7174.01 9897 4.37552e+06 
439 48195.8 8978.73 213 136669 7174.01 9904 4.38542e+06 
440 48195.8 8968.14 1307 137976 7174.01 9901 4.39532e+06 
441 48195.8 8953.27 734 138710 7174.01 9943 4.40527e+06 
442 48195.8 8927.43 2362 141072 7174.01 9930 4.4152e+06 
443 48195.8 8872.25 181 141253 7174.01 9899 4.4251e+06 
444 48195.8 8861.38 603 141856 7174.01 9905 4.435e+06 
445 48195.8 8820.95 2442 144298 7174.01 9900 4.4449e+06 
446 48195.8 8806.96 517 144815 7174.01 9893 4.45479e+06 
447 48195.8 8757.59 4798 149613 7174.01 9873 4.46467e+06 
448 48195.8 8756.18 1723 151336 7174.01 9922 4.47459e+06 
449 48195.8 8724.5 1764 153100 7174.01 9904 4.48449e+06 
450 48195.8 8708.21 1295 154395 7174.01 9886 4.49438e+06 
451 48195.8 8695.53 825 155220 7174.01 9877 4.50426e+06 
452 48195.8 8686.98 1495 156715 7174.01 9957 4.51421e+06 
453 48195.8 8674.78 1712 158427 7174.01 9908 4.52412e+06 
454 48195.8 8641.98 5689 164116 7174.01 10283 4.5344e+06 
455 48195.8 8625.32 433 164549 7174.01 9953 4.54436e+06 
456 48195.8 8547.53 1265 165814 7174.01 9868 4.55422e+06 
457 48195.8 8529.65 1905 167719 7174.01 9900 4.56412e+06 
458 48195.8 8493.61 995 168714 7174.01 9896 4.57402e+06 
459 48195.8 8443.57 674 169388 7174.01 9941 4.58396e+06 
460 48195.8 8438.1 3143 172531 7174.01 9897 4.59386e+06 
461 48195.8 8428.76 1485 174016 7174.01 9875 4.60373e+06 
462 48195.8 8323.04 1744 175760 7174.01 9872 4.6136e+06 
463 48195.8 8264.29 6851 182611 7174.01 9941 4.62355e+06 
464 48195.8 8232.02 5856 188467 7174.01 9895 4.63344e+06 
465 48195.8 8230.75 2908 191375 7174.01 9912 4.64335e+06 
466 48195.8 8214.17 1340 192715 7174.01 9910 4.65326e+06 
467 48195.8 8213.29 915 193630 7174.01 9899 4.66316e+06 
468 48195.8 8177.56 3097 196727 7174.01 9898 4.67306e+06 
469 48195.8 8163.41 1185 197912 7174.01 9885 4.68294e+06 
470 48195.8 8154.15 3468 201380 7174.01 9903 4.69285e+06 
471 48195.8 8047.16 89 201469 7174.01 9886 4.70273e+06 
472 48195.8 8021.92 4292 205761 7174.01 9926 4.71266e+06 
473 48195.8 8017.13 5419 211180 7174.01 9916 4.72258e+06 
474 48195.8 7968.11 454 211634 7174.01 9897 4.73247e+06 
475 48195.8 7913.27 9838 221472 7174.01 9873 4.74235e+06 
476 48195.8 7905.55 8204 229676 7174.01 9903 4.75225e+06 
477 48195.8 7905.55 10444 240120 7174.01 10205 4.76245e+06 
478 48195.8 7874.13 799 240919 7174.01 10074 4.77253e+06 
479 48195.8 7807.15 3960 244879 7174.01 9940 4.78247e+06 
480 48195.8 7803.94 3442 248321 7174.01 9914 4.79238e+06 
481 48195.8 7803.94 10186 258507 7174.01 9976 4.80236e+06 
482 48195.8 7799.98 2071 260578 7174.01 9960 4.81232e+06 
483 48195.8 7795.13 3381 263959 7174.01 9941 4.82226e+06 
484 48195.8 7795.13 10143 274102 7174.01 10000 4.83226e+06 
485 48195.8 7795.13 10214 284316 7174.01 9881 4.84214e+06 
486 48195.8 7775.76 2015 286331 7174.01 9869 4.85201e+06 
487 48195.8 7775.76 10132 296463 7174.01 9900 4.86191e+06 
488 48195.8 7773.12 3732 300195 7174.01 9934 4.87184e+06 
489 48195.8 7773.12 10101 310296 7174.01 9893 4.88174e+06 
490 48195.8 7690.19 4520 314816 7174.01 9900 4.89164e+06 
491 48195.8 7687.13 1722 316538 7174.01 9904 4.90154e+06 
492 48195.8 7687.13 10145 326683 7174.01 9878 4.91142e+06 
493 48195.8 7653.92 1791 328474 7174.01 9882 4.9213e+06 
494 48195.8 7629.95 8383 336857 7174.01 9886 4.93119e+06 
495 48195.8 7620.21 2460 339317 7174.01 9874 4.94106e+06 
496 48195.8 7602.5 2146 341463 7174.01 9870 4.95093e+06 
497 48195.8 7602.5 10565 352028 7174.01 9939 4.96087e+06 
498 48195.8 7599.66 6516 358544 7174.01 9923 4.97079e+06 
499 48195.8 7599.66 10176 368720 7174.01 9935 4.98073e+06 
500 48195.8 7599.66 10197 378917 7174.01 9939 4.99067e+06 
501 48195.8 7599.66 10162 389079 7174.01 9929 5.0006e+06 
502 48195.8 7599.66 10144 399223 7174.01 9950 5.01054e+06 
503 48195.8 7599.66 10229 409452 7174.01 9986 5.02053e+06 
504 48195.8 7599.66 10157 419609 7174.01 9961 5.03049e+06 
505 48195.8 7599.66 10147 429756 7174.01 9978 5.04047e+06 
506 48195.8 7526.39 368 430124 7174.01 9950 5.05042e+06 
507 48195.8 7526.39 10238 440362 7174.01 10016 5.06044e+06 
508 48195.8 7526.39 10169 450531 7174.01 9942 5.07038e+06 
509 48195.8 7526.39 10140 460671 7174.01 9945 5.08032e+06 
510 48195.8 7526.39 10170 470841 7174.01 9955 5.09028e+06 
511 48195.8 7526.39 10181 481022 7174.01 9892 5.10017e+06 
512 48195.8 7526.39 10188 491210 7174.01 9926 5.1101e+06 
513 48195.8 7526.39 10170 501380 7174.01 9949 5.12004e+06 
514 48195.8 7526.39 10189 511569 7174.01 9951 5.13e+06 
515 48195.8 7526.39 10140 521709 7174.01 10000 5.14e+06 
516 48195.8 7526.39 10172 531881 7174.01 9986 5.14998e+06 
517 48195.8 7513.28 8755 540636 7174.01 9932 5.15991e+06 
518 48195.8 7511.87 4996 545632 7174.01 9950 5.16986e+06 
519 48195.8 7511.87 10136 555768 7174.01 9920 5.17978e+06 
520 48195.8 7505.27 2400 558168 7174.01 9925 5.18971e+06 
521 48195.8 7488.28 6583 564751 7174.01 9948 5.19966e+06 
522 48195.8 7470.01 9330 574081 7174.01 9935 5.20959e+06 
523 48195.8 7470.01 10191 584272 7174.01 9936 5.21953e+06 
524 48195.8 7470.01 10241 594513 7174.01 9922 5.22945e+06 
525 48195.8 7470.01 10146 604659 7174.01 9958 5.23941e+06 
526 48195.8 7470.01 10149 614808 7174.01 9973 5.24938e+06 
527 48195.8 7470.01 10174 624982 7174.01 9950 5.25933e+06 
528 48195.8 7470.01 10153 635135 7174.01 10390 5.26972e+06 
529 48195.8 7470.01 10197 645332 7174.01 10016 5.27974e+06 
530 48195.8 7470.01 10148 655480 7174.01 9923 5.28966e+06 
531 48195.8 7445.4 3200 658680 7174.01 9933 5.29959e+06 
532 48195.8 7445.4 10199 668879 7174.01 9919 5.30951e+06 
533 48195.8 7445.4 10406 679285 7174.01 10129 5.31964e+06 
534 48195.8 7445.4 10230 689515 7174.01 9908 5.32955e+06 
535 48195.8 7445.4 10148 699663 7174.01 9923 5.33947e+06 
536 48195.8 7445.4 10147 709810 7174.01 9933 5.3494e+06 
537 48195.8 7445.4 10179 719989 7174.01 9920 5.35932e+06 
538 48195.8 7445.4 10154 730143 7174.01 9907 5.36923e+06 
539 48195.8 7445.4 10163 740306 7174.01 9928 5.37916e+06 
540 48195.8 7445.4 10163 750469 7174.01 9897 5.38906e+06 
541 48195.8 7445.4 10133 760602 7174.01 9910 5.39897e+06 
542 48195.8 7445.4 10200 770802 7174.01 9971 5.40894e+06 
543 48195.8 7445.4 10134 780936 7174.01 9931 5.41887e+06 
544 48195.8 7445.4 10140 791076 7174.01 9940 5.42881e+06 
545 48195.8 7445.4 10131 801207 7174.01 9932 5.43874e+06 
546 48195.8 7445.4 10142 811349 7174.01 9970 5.44871e+06 
547 48195.8 7445.4 10157 821506 7174.01 9920 5.45863e+06 
548 48195.8 7445.4 10169 831675 7174.01 9884 5.46852e+06 
549 48195.8 7445.4 10170 841845 7174.01 9902 5.47842e+06 
550 48195.8 7445.4 10149 851994 7174.01 9904 5.48832e+06 
551 48195.8 7445.4 10137 862131 7174.01 9927 5.49825e+06 
552 48195.8 7445.4 10154 872285 7174.01 9989 5.50824e+06 
553 48195.8 7445.4 10107 882392 7174.01 9916 5.51815e+06 
554 48195.8 7445.4 10135 892527 7174.01 9983 5.52814e+06 
555 48195.8 7445.4 10183 902710 7174.01 9903 5.53804e+06 
556 48195.8 7445.4 10142 912852 7174.01 9886 5.54792e+06 
557 48195.8 7445.4 10182 923034 7174.01 9934 5.55786e+06 
558 48195.8 7445.4 10163 933197 7174.01 11179 5.56904e+06 
559 48195.8 7445.4 10158 943355 7174.01 9935 5.57897e+06 
560 48195.8 7445.4 10108 953463 7174.01 9898 5.58887e+06 
561 48195.8 7445.4 10126 963589 7174.01 9906 5.59878e+06 
562 48195.8 7445.4 10103 973692 7174.01 9915 5.60869e+06 
563 48195.8 7445.4 10111 983803 7174.01 9889 5.61858e+06 
564 48195.8 7445.4 10139 993942 7174.01 9897 5.62848e+06 
565 48195.8 7445.4 10123 1.00406e+06 7174.01 9851 5.63833e+06 
566 48195.8 7445.4 10137 1.0142e+06 7174.01 9874 5.6482e+06 
567 48195.8 7445.4 10108 1.02431e+06 7174.01 9951 5.65815e+06 
568 48195.8 7445.4 10140 1.03445e+06 7174.01 9931 5.66808e+06 
569 48195.8 7445.4 10163 1.04461e+06 7174.01 9929 5.67801e+06 
570 48195.8 7445.4 10129 1.05474e+06 7174.01 9889 5.6879e+06 
571 48195.8 7445.4 10152 1.06489e+06 7174.01 9925 5.69783e+06 
572 48195.8 7445.4 10167 1.07506e+06 7174.01 9882 5.70771e+06 
573 48195.8 7445.4 10136 1.0852e+06 7174.01 9923 5.71763e+06 
574 48195.8 7445.4 10268 1.09546e+06 7174.01 9874 5.72751e+06 
575 48195.8 7445.4 10136 1.1056e+06 7174.01 9899 5.73741e+06 
576 48195.8 7445.4 10100 1.1157e+06 7174.01 9902 5.74731e+06 
577 48195.8 7445.4 10090 1.12579e+06 7174.01 9913 5.75722e+06 
578 48195.8 7445.4 10144 1.13594e+06 7174.01 9882 5.7671e+06 
579 48195.8 7445.4 10140 1.14608e+06 7174.01 9927 5.77703e+06 
580 48195.8 7445.4 10169 1.15624e+06 7174.01 9897 5.78693e+06 
581 48195.8 7445.4 10135 1.16638e+06 7174.01 9897 5.79682e+06 
582 48195.8 7445.4 10099 1.17648e+06 7174.01 9932 5.80676e+06 
583 48195.8 7445.4 10310 1.18679e+06 7174.01 10077 5.81683e+06 
584 48195.8 7445.4 10171 1.19696e+06 7174.01 9949 5.82678e+06 
585 48195.8 7445.4 10141 1.2071e+06 7174.01 9912 5.83669e+06 
586 48195.8 7445.4 10181 1.21728e+06 7174.01 9934 5.84663e+06 
587 48195.8 7445.4 10166 1.22745e+06 7174.01 9921 5.85655e+06 
588 48195.8 7445.4 10178 1.23762e+06 7174.01 10333 5.86688e+06 
589 48195.8 7445.4 10225 1.24785e+06 7174.01 9914 5.8768e+06 
590 48195.8 7445.4 10117 1.25797e+06 7174.01 9922 5.88672e+06 
591 48195.8 7445.4 10147 1.26811e+06 7174.01 9981 5.8967e+06 
592 48195.8 7445.4 10208 1.27832e+06 7174.01 9926 5.90662e+06 
593 48195.8 7445.4 10240 1.28856e+06 7174.01 10023 5.91665e+06 
594 48195.8 7445.4 10125 1.29869e+06 7174.01 9940 5.92659e+06 
595 48195.8 7445.4 10172 1.30886e+06 7174.01 9966 5.93655e+06 
596 48195.8 7445.4 10298 1.31916e+06 7174.01 9899 5.94645e+06 
597 48195.8 7445.4 10115 1.32927e+06 7174.01 9975 5.95643e+06 
598 48195.8 7445.4 10168 1.33944e+06 7174.01 10756 5.96718e+06 
599 48195.8 7445.4 11272 1.35071e+06 7174.01 10582 5.97777e+06 
600 48195.8 7445.4 10391 1.3611e+06 7174.01 16771 5.99454e+06 
601 48195.8 7445.4 16822 1.37792e+06 7174.01 16221 6.01076e+06 
602 48195.8 7445.4 16583 1.39451e+06 7174.01 16313 6.02707e+06 
603 48195.8 7445.4 16637 1.41114e+06 7174.01 15714 6.04278e+06 
604 48195.8 7445.4 11250 1.4224e+06 7174.01 11054 6.05384e+06 
605 48195.8 7445.4 11384 1.43378e+06 7174.01 11797 6.06564e+06 
606 48195.8 7445.4 11965 1.44574e+06 7174.01 9991 6.07563e+06 
607 48195.8 7445.4 10277 1.45602e+06 7174.01 10581 6.08621e+06 
608 48195.8 7445.4 12135 1.46816e+06 7174.01 10846 6.09705e+06 
609 48195.8 7445.4 10235 1.47839e+06 7174.01 9972 6.10703e+06 
610 48195.8 7445.4 10159 1.48855e+06 7174.01 13017 6.12004e+06 
611 48195.8 7445.4 10336 1.49889e+06 7174.01 10027 6.13007e+06 
612 48195.8 7445.4 10227 1.50911e+06 7174.01 11056 6.14113e+06 
613 48195.8 7445.4 11316 1.52043e+06 7174.01 12098 6.15322e+06 
614 48195.8 7445.4 11732 1.53216e+06 7174.01 11368 6.16459e+06 
615 48195.8 7445.4 10984 1.54314e+06 7174.01 10959 6.17555e+06 
616 48195.8 7445.4 12094 1.55524e+06 7174.01 11181 6.18673e+06 
617 48195.8 7445.4 11676 1.56692e+06 7174.01 11159 6.19789e+06 
618 48195.8 7445.4 11437 1.57835e+06 7174.01 11704 6.2096e+06 
619 48195.8 7445.4 11061 1.58941e+06 7174.01 11220 6.22082e+06 
620 48195.8 7445.4 12077 1.60149e+06 7174.01 11085 6.2319e+06 
621 48195.8 7445.4 11319 1.61281e+06 7174.01 11674 6.24357e+06 
622 48195.8 7445.4 11870 1.62468e+06 7174.01 10664 6.25424e+06 
623 48195.8 7445.4 11651 1.63633e+06 7174.01 11712 6.26595e+06 
624 48195.8 7445.4 11065 1.6474e+06 7174.01 11319 6.27727e+06 
625 48195.8 7445.4 11905 1.6593e+06 7174.01 10597 6.28787e+06 
626 48195.8 7445.4 10837 1.67014e+06 7174.01 10726 6.29859e+06 
627 48195.8 7445.4 10961 1.6811e+06 7174.01 10960 6.30955e+06 
628 48195.8 7445.4 10953 1.69205e+06 7174.01 10781 6.32033e+06 
629 48195.8 7445.4 10661 1.70271e+06 7174.01 10453 6.33079e+06 
630 48195.8 7445.4 10984 1.7137e+06 7174.01 10721 6.34151e+06 
631 48195.8 7445.4 10657 1.72435e+06 7174.01 10519 6.35203e+06 
632 48195.8 7445.4 10956 1.73531e+06 7174.01 10687 6.36271e+06 
633 48195.8 7445.4 10961 1.74627e+06 7174.01 10845 6.37356e+06 
634 48195.8 7445.4 10996 1.75727e+06 7174.01 10634 6.38419e+06 
635 48195.8 7445.4 10580 1.76785e+06 7174.01 10845 6.39504e+06 
636 48195.8 7445.4 10874 1.77872e+06 7174.01 10374 6.40541e+06 
637 48195.8 7445.4 10866 1.78959e+06 7174.01 10719 6.41613e+06 
638 48195.8 7445.4 10838 1.80042e+06 7174.01 10574 6.4267e+06 
639 48195.8 7445.4 10966 1.81139e+06 7174.01 10724 6.43743e+06 
640 48195.8 7445.4 10861 1.82225e+06 7174.01 10374 6.4478e+06 
641 48195.8 7445.4 11149 1.8334e+06 7174.01 10559 6.45836e+06 
642 48195.8 7445.4 10841 1.84424e+06 7174.01 11042 6.4694e+06 
643 48195.8 7445.4 10748 1.85499e+06 7174.01 10506 6.47991e+06 
644 48195.8 7445.4 11085 1.86607e+06 7174.01 10424 6.49033e+06 
645 48195.8 7445.4 10846 1.87692e+06 7174.01 10755 6.50109e+06 
646 48195.8 7445.4 10447 1.88737e+06 7174.01 10798 6.51189e+06 
647 48195.8 7445.4 10804 1.89817e+06 7174.01 10529 6.52242e+06 
648 48195.8 7445.4 11266 1.90944e+06 7174.01 10439 6.53285e+06 
649 48195.8 7445.4 10614 1.92005e+06 7174.01 10978 6.54383e+06 
650 48195.8 7445.4 10611 1.93066e+06 7174.01 10766 6.5546e+06 
651 48195.8 7445.4 11249 1.94191e+06 7174.01 10276 6.56487e+06 
652 48195.8 7445.4 10984 1.9529e+06 7174.01 10843 6.57572e+06 
653 48195.8 7445.4 10300 1.9632e+06 7174.01 10999 6.58672e+06 
654 48195.8 7445.4 10793 1.97399e+06 7174.01 10422 6.59714e+06 
655 48195.8 7445.4 11295 1.98528e+06 7174.01 10258 6.6074e+06 
656 48195.8 7445.4 10771 1.99605e+06 7174.01 10747 6.61814e+06 
657 48195.8 7445.4 10446 2.0065e+06 7174.01 10709 6.62885e+06 
658 48195.8 7445.4 10844 2.01734e+06 7174.01 10359 6.63921e+06 
659 48195.8 7445.4 11309 2.02865e+06 7174.01 10517 6.64973e+06 
660 48195.8 7445.4 10762 2.03942e+06 7174.01 11035 6.66076e+06 
661 48195.8 7445.4 10590 2.05e+06 7174.01 10727 6.67149e+06 
662 48195.8 7445.4 11201 2.06121e+06 7174.01 10232 6.68172e+06 
663 48195.8 7445.4 11167 2.07237e+06 7174.01 10697 6.69242e+06 
664 48195.8 7445.4 10411 2.08278e+06 7174.01 10943 6.70336e+06 
665 48195.8 7445.4 11307 2.09409e+06 7174.01 11660 6.71502e+06 
666 48195.8 7445.4 10995 2.10509e+06 7174.01 9991 6.72501e+06 
667 48195.8 7445.4 10902 2.11599e+06 7174.01 10640 6.73565e+06 
668 48195.8 7445.4 10215 2.1262e+06 7174.01 10533 6.74619e+06 
669 48195.8 7445.4 10320 2.13652e+06 7174.01 10503 6.75669e+06 
670 48195.8 7445.4 10917 2.14744e+06 7174.01 10039 6.76673e+06 
671 48195.8 7445.4 10840 2.15828e+06 7174.01 10627 6.77736e+06 
672 48195.8 7445.4 10192 2.16847e+06 7174.01 10555 6.78791e+06 
673 48195.8 7445.4 10542 2.17901e+06 7174.01 10117 6.79803e+06 
674 48195.8 7445.4 10894 2.18991e+06 7174.01 10001 6.80803e+06 
675 48195.8 7445.4 10745 2.20065e+06 7174.01 10286 6.81831e+06 
676 48195.8 7445.4 10180 2.21083e+06 7174.01 10519 6.82883e+06 
677 48195.8 7445.4 10694 2.22153e+06 7174.01 10006 6.83884e+06 
678 48195.8 7445.4 10714 2.23224e+06 7174.01 9940 6.84878e+06 
679 48195.8 7445.4 10658 2.2429e+06 7174.01 10492 6.85927e+06 
680 48195.8 7445.4 10206 2.2531e+06 7174.01 10320 6.86959e+06 
681 48195.8 7445.4 10637 2.26374e+06 7174.01 10229 6.87982e+06 
682 48195.8 7445.4 10823 2.27456e+06 7174.01 9994 6.88981e+06 
683 48195.8 7445.4 10739 2.2853e+06 7174.01 10612 6.90043e+06 
684 48195.8 7445.4 10197 2.2955e+06 7174.01 10566 6.91099e+06 
685 48195.8 7445.4 10846 2.30635e+06 7174.01 9969 6.92096e+06 
686 48195.8 7445.4 10858 2.3172e+06 7174.01 9944 6.9309e+06 
687 48195.8 7445.4 10627 2.32783e+06 7174.01 10612 6.94152e+06 
688 48195.8 7445.4 10181 2.33801e+06 7174.01 10548 6.95206e+06 
689 48195.8 7445.4 10814 2.34883e+06 7174.01 9973 6.96204e+06 
690 48195.8 7445.4 10840 2.35967e+06 7174.01 10051 6.97209e+06 
691 48195.8 7445.4 10787 2.37045e+06 7174.01 10148 6.98224e+06 
692 48195.8 7445.4 10232 2.38069e+06 7174.01 10215 6.99245e+06 
693 48195.8 7445.4 10224 2.39091e+06 7174.01 9908 7.00236e+06 
694 48195.8 7445.4 10131 2.40104e+06 7174.01 10059 7.01242e+06 
695 48195.8 7445.4 10190 2.41123e+06 7174.01 9934 7.02235e+06 
696 48195.8 7445.4 10156 2.42139e+06 7174.01 9931 7.03228e+06 
697 48195.8 7445.4 10197 2.43158e+06 7174.01 9967 7.04225e+06 
698 48195.8 7445.4 10211 2.4418e+06 7174.01 10152 7.0524e+06 
699 48195.8 7445.4 10454 2.45225e+06 7174.01 9975 7.06238e+06 
700 48195.8 7445.4 10183 2.46243e+06 7174.01 9908 7.07229e+06 
701 48195.8 7445.4 10215 2.47265e+06 7174.01 9905 7.08219e+06 
702 48195.8 7445.4 10172 2.48282e+06 7174.01 9940 7.09213e+06 
703 48195.8 7445.4 10142 2.49296e+06 7174.01 9941 7.10207e+06 
704 48195.8 7445.4 10130 2.50309e+06 7174.01 9958 7.11203e+06 
705 48195.8 7445.4 10177 2.51327e+06 7174.01 9935 7.12196e+06 
706 48195.8 7445.4 10183 2.52345e+06 7174.01 10192 7.13216e+06 
707 48195.8 7445.4 10203 2.53365e+06 7174.01 9990 7.14215e+06 
708 48195.8 7445.4 10205 2.54386e+06 7174.01 9921 7.15207e+06 
709 48195.8 7445.4 10163 2.55402e+06 7174.01 9915 7.16198e+06 
710 48195.8 7445.4 10178 2.5642e+06 7174.01 9909 7.17189e+06 
711 48195.8 7445.4 10133 2.57433e+06 7174.01 9992 7.18188e+06 
712 48195.8 7445.4 10178 2.58451e+06 7174.01 9964 7.19185e+06 
713 48195.8 7445.4 10141 2.59465e+06 7174.01 9962 7.20181e+06 
714 48195.8 7445.4 10203 2.60486e+06 7174.01 9946 7.21176e+06 
715 48195.8 7445.4 10147 2.615e+06 7174.01 9919 7.22168e+06 
716 48195.8 7445.4 10166 2.62517e+06 7174.01 9937 7.23161e+06 
717 48195.8 7445.4 10201 2.63537e+06 7174.01 9949 7.24156e+06 
718 48195.8 7445.4 10179 2.64555e+06 7174.01 9906 7.25147e+06 
719 48195.8 7445.4 10190 2.65574e+06 7174.01 10017 7.26148e+06 
720 48195.8 7445.4 10128 2.66587e+06 7174.01 9933 7.27142e+06 
721 48195.8 7445.4 10135 2.676e+06 7174.01 9950 7.28137e+06 
722 48195.8 7445.4 10146 2.68615e+06 7174.01 9926 7.29129e+06 
723 48195.8 7445.4 10916 2.69706e+06 7174.01 10329 7.30162e+06 
724 48195.8 7445.4 10208 2.70727e+06 7174.01 9947 7.31157e+06 
725 48195.8 7445.4 10150 2.71742e+06 7174.01 9891 7.32146e+06 
726 48195.8 7445.4 10161 2.72758e+06 7174.01 9970 7.33143e+06 
727 48195.8 7445.4 10158 2.73774e+06 7174.01 9890 7.34132e+06 
728 48195.8 7445.4 10146 2.74789e+06 7174.01 10283 7.3516e+06 
729 48195.8 7445.4 10159 2.75804e+06 7174.01 10008 7.36161e+06 
730 48195.8 7445.4 10120 2.76816e+06 7174.01 9919 7.37153e+06 
731 48195.8 7445.4 10115 2.77828e+06 7174.01 9984 7.38151e+06 
732 48195.8 7445.4 10191 2.78847e+06 7174.01 9907 7.39142e+06 
733 48195.8 7445.4 10123 2.79859e+06 7174.01 9935 7.40136e+06 
734 48195.8 7445.4 10153 2.80875e+06 7174.01 9911 7.41127e+06 
735 48195.8 7445.4 10143 2.81889e+06 7174.01 9904 7.42117e+06 
736 48195.8 7445.4 10169 2.82906e+06 7174.01 9916 7.43109e+06 
737 48195.8 7445.4 10134 2.83919e+06 7174.01 9933 7.44102e+06 
738 48195.8 7445.4 10121 2.84931e+06 7174.01 9909 7.45093e+06 
739 48195.8 7445.4 10137 2.85945e+06 7174.01 9938 7.46087e+06 
740 48195.8 7445.4 10118 2.86957e+06 7174.01 9899 7.47077e+06 
741 48195.8 7445.4 10148 2.87972e+06 7174.01 9878 7.48064e+06 
742 48195.8 7445.4 10212 2.88993e+06 7174.01 9897 7.49054e+06 
743 48195.8 7445.4 10171 2.9001e+06 7174.01 9886 7.50043e+06 
744 48195.8 7445.4 10210 2.91031e+06 7174.01 10011 7.51044e+06 
745 48195.8 7445.4 10136 2.92045e+06 7174.01 9929 7.52037e+06 
746 48195.8 7445.4 10129 2.93058e+06 7174.01 9972 7.53034e+06 
747 48195.8 7445.4 10194 2.94077e+06 7174.01 9999 7.54034e+06 
748 48195.8 7445.4 10161 2.95093e+06 7174.01 9936 7.55027e+06 
749 48195.8 7445.4 10132 2.96106e+06 7174.01 9918 7.56019e+06 
750 48195.8 7445.4 10139 2.9712e+06 7174.01 9883 7.57008e+06 
751 48195.8 7445.4 10151 2.98135e+06 7174.01 9928 7.58e+06 
752 48195.8 7445.4 10183 2.99154e+06 7174.01 9877 7.58988e+06 
753 48195.8 7445.4 10087 3.00162e+06 7174.01 9927 7.59981e+06 
754 48195.8 7445.4 10096 3.01172e+06 7174.01 9943 7.60975e+06 
755 48195.8 7445.4 10089 3.02181e+06 7174.01 9878 7.61963e+06 
756 48195.8 7445.4 10090 3.0319e+06 7174.01 9946 7.62957e+06 
757 48195.8 7445.4 10209 3.04211e+06 7174.01 9906 7.63948e+06 
758 48195.8 7445.4 10117 3.05222e+06 7174.01 10276 7.64976e+06 
759 48195.8 7445.4 10158 3.06238e+06 7174.01 9894 7.65965e+06 
760 48195.8 7445.4 10084 3.07246e+06 7174.01 9892 7.66954e+06 
761 48195.8 7445.4 10118 3.08258e+06 7174.01 9890 7.67943e+06 
762 48195.8 7445.4 10148 3.09273e+06 7174.01 9902 7.68933e+06 
763 48195.8 7445.4 10107 3.10284e+06 7174.01 9866 7.6992e+06 
764 48195.8 7445.4 10146 3.11298e+06 7174.01 9902 7.7091e+06 
765 48195.8 7445.4 10145 3.12313e+06 7174.01 9864 7.71897e+06 
766 48195.8 7445.4 10127 3.13326e+06 7174.01 9877 7.72884e+06 
767 48195.8 7445.4 10212 3.14347e+06 7174.01 9919 7.73876e+06 
768 48195.8 7445.4 10095 3.15356e+06 7174.01 9895 7.74866e+06 
769 48195.8 7445.4 10165 3.16373e+06 7174.01 9967 7.75862e+06 
770 48195.8 7445.4 10080 3.17381e+06 7174.01 9864 7.76849e+06 
771 48195.8 7445.4 10107 3.18392e+06 7174.01 9862 7.77835e+06 
772 48195.8 7445.4 10145 3.19406e+06 7174.01 10013 7.78836e+06 
773 48195.8 7445.4 10305 3.20436e+06 7174.01 9899 7.79826e+06 
774 48195.8 7445.4 10130 3.2145e+06 7174.01 9917 7.80818e+06 
775 48195.8 7445.4 10125 3.22462e+06 7174.01 9886 7.81806e+06 
776 48195.8 7445.4 10093 3.23471e+06 7174.01 9935 7.828e+06 
777 48195.8 7445.4 10119 3.24483e+06 7174.01 9931 7.83793e+06 
778 48195.8 7445.4 10125 3.25496e+06 7174.01 9869 7.8478e+06 
779 48195.8 7445.4 10125 3.26508e+06 7174.01 9932 7.85773e+06 
780 48195.8 7445.4 10119 3.2752e+06 7174.01 9873 7.8676e+06 
781 48195.8 7445.4 10126 3.28533e+06 7174.01 9949 7.87755e+06 
782 48195.8 7445.4 10176 3.2955e+06 7174.01 9932 7.88749e+06 
783 48195.8 7445.4 10098 3.3056e+06 7174.01 9905 7.89739e+06 
784 48195.8 7445.4 10097 3.3157e+06 7174.01 9921 7.90731e+06 
785 48195.8 7445.4 10121 3.32582e+06 7174.01 9874 7.91719e+06 
786 48195.8 7445.4 10154 3.33597e+06 7174.01 9863 7.92705e+06 
787 48195.8 7445.4 10150 3.34612e+06 7174.01 9888 7.93694e+06 
788 48195.8 7445.4 10119 3.35624e+06 7174.01 9895 7.94683e+06 
789 48195.8 7445.4 10155 3.3664e+06 7174.01 9925 7.95676e+06 
790 48195.8 7445.4 10105 3.3765e+06 7174.01 9896 7.96665e+06 
791 48195.8 7445.4 10123 3.38662e+06 7174.01 9935 7.97659e+06 
792 48195.8 7445.4 10138 3.39676e+06 7174.01 9937 7.98652e+06 
793 48195.8 7445.4 10143 3.40691e+06 7174.01 9906 7.99643e+06 
794 48195.8 7445.4 10220 3.41713e+06 7174.01 9951 8.00638e+06 
795 48195.8 7445.4 10147 3.42727e+06 7174.01 9902 8.01628e+06 
796 48195.8 7445.4 10150 3.43742e+06 7174.01 9991 8.02628e+06 
797 48195.8 7445.4 10163 3.44759e+06 7174.01 9980 8.03626e+06 
798 48195.8 7445.4 10207 3.45779e+06 7174.01 9934 8.04619e+06 
799 48195.8 7445.4 10118 3.46791e+06 7174.01 9918 8.05611e+06 
800 48195.8 7445.4 10109 3.47802e+06 7174.01 9946 8.06605e+06 
801 48195.8 7445.4 10134 3.48815e+06 7174.01 9907 8.07596e+06 
802 48195.8 7445.4 10159 3.49831e+06 7174.01 9916 8.08588e+06 
803 48195.8 7445.4 10168 3.50848e+06 7174.01 9879 8.09576e+06 
804 48195.8 7445.4 10142 3.51862e+06 7174.01 9920 8.10568e+06 
805 48195.8 7445.4 10100 3.52872e+06 7174.01 9923 8.1156e+06 
806 48195.8 7445.4 10093 3.53882e+06 7174.01 9957 8.12556e+06 
807 48195.8 7445.4 10154 3.54897e+06 7174.01 9932 8.13549e+06 
808 48195.8 7445.4 10125 3.5591e+06 7174.01 9875 8.14536e+06 
809 48195.8 7445.4 10123 3.56922e+06 7174.01 9925 8.15529e+06 
810 48195.8 7445.4 10138 3.57936e+06 7174.01 9874 8.16516e+06 
811 48195.8 7445.4 10188 3.58954e+06 7174.01 9867 8.17503e+06 
812 48195.8 7445.4 10146 3.59969e+06 7174.01 9894 8.18492e+06 
813 48195.8 7445.4 10170 3.60986e+06 7174.01 9926 8.19485e+06 
814 48195.8 7445.4 10172 3.62003e+06 7174.01 9909 8.20476e+06 
815 48195.8 7445.4 10107 3.63014e+06 7174.01 9902 8.21466e+06 
816 48195.8 7445.4 10105 3.64024e+06 7174.01 9868 8.22453e+06 
817 48195.8 7445.4 10180 3.65042e+06 7174.01 9867 8.23439e+06 
818 48195.8 7445.4 10121 3.66054e+06 7174.01 9897 8.24429e+06 
819 48195.8 7445.4 10216 3.67076e+06 7174.01 9970 8.25426e+06 
820 48195.8 7445.4 10182 3.68094e+06 7174.01 9876 8.26414e+06 
821 48195.8 7445.4 10100 3.69104e+06 7174.01 9895 8.27403e+06 
822 48195.8 7445.4 10117 3.70116e+06 7174.01 10068 8.2841e+06 
823 48195.8 7445.4 10160 3.71132e+06 7174.01 9948 8.29405e+06 
824 48195.8 7445.4 10105 3.72142e+06 7174.01 9920 8.30397e+06 
825 48195.8 7445.4 10124 3.73155e+06 7174.01 9895 8.31386e+06 
826 48195.8 7445.4 10150 3.7417e+06 7174.01 9874 8.32374e+06 
827 48195.8 7445.4 10147 3.75185e+06 7174.01 9885 8.33362e+06 
828 48195.8 7445.4 10104 3.76195e+06 7174.01 9895 8.34352e+06 
829 48195.8 7445.4 10123 3.77207e+06 7174.01 9908 8.35342e+06 
830 48195.8 7445.4 10101 3.78217e+06 7174.01 9911 8.36334e+06 
831 48195.8 7445.4 10144 3.79232e+06 7174.01 9921 8.37326e+06 
832 48195.8 7445.4 10164 3.80248e+06 7174.01 9901 8.38316e+06 
833 48195.8 7445.4 10148 3.81263e+06 7174.01 9897 8.39306e+06 
834 48195.8 7445.4 10141 3.82277e+06 7174.01 9908 8.40296e+06 
835 48195.8 7445.4 10124 3.8329e+06 7174.01 9880 8.41284e+06 
836 48195.8 7445.4 10134 3.84303e+06 7174.01 9890 8.42273e+06 
837 48195.8 7445.4 10130 3.85316e+06 7174.01 9902 8.43264e+06 
838 48195.8 7445.4 10130 3.86329e+06 7174.01 9959 8.44259e+06 
839 48195.8 7445.4 10097 3.87339e+06 7174.01 9898 8.45249e+06 
840 48195.8 7445.4 10129 3.88352e+06 7174.01 9879 8.46237e+06 
841 48195.8 7445.4 10115 3.89363e+06 7174.01 9922 8.47229e+06 
842 48195.8 7445.4 10172 3.9038e+06 7174.01 9864 8.48216e+06 
843 48195.8 7445.4 10094 3.9139e+06 7174.01 9971 8.49213e+06 
844 48195.8 7445.4 10186 3.92408e+06 7174.01 9946 8.50207e+06 
845 48195.8 7445.4 10101 3.93418e+06 7174.01 9900 8.51197e+06 
846 48195.8 7445.4 10150 3.94433e+06 7174.01 9901 8.52188e+06 
847 48195.8 7445.4 10185 3.95452e+06 7174.01 9996 8.53187e+06 
848 48195.8 7445.4 10205 3.96472e+06 7174.01 9904 8.54178e+06 
849 48195.8 7445.4 10140 3.97486e+06 7174.01 9936 8.55171e+06 
850 48195.8 7445.4 10122 3.98498e+06 7174.01 9910 8.56162e+06 
851 48195.8 7445.4 10116 3.9951e+06 7174.01 9904 8.57152e+06 
852 48195.8 7445.4 10123 4.00522e+06 7174.01 9927 8.58145e+06 
853 48195.8 7445.4 10147 4.01537e+06 7174.01 9905 8.59136e+06 
854 48195.8 7445.4 10158 4.02553e+06 7174.01 9927 8.60128e+06 
855 48195.8 7445.4 10125 4.03565e+06 7174.01 9882 8.61117e+06 
856 48195.8 7445.4 10181 4.04584e+06 7174.01 9967 8.62113e+06 
857 48195.8 7445.4 10171 4.05601e+06 7174.01 9874 8.63101e+06 
858 48195.8 7445.4 10132 4.06614e+06 7174.01 9910 8.64092e+06 
859 48195.8 7445.4 10119 4.07626e+06 7174.01 9918 8.65084e+06 
860 48195.8 7445.4 10093 4.08635e+06 7174.01 9892 8.66073e+06 
861 48195.8 7445.4 10124 4.09647e+06 7174.01 9909 8.67064e+06 
862 48195.8 7445.4 10124 4.1066e+06 7174.01 9881 8.68052e+06 
863 48195.8 7445.4 10163 4.11676e+06 7174.01 9900 8.69042e+06 
864 48195.8 7445.4 10170 4.12693e+06 7174.01 10131 8.70055e+06 
865 48195.8 7445.4 10151 4.13708e+06 7174.01 9876 8.71042e+06 
866 48195.8 7445.4 10100 4.14718e+06 7174.01 9897 8.72032e+06 
867 48195.8 7445.4 10121 4.1573e+06 7174.01 9915 8.73024e+06 
868 48195.8 7445.4 10099 4.1674e+06 7174.01 9952 8.74019e+06 
869 48195.8 7445.4 10171 4.17757e+06 7174.01 9909 8.7501e+06 
870 48195.8 7445.4 10129 4.1877e+06 7174.01 9874 8.75997e+06 
871 48195.8 7445.4 10117 4.19782e+06 7174.01 9858 8.76983e+06 
872 48195.8 7445.4 10237 4.20806e+06 7174.01 9947 8.77978e+06 
873 48195.8 7445.4 10195 4.21825e+06 7174.01 9901 8.78968e+06 
874 48195.8 7445.4 10112 4.22836e+06 7174.01 9950 8.79963e+06 
875 48195.8 7445.4 10095 4.23846e+06 7174.01 9915 8.80954e+06 
876 48195.8 7445.4 10129 4.24859e+06 7174.01 9885 8.81943e+06 
877 48195.8 7445.4 10140 4.25873e+06 7174.01 9851 8.82928e+06 
878 48195.8 7445.4 10127 4.26885e+06 7174.01 9866 8.83914e+06 
879 48195.8 7445.4 10155 4.27901e+06 7174.01 9931 8.84908e+06 
880 48195.8 7445.4 10132 4.28914e+06 7174.01 9890 8.85896e+06 
881 48195.8 7445.4 10152 4.29929e+06 7174.01 9905 8.86887e+06 
882 48195.8 7445.4 10125 4.30942e+06 7174.01 9901 8.87877e+06 
883 48195.8 7445.4 10173 4.31959e+06 7174.01 9932 8.8887e+06 
884 48195.8 7445.4 10093 4.32968e+06 7174.01 9965 8.89867e+06 
885 48195.8 7445.4 10117 4.3398e+06 7174.01 9919 8.90859e+06 
886 48195.8 7445.4 10126 4.34993e+06 7174.01 9870 8.91846e+06 
887 48195.8 7445.4 10145 4.36007e+06 7174.01 9873 8.92833e+06 
888 48195.8 7445.4 10137 4.37021e+06 7174.01 9930 8.93826e+06 
889 48195.8 7445.4 10100 4.38031e+06 7174.01 9945 8.9482e+06 
890 48195.8 7445.4 10117 4.39043e+06 7174.01 9903 8.95811e+06 
891 48195.8 7445.4 10107 4.40053e+06 7174.01 9898 8.96801e+06 
892 48195.8 7445.4 10150 4.41068e+06 7174.01 9865 8.97787e+06 
893 48195.8 7445.4 10136 4.42082e+06 7174.01 9931 8.9878e+06 
894 48195.8 7445.4 10198 4.43102e+06 7174.01 9912 8.99771e+06 
895 48195.8 7445.4 10140 4.44116e+06 7174.01 9890 9.0076e+06 
896 48195.8 7445.4 10160 4.45132e+06 7174.01 9922 9.01753e+06 
897 48195.8 7445.4 10193 4.46151e+06 7174.01 9943 9.02747e+06 
898 48195.8 7445.4 10164 4.47167e+06 7174.01 9898 9.03737e+06 
899 48195.8 7445.4 10101 4.48178e+06 7174.01 9908 9.04728e+06 
900 48195.8 7445.4 10191 4.49197e+06 7174.01 9909 9.05718e+06 
901 48195.8 7445.4 10136 4.5021e+06 7174.01 9870 9.06705e+06 
902 48195.8 7445.4 10149 4.51225e+06 7174.01 9901 9.07696e+06 
903 48195.8 7445.4 10095 4.52235e+06 7174.01 9906 9.08686e+06 
904 48195.8 7445.4 10125 4.53247e+06 7174.01 9953 9.09681e+06 
905 48195.8 7445.4 10112 4.54258e+06 7174.01 9928 9.10674e+06 
906 48195.8 7445.4 10186 4.55277e+06 7174.01 9962 9.1167e+06 
907 48195.8 7445.4 10135 4.5629e+06 7174.01 9883 9.12659e+06 
908 48195.8 7445.4 10123 4.57303e+06 7174.01 9884 9.13647e+06 
909 48195.8 7445.4 10142 4.58317e+06 7174.01 9875 9.14635e+06 
910 48195.8 7445.4 10155 4.59332e+06 7174.01 9913 9.15626e+06 
911 48195.8 7445.4 10097 4.60342e+06 7174.01 9910 9.16617e+06 
912 48195.8 7445.4 10117 4.61354e+06 7174.01 9898 9.17607e+06 
913 48195.8 7445.4 10127 4.62366e+06 7174.01 9918 9.18598e+06 
914 48195.8 7445.4 10123 4.63379e+06 7174.01 9878 9.19586e+06 
915 48195.8 7445.4 10146 4.64393e+06 7174.01 9876 9.20574e+06 
916 48195.8 7445.4 10196 4.65413e+06 7174.01 9907 9.21565e+06 
917 48195.8 7445.4 10141 4.66427e+06 7174.01 9873 9.22552e+06 
918 48195.8 7445.4 10107 4.67438e+06 7174.01 9974 9.23549e+06 
919 48195.8 7445.4 10161 4.68454e+06 7174.01 9912 9.2454e+06 
920 48195.8 7445.4 10095 4.69463e+06 7174.01 9923 9.25533e+06 
921 48195.8 7445.4 10097 4.70473e+06 7174.01 9912 9.26524e+06 
922 48195.8 7445.4 10233 4.71496e+06 7174.01 9973 9.27521e+06 
923 48195.8 7445.4 10169 4.72513e+06 7174.01 9867 9.28508e+06 
924 48195.8 7445.4 10128 4.73526e+06 7174.01 9898 9.29498e+06 
925 48195.8 7445.4 10172 4.74543e+06 7174.01 9895 9.30487e+06 
926 48195.8 7445.4 10162 4.7556e+06 7174.01 9925 9.3148e+06 
927 48195.8 7445.4 10094 4.76569e+06 7174.01 9884 9.32468e+06 
928 48195.8 7445.4 10099 4.77579e+06 7174.01 9902 9.33458e+06 
929 48195.8 7445.4 10141 4.78593e+06 7174.01 9871 9.34446e+06 
930 48195.8 7445.4 10120 4.79605e+06 7174.01 9906 9.35436e+06 
931 48195.8 7445.4 10211 4.80626e+06 7174.01 9908 9.36427e+06 
932 48195.8 7445.4 10106 4.81637e+06 7174.01 9878 9.37415e+06 
933 48195.8 7445.4 10119 4.82648e+06 7174.01 9911 9.38406e+06 
934 48195.8 7445.4 10128 4.83661e+06 7174.01 9913 9.39397e+06 
935 48195.8 7445.4 10102 4.84672e+06 7174.01 9934 9.4039e+06 
936 48195.8 7445.4 10090 4.8568e+06 7174.01 9917 9.41382e+06 
937 48195.8 7445.4 10105 4.86691e+06 7174.01 9882 9.4237e+06 
938 48195.8 7445.4 10119 4.87703e+06 7174.01 9876 9.43358e+06 
939 48195.8 7445.4 10159 4.88719e+06 7174.01 9848 9.44343e+06 
940 48195.8 7445.4 10101 4.89729e+06 7174.01 9885 9.45331e+06 
941 48195.8 7445.4 10103 4.90739e+06 7174.01 9929 9.46324e+06 
942 48195.8 7445.4 10116 4.91751e+06 7174.01 9890 9.47313e+06 
943 48195.8 7445.4 10107 4.92762e+06 7174.01 9952 9.48308e+06 
944 48195.8 7445.4 10194 4.93781e+06 7174.01 9919 9.493e+06 
945 48195.8 7445.4 10101 4.94791e+06 7174.01 9879 9.50288e+06 
946 48195.8 7445.4 10246 4.95816e+06 7174.01 9908 9.51279e+06 
947 48195.8 7445.4 10255 4.96841e+06 7174.01 9941 9.52273e+06 
948 48195.8 7445.4 10151 4.97856e+06 7174.01 9887 9.53262e+06 
949 48195.8 7445.4 10120 4.98868e+06 7174.01 9891 9.54251e+06 
950 48195.8 7445.4 10127 4.99881e+06 7174.01 9927 9.55244e+06 
951 48195.8 7445.4 10151 5.00896e+06 7174.01 10287 9.56272e+06 
952 48195.8 7445.4 10219 5.01918e+06 7174.01 9952 9.57268e+06 
953 48195.8 7445.4 10168 5.02935e+06 7174.01 9903 9.58258e+06 
954 48195.8 7445.4 10176 5.03952e+06 7174.01 9884 9.59246e+06 
955 48195.8 7445.4 10133 5.04966e+06 7174.01 9932 9.60239e+06 
956 48195.8 7445.4 10196 5.05985e+06 7174.01 9927 9.61232e+06 
957 48195.8 7445.4 10137 5.06999e+06 7174.01 9881 9.6222e+06 
958 48195.8 7445.4 10145 5.08013e+06 7174.01 9889 9.63209e+06 
959 48195.8 7445.4 10132 5.09027e+06 7174.01 9878 9.64197e+06 
960 48195.8 7445.4 10118 5.10038e+06 7174.01 9910 9.65188e+06 
961 48195.8 7445.4 10127 5.11051e+06 7174.01 9896 9.66178e+06 
962 48195.8 7445.4 10129 5.12064e+06 7174.01 9915 9.67169e+06 
963 48195.8 7445.4 10114 5.13075e+06 7174.01 9902 9.68159e+06 
964 48195.8 7445.4 10143 5.1409e+06 7174.01 9894 9.69149e+06 
965 48195.8 7445.4 10101 5.151e+06 7174.01 9884 9.70137e+06 
966 48195.8 7445.4 10188 5.16119e+06 7174.01 9977 9.71135e+06 
967 48195.8 7445.4 10104 5.17129e+06 7174.01 9899 9.72125e+06 
968 48195.8 7445.4 10159 5.18145e+06 7174.01 9948 9.73119e+06 
969 48195.8 7445.4 10164 5.19161e+06 7174.01 9882 9.74108e+06 
970 48195.8 7445.4 10146 5.20176e+06 7174.01 9886 9.75096e+06 
971 48195.8 7445.4 10107 5.21187e+06 7174.01 9942 9.7609e+06 
972 48195.8 7445.4 10277 5.22214e+06 7174.01 10000 9.7709e+06 
973 48195.8 7445.4 10122 5.23226e+06 7174.01 9877 9.78078e+06 
974 48195.8 7445.4 10117 5.24238e+06 7174.01 9877 9.79066e+06 
975 48195.8 7445.4 10145 5.25253e+06 7174.01 9919 9.80058e+06 
976 48195.8 7445.4 10120 5.26265e+06 7174.01 9950 9.81053e+06 
977 48195.8 7445.4 10121 5.27277e+06 7174.01 9908 9.82044e+06 
978 48195.8 7445.4 10147 5.28292e+06 7174.01 9868 9.8303e+06 
979 48195.8 7445.4 10174 5.29309e+06 7174.01 9888 9.84019e+06 
980 48195.8 7445.4 10108 5.3032e+06 7174.01 9977 9.85017e+06 
981 48195.8 7445.4 10168 5.31336e+06 7174.01 9967 9.86014e+06 
982 48195.8 7445.4 10094 5.32346e+06 7174.01 9877 9.87001e+06 
983 48195.8 7445.4 10144 5.3336e+06 7174.01 9881 9.87989e+06 
984 48195.8 7445.4 10148 5.34375e+06 7174.01 9903 9.8898e+06 
985 48195.8 7445.4 10501 5.35425e+06 7174.01 15299 9.9051e+06 
986 48195.8 7445.4 15667 5.36992e+06 7174.01 15327 9.92042e+06 
987 48195.8 7445.4 15690 5.38561e+06 7174.01 15342 9.93576e+06 
988 48195.8 7445.4 15631 5.40124e+06 7174.01 15323 9.95109e+06 
989 48195.8 7445.4 15693 5.41693e+06 7174.01 15382 9.96647e+06 
990 48195.8 7445.4 15661 5.43259e+06 7174.01 15383 9.98185e+06 
991 48195.8 7445.4 15656 5.44825e+06 7174.01 15324 9.99718e+06 
992 48195.8 7445.4 15726 5.46398e+06 7174.01 15416 1.00126e+07 
993 48195.8 7445.4 15716 5.47969e+06 7174.01 15299 1.00279e+07 
994 48195.8 7445.4 15707 5.4954e+06 7174.01 15312 1.00432e+07 
995 48195.8 7445.4 15722 5.51112e+06 7174.01 15395 1.00586e+07 
996 48195.8 7445.4 15762 5.52688e+06 7174.01 15329 1.00739e+07 
997 48195.8 7445.4 15701 5.54258e+06 7174.01 15375 1.00893e+07 
998 48195.8 7445.4 15650 5.55823e+06 7174.01 15449 1.01048e+07 
999 48195.8 7445.4 15703 5.57394e+06 7174.01 15348 1.01201e+07 
