0 47354.1 47345.6 24 46366.8 9550 
1 46842.4 46764.2 21 45977.7 9550 
2 46842.4 46620.8 11 45876.8 9444 
3 46842.4 46631.4 22 45876.8 9469 
4 46842.4 46564.3 20 45824.4 9415 
5 46842.4 46594 11 45862.8 9430 
6 46842.4 46157.3 11 45762.2 9494 
7 46842.4 46573.6 69 45762.2 9442 
8 46842.4 46721.7 10 45943.1 9399 
9 46842.4 46643.8 11 45948.2 9519 
10 46842.4 46836.1 67 45552.7 9420 
11 46842.4 46650.9 10 45892.5 9412 
12 46842.4 46768.9 21 45552.7 9453 
13 46842.4 46256.5 49 45749.8 9489 
14 46842.4 46825 11 45827.7 9479 
15 46842.4 46534.9 11 45569.7 9498 
16 46842.4 46593.8 11 45749.8 9422 
17 46842.4 46726.2 39 46078.9 9431 
18 46842.4 46699.7 11 46095.3 9538 
19 46842.4 46834.9 10 45749.8 9466 
20 46842.4 46445.8 11 45895.7 9451 
21 46842.4 46529.5 31 45568.4 9459 
22 46842.4 46752.3 20 45914.5 9444 
23 46842.4 46833.5 11 45824.4 9402 
24 46842.4 46841.5 20 45876.8 9637 
25 46842.4 46829.6 68 45568.4 9501 
26 46842.4 46517.2 49 45762.2 9441 
27 46842.4 46385.7 39 45569.7 9524 
28 46842.4 46514.9 20 45749.8 9412 
29 46842.4 46599.5 21 45749.8 9715 
30 46842.4 46759.9 20 45569.7 9502 
31 46842.4 46615.3 20 45552.7 9422 
32 46842.4 46196.9 30 45914.5 9504 
33 46842.4 46733 11 45914.5 9567 
34 46824.5 46600.9 10 45817.6 9599 
35 46824.5 46522.3 21 45577.3 9480 
36 46824.5 46789.6 21 45970.2 9539 
37 46824.5 46772 11 45713.5 9467 
38 46824.5 46765.3 11 45744.2 9469 
39 46824.5 46724.2 11 45982.3 9545 
40 46824.5 46706 79 45791.7 9433 
41 46824.5 46724.8 11 45454.3 9422 
42 46824.5 46468.8 40 45745.9 9514 
43 46824.5 46579.7 49 45577.3 9431 
44 46824.5 46632.8 21 45684.8 9696 
45 46824.5 46772 21 45577.3 9555 
46 46824.5 46816.7 11 45745.9 9430 
47 46824.5 46751 77 45454.3 10031 
48 46824.5 46794.5 59 45684.8 9463 
49 46824.5 46702 31 45744.2 9539 
50 46824.5 46818.4 11 45873.9 9446 
51 46824.5 46572 21 45577.3 9530 
52 46824.5 46090 11 45713.5 9425 
53 46824.5 46702.6 39 45454.3 9498 
54 46824.5 46672.8 30 45777.7 9689 
55 46824.5 46602.3 30 45817.6 9452 
56 46824.5 46291.3 29 45873.5 9416 
57 46824.5 46503.7 11 45760.6 9493 
58 46824.5 46590 40 45454.3 9836 
59 46824.5 46775.2 20 45745.9 9500 
60 46824.5 46797.8 11 45817.6 9504 
61 46824.5 46608.6 20 45743.2 9442 
62 46824.5 46654 40 45745.9 9444 
63 46824.5 46619.4 11 45577.3 9623 
64 46824.5 46700.4 11 45684.8 9541 
65 46824.5 46298.9 29 45577.3 9443 
66 46824.5 46690.2 31 45782.8 9487 
67 46824.5 46545.9 30 45954.8 9457 
68 46824.5 46586.2 59 45454.3 9453 
69 46824.5 46588.2 30 45789.7 9739 
70 46824.5 46784.1 11 45577.3 9415 
71 46824.5 46751.6 11 45927.8 9453 
72 46824.5 46701.2 12 45744.2 9566 
73 46824.5 46791.7 40 45745.9 9429 
74 46824.5 46739.5 30 45873.9 9508 
75 46824.5 46793.4 51 45713.5 9472 
76 46497.7 46342 20 45541 9477 
77 46497.7 46409.7 29 45458.2 9425 
78 46497.7 46208.3 11 45458.2 9536 
79 46497.7 46451.7 11 45458.2 9483 
80 46497.7 46288.1 59 45502.2 9493 
81 46497.7 46384 79 45417.6 9595 
82 45083.2 45017.7 11 44103.5 9473 
83 45083.2 44908.6 30 44176.7 9566 
84 45083.2 44943.6 21 44215.3 9487 
85 45083.2 45044.9 31 44299 9500 
86 45083.2 44963.8 10 44203.4 9466 
87 45083.2 44803.5 21 44123.9 9532 
88 45083.2 44719.1 11 44165.2 9502 
89 45083.2 45008.8 11 44203.5 9426 
90 45083.2 44701.1 40 44176.7 9571 
91 45083.2 45021 12 44176.7 9395 
92 45083.2 45080.1 57 44103.5 9402 
93 45083.2 44921.9 32 44215.3 9509 
94 45083.2 45019.7 106 44105.1 9483 
95 45083.2 44900.8 11 44144.7 9394 
96 45083.2 44213.7 12 44105.1 9641 
97 45083.2 44315.6 39 44192.8 9425 
98 45083.2 44846.1 49 44203.6 9410 
99 45083.2 44862.4 21 44084.1 9522 
100 45083.2 45046.2 11 44192.8 9495 
101 45083.2 45051.1 49 44130 9483 
102 45083.2 44557.6 31 44084.1 9439 
103 45083.2 45070 30 44105.1 9436 
104 45083.2 44956 20 44105.1 9420 
105 45083.2 45054.4 21 44203.4 9454 
106 45083.2 44866.9 11 44238.4 9429 
107 45083.2 44912.5 49 44203.5 9415 
108 45083.2 44931.1 99 44184.6 9537 
109 45083.2 44956 11 44277.9 9450 
110 45083.2 44546.2 30 44366.6 9450 
111 45083.2 45004.6 59 44130 9441 
112 45083.2 44556.2 10 44105.1 9470 
113 45083.2 45048 10 44213.7 9427 
114 45083.2 44909 11 44080.3 9488 
115 45083.2 45034.1 11 44105.1 9489 
116 45083.2 44567.6 12 44103.5 9438 
117 45083.2 44947.1 31 44201.6 9909 
118 45083.2 44480.9 127 44084.1 9486 
119 45083.2 44861.7 11 44184.6 9432 
120 45083.2 44973.4 22 44103.5 9506 
121 45083.2 45060.5 40 44103.5 9460 
122 45083.2 45007.4 11 44123.9 9458 
123 45083.2 45079.9 21 44268.5 9550 
124 45083.2 44921.9 30 44084.1 9500 
125 45083.2 45076.1 11 44084.1 9809 
126 45083.2 44433.3 32 44130 9496 
127 45083.2 44794.3 11 44103.5 9443 
128 45083.2 44806.8 21 44130 9480 
129 45083.2 45038.5 39 44201.6 9545 
130 45083.2 45048.5 20 44201.6 9483 
131 45083.2 45053 11 44080.3 9416 
132 45083.2 44895.8 12 44215.3 9812 
133 45083.2 45055.8 69 44184.6 9453 
134 45083.2 45064.1 11 44105.3 9426 
135 45083.2 45031.3 12 44144.7 9592 
136 45083.2 44735.1 54 44103.5 9458 
137 45083.2 44957.4 11 44105.3 9447 
138 45083.2 45047.8 30 44192.8 9451 
139 45083.2 44985.7 21 44299 9436 
140 45083.2 44737 59 44080.3 9528 
141 45083.2 45026.7 70 44103.5 9450 
142 45083.2 44642.2 50 44284.8 9444 
143 45083.2 44618.1 11 44084.1 9414 
144 45083.2 44887.7 30 44084.1 9584 
145 45083.2 44832 20 44192.8 9412 
146 45083.2 45011.1 11 44105.1 9466 
147 45083.2 44717 41 44123.9 9804 
148 45083.2 44657.6 30 44372 9416 
149 45083.2 44982.9 11 44105.3 9410 
150 45083.2 44851.6 69 44080.3 9613 
151 45083.2 44974.1 11 44192.8 9428 
152 45083.2 45073.1 48 44080.3 9438 
153 45083.2 44726.1 21 44173.2 9516 
154 45083.2 45077.4 10 44299 9420 
155 45083.2 45005.4 59 44214 9493 
156 45083.2 45071.6 21 44084.1 9456 
157 45083.2 44894.7 33 44173.2 10425 
158 45083.2 45018.4 33 44215.3 10853 
159 45083.2 44604.3 32 44211.7 9793 
160 45083.2 44940.2 21 44192.8 10152 
161 45083.2 45028.6 45 44084.1 9975 
162 45083.2 45070.8 21 44346.5 9689 
163 45083.2 45070.9 21 44214 9754 
164 45083.2 44938.1 32 44268.5 9997 
165 45083.2 44937.7 11 44130 9535 
166 45083.2 44748 11 44144.7 9523 
167 45083.2 44898.6 40 44103.5 9508 
168 45083.2 44211.7 21 44105.1 9726 
169 45083.2 44678.7 11 44105.1 10259 
170 45083.2 45019 11 44084.1 9634 
171 45083.2 44685.5 56 44084.1 9864 
172 45083.2 44979.7 40 44213.7 9692 
173 45083.2 44776.6 20 44080.3 9678 
174 45083.2 44880.4 21 44176.7 9910 
175 45083.2 44788.2 31 44215.3 9846 
176 45083.2 44828.2 11 44123.9 9635 
177 45083.2 44847.6 11 44144.7 9773 
178 45083.2 44757.5 11 44165.2 9771 
179 45083.2 44792.3 21 44346.5 9735 
180 45083.2 44839.1 44 44084.1 9743 
181 45083.2 45029.1 39 44192.8 9748 
182 45083.2 45072.8 31 44203.6 9611 
183 45083.2 45068.7 50 44080.3 9854 
184 45083.2 44852 59 44103.5 9710 
185 45083.2 45034.4 30 44165.2 9610 
186 45083.2 44899.8 77 44084.1 9888 
187 45083.2 44718.5 11 44211.7 9620 
188 45083.2 45010.4 20 44144.7 9653 
189 45083.2 44717.1 12 44084.1 9896 
190 45083.2 45079.5 40 44358.8 9641 
191 45083.2 44982.6 11 44203.6 9656 
192 45083.2 44920.5 21 44203.4 9828 
193 45083.2 44908.6 40 44080.3 9973 
194 45083.2 44788.5 11 44080.3 9670 
195 45083.2 45056.5 12 44105.1 9825 
196 45083.2 44327 135 44176.7 9608 
197 45083.2 44880.3 11 44201.6 9635 
198 45083.2 45064.8 32 44284.8 9820 
199 45083.2 45048.3 21 44103.5 9668 
200 45083.2 45025.3 23 44084.1 9750 
201 45083.2 45067.4 51 44165.2 9783 
202 45083.2 44366.6 10 44080.3 9664 
203 45083.2 44797.9 67 44080.3 9719 
204 45083.2 44710.6 11 44214 10292 
205 45083.2 45068.2 31 44103.5 9708 
206 45083.2 44534.5 10 44123.9 9623 
207 45083.2 44917.2 41 44084.1 9863 
208 45083.2 44958.8 40 44105.1 9682 
209 45083.2 44958.7 98 44084.1 9615 
210 45083.2 44987.2 32 44203.5 9792 
211 45083.2 44943.8 11 44105.3 9620 
212 45083.2 45011.2 34 44123.9 9751 
213 45083.2 44084.1 39 44080.3 9819 
214 45083.2 44865.7 49 44238.4 9644 
215 45083.2 45047 45 44165.2 9746 
216 45083.2 44824 11 44144.7 9778 
217 45083.2 44649.5 11 44201.6 9802 
218 45083.2 45042.7 13 44123.9 10013 
219 45083.2 45034.3 21 44130 9885 
220 45083.2 44739.5 60 44201.6 9642 
221 45083.2 44734.2 35 44084.1 9660 
222 45083.2 44801.5 99 44312.7 9753 
223 45083.2 44711.6 20 44201.6 9644 
224 45083.2 45018.2 11 44299 9776 
225 45083.2 44749.7 88 44203.6 9735 
226 45083.2 44299 40 44173.2 9623 
227 45083.2 45024.6 20 44201.6 9784 
228 45083.2 44802.4 49 44173.2 9795 
229 45083.2 44935.6 12 44103.5 9642 
230 45083.2 44849.9 30 44130 9778 
231 45083.2 45069.9 30 44203.4 9612 
232 45083.2 45081.2 39 44165.2 9596 
233 45083.2 44953.1 22 44203.4 10252 
234 45083.2 44983.5 11 44312.7 9725 
235 45083.2 44873.5 11 44105.1 9605 
236 45083.2 45081.3 11 44203.6 9844 
237 45083.2 44920.2 20 44084.1 9651 
238 45083.2 44484.6 21 44080.3 9660 
239 45083.2 44892.4 10 44103.5 9768 
240 45083.2 45077.8 21 44080.3 9663 
241 45083.2 45034 11 44211.7 9742 
242 45083.2 44883 70 44103.5 9804 
243 45083.2 44932.2 12 44105.1 9817 
244 45083.2 44832.2 10 44218.4 9606 
245 45083.2 45042 11 44184.6 9797 
246 45083.2 44826.6 21 44084.1 9716 
247 45083.2 45051.1 31 44238.4 9603 
248 45083.2 44866.4 12 44201.6 9918 
249 45083.2 44898.6 24 44123.9 9794 
250 45083.2 45036.4 40 44192.8 10403 
251 45083.2 44977.8 31 44256.8 9772 
252 45083.2 44976.8 11 44080.3 9900 
253 45083.2 45004.7 30 44084.1 10014 
254 45083.2 45062.3 14 44130 9681 
255 45083.2 44873.9 107 44218.4 9688 
256 45083.2 44963 68 44277.9 9637 
257 45083.2 44774.1 11 44123.9 9749 
258 45083.2 44887.3 21 44203.4 9730 
259 45083.2 44999.5 10 44238.4 9624 
260 45083.2 44791.2 97 44192.8 9828 
261 45083.2 45029.4 11 44084.1 9665 
262 45083.2 45083 39 44103.5 9733 
263 45083.2 44712.4 20 44103.5 9772 
264 45083.2 44844.5 21 44192.8 10593 
265 45083.2 44925.2 11 44105.3 10056 
266 45083.2 45075.8 30 44184.6 9636 
267 45083.2 44814 12 44184.6 10061 
268 45083.2 44477.2 45 44130 11628 
269 45083.2 45043.3 13 44105.3 11856 
270 45083.2 44917.6 21 44327 11802 
271 45083.2 45019.4 31 44080.3 9803 
272 45083.2 44988.5 13 44365.1 12610 
273 45083.2 45060.3 41 44084.1 10575 
274 45083.2 44923.9 98 44215.3 10811 
275 45083.2 45027.5 45 44215.3 10896 
276 45083.2 45075.5 62 44176.7 10998 
277 45083.2 45049.2 56 44084.1 11436 
278 45083.2 45005 29 44103.5 11018 
279 45083.2 44604.3 26 44277.9 12512 
280 45083.2 44939.9 20 44123.9 10667 
281 45083.2 44644.4 60 44123.9 11139 
282 45083.2 45000.8 28 44173.2 11017 
283 45083.2 44951 12 44165.2 10760 
284 45083.2 44984.7 24 44358.8 14746 
285 45083.2 44989.7 81 44211.7 11223 
286 45083.2 45012.6 34 44144.7 12842 
287 45083.2 44832.9 41 44203.4 10493 
288 45083.2 45031 25 44201.6 11621 
289 45083.2 44462.7 75 44358.8 10915 
290 45083.2 45071.7 57 44130 10391 
291 45083.2 45011 11 44084.1 13329 
292 45083.2 44911.8 30 44123.9 10139 
293 45083.2 45039.8 67 44144.7 9946 
294 45083.2 44879.3 34 44105.3 10998 
295 45083.2 44965.1 12 44103.5 10694 
296 45083.2 44992.2 22 44211.7 12392 
297 45083.2 44477.3 34 44130 10162 
298 45083.2 44706.8 24 44105.1 10633 
299 45083.2 44965.4 46 44176.7 10110 
300 45083.2 45077.5 49 44176.7 11292 
301 45083.2 45026.6 13 44105.1 11864 
302 45083.2 45053.8 40 44144.7 10937 
303 45083.2 45080.6 23 44176.7 12309 
304 45083.2 45023 12 44203.5 10505 
305 45083.2 45041.1 60 44312.7 11038 
306 45083.2 44853.9 37 44300.2 12479 
307 45083.2 45076.4 24 44084.1 9958 
308 45083.2 45073.3 108 44203.5 10678 
309 45083.2 44749.8 41 44080.3 10969 
310 45083.2 44988.7 21 44203.4 10773 
311 45083.2 45005 51 44123.9 10250 
312 45083.2 44993.6 99 44103.5 10959 
313 45083.2 45049.4 11 44105.1 10625 
314 45083.2 44707.1 12 44211.7 10185 
315 45083.2 44971.6 21 44084.1 11176 
316 45083.2 45082.9 14 44256.8 10581 
317 45083.2 44426.1 35 44238.4 10375 
318 45083.2 44675.3 19 44144.7 9758 
319 45083.2 44725.2 27 44123.9 10711 
320 45083.2 44976.8 38 44315.6 10799 
321 45083.2 45045.2 38 44103.5 10166 
322 45083.2 44909.5 11 44084.1 10529 
323 45083.2 45082.6 25 44105.1 11122 
324 45083.2 44942.4 32 44130 9801 
325 45083.2 44394.6 60 44084.1 11099 
326 45083.2 45039.2 23 44214 10786 
327 45083.2 44592.1 49 44105.1 10107 
328 45083.2 44993 12 44105.3 10885 
329 45083.2 44926.9 12 44103.5 11053 
330 45083.2 45083 21 44192.8 9976 
331 45083.2 44978.3 61 44361.9 9838 
332 45083.2 45044 137 44203.6 10212 
333 45083.2 44834.9 11 44211.7 9791 
334 45083.2 44747.5 21 44203.4 9851 
335 45083.2 45038.1 56 44130 10182 
336 45083.2 45026.7 48 44084.1 9781 
337 45083.2 44881.1 41 44165.2 9749 
338 45083.2 44880.3 79 44080.3 10237 
339 45083.2 45038.2 33 44084.1 10034 
340 45083.2 45054.7 70 44105.1 10661 
341 45083.2 44937.9 12 44123.9 9842 
342 45083.2 44717 32 44165.2 10246 
343 45083.2 45074.5 13 44201.6 9704 
344 45083.2 44967.1 21 44203.4 9794 
345 45083.2 45012.6 51 44080.3 10132 
346 45083.2 45025.7 31 44173.2 9753 
347 45083.2 45049.3 12 44103.5 10114 
348 45083.2 44991.8 23 44203.6 10199 
349 45083.2 44808.1 25 44123.9 10429 
350 45083.2 44882.9 13 44105.1 10394 
351 45083.2 45075.1 14 44218.4 10415 
352 45083.2 44893.4 12 44103.5 11031 
353 45083.2 45045.9 29 44356.9 10115 
354 45083.2 44571.3 11 44130 10817 
355 45083.2 45081.9 99 44084.1 10320 
356 45083.2 44902.8 82 44080.3 10269 
357 45083.2 44712.6 21 44258.5 10006 
358 45083.2 44390.6 21 44258.5 9839 
359 45083.2 44103.5 24 44080.3 10337 
360 45083.2 44541.1 40 44192.8 10039 
361 45083.2 44992.3 60 44367 10425 
362 45083.2 44856.6 35 44192.8 16757 
363 45083.2 44718.8 81 44105.3 16509 
364 45083.2 45032.5 35 44346.5 10601 
365 45083.2 45066.6 69 44144.7 10034 
366 45083.2 44907 24 44123.9 10581 
367 45083.2 44957.8 12 44080.3 10193 
368 45083.2 44743.5 29 44203.5 10139 
369 45083.2 45079.5 59 44130 9899 
370 45083.2 45024.2 23 44080.3 10117 
371 45083.2 44567.6 22 44123.9 11459 
372 45083.2 44944.2 48 44176.7 15574 
373 45083.2 45033.1 22 44080.3 11651 
374 45083.2 44892.7 21 44173.2 10175 
375 45083.2 44948.9 16 44211.7 10523 
376 45083.2 45046.7 65 44080.3 11054 
377 45083.2 45027.8 35 44105.3 15281 
378 45083.2 45068.3 31 44080.3 10757 
379 45083.2 44489.5 23 44192.8 12717 
380 45083.2 44743.5 36 44130 11177 
381 45083.2 44914.3 118 44084.1 10223 
382 45083.2 45037.7 45 44184.6 12866 
383 45083.2 44299 12 44130 10258 
384 45083.2 44962.3 32 44203.4 10366 
385 45083.2 44849.9 21 44201.6 11340 
386 45083.2 44965.1 24 44103.5 10790 
387 45083.2 45065.1 21 44201.6 11713 
388 45083.2 45036.9 11 44105.1 10402 
389 45083.2 44957.6 50 44084.1 11216 
390 45083.2 45076.3 60 44277.9 9875 
391 45083.2 45069.9 35 44256.8 10864 
392 45083.2 44963.7 35 44349.5 10877 
393 45083.2 45029.6 27 44084.1 9870 
394 45083.2 45037.5 46 44192.8 11262 
395 45083.2 45003.7 76 44084.1 10413 
396 45083.2 44909.8 22 44080.3 12850 
397 45083.2 44970.2 53 44123.9 9850 
398 45083.2 44942.6 25 44184.6 10456 
399 45083.2 44930.1 22 44123.9 11376 
400 45083.2 44963.4 42 44192.8 10911 
401 45083.2 44958.2 56 44144.7 11486 
402 45083.2 45065.8 22 44201.6 9987 
403 45083.2 44992.7 21 44105.3 11685 
404 45083.2 44920.7 12 44105.1 11132 
405 45083.2 45029.1 53 44080.3 11300 
406 45083.2 44946.5 11 44192.8 9677 
407 45083.2 45042.8 89 44203.5 10840 
408 45083.2 45029.3 51 44103.5 10913 
409 45083.2 45074.5 56 44184.6 11624 
410 45083.2 44915.5 47 44214 10995 
411 45083.2 44817.3 23 44084.1 10485 
412 45083.2 45023.2 24 44201.6 11546 
413 45083.2 45011.8 12 44192.8 11085 
414 45083.2 44991.5 31 44176.7 11283 
415 45083.2 44184.6 14 44201.6 10695 
416 45083.2 44840.4 34 44123.9 11237 
417 45083.2 44823.5 31 44084.1 10559 
418 45083.2 44975.7 13 44105.1 11336 
419 45083.2 44713.7 76 44130 10354 
420 45083.2 45022.3 11 44080.3 11722 
421 45083.2 44877.8 52 44080.3 10632 
422 45083.2 44986.1 90 44105.1 11454 
423 45083.2 44881.1 34 44201.6 10374 
424 45083.2 44996.3 13 44165.2 10881 
425 45083.2 44462.7 11 44144.7 10532 
426 45083.2 44832.4 105 44144.7 10793 
427 45083.2 44906.4 87 44349.2 10332 
428 45083.2 44703.7 34 44123.9 10386 
429 45083.2 45072.2 50 44165.2 11231 
430 45083.2 44821.1 15 44173.2 10690 
431 45083.2 44926.6 73 44203.4 10295 
432 45083.2 44581.2 13 44312.7 10285 
433 45083.2 44631.3 31 44105.1 11350 
434 45083.2 45000.4 31 44144.7 10501 
435 45083.2 44912.5 13 44184.6 12161 
436 45083.2 44744.1 11 44192.8 11559 
437 45083.2 45027.7 13 44336.7 11347 
438 45083.2 44824.9 35 44105.1 10636 
439 45083.2 44989 41 44201.6 11502 
440 45083.2 44995.2 13 44130 11640 
441 45083.2 44711.4 27 44268.5 11283 
442 45083.2 44654 11 44123.9 10403 
443 45083.2 45030.1 50 44123.9 11009 
444 45083.2 45030 23 44203.4 10462 
445 45083.2 44888.6 35 44256.8 10473 
446 45083.2 44729.4 12 44214 10134 
447 45083.2 45082.9 100 44215.3 10061 
448 45083.2 44921.9 98 44105.3 10766 
449 45083.2 44965.5 36 44105.3 10769 
450 45083.2 44887.8 24 44356.9 11212 
451 45083.2 45067.4 55 44176.7 10354 
452 45083.2 45011.8 41 44123.9 10200 
453 45083.2 45023.1 15 44203.6 10382 
454 45083.2 44537.4 49 44130 10322 
455 45083.2 44935.7 77 44103.5 10715 
456 45083.2 44862.6 13 44105.3 10475 
457 45083.2 44841.4 77 44184.6 10237 
458 45083.2 44788.2 11 44084.1 11099 
459 45083.2 45066.4 109 44201.6 10283 
460 45083.2 44651.8 35 44165.2 10092 
461 45083.2 44900.5 132 44103.5 11116 
462 45083.2 44936.9 23 44374.9 10926 
463 45083.2 45040.8 34 44080.3 10350 
464 45083.2 44831 40 44123.9 10924 
465 45083.2 45077.4 31 44258.5 10916 
466 45083.2 45014.7 14 44192.8 11354 
467 45083.2 44772.1 12 44130 10263 
468 45083.2 45064.3 13 44176.7 11383 
469 45083.2 44984 76 44105.3 10123 
470 45083.2 44084.1 13 44173.2 11247 
471 45083.2 44984 22 44258.5 10619 
472 45083.2 44866.5 24 44080.3 11434 
473 45083.2 44919.6 50 44213.7 10734 
474 45083.2 45045.3 21 44105.1 10351 
475 45083.2 45013.3 24 44084.1 11185 
476 45083.2 44761.5 13 44080.3 10773 
477 45083.2 45070.7 12 44256.8 11208 
478 45083.2 44940.2 32 44215.3 10477 
479 45083.2 45078.4 95 44299 11887 
480 45083.2 44698.4 24 44123.9 10506 
481 45083.2 44720.8 24 44080.3 11018 
482 45083.2 45022.5 55 44284.8 9837 
483 45083.2 45022.2 50 44165.2 11699 
484 45083.2 45080.7 22 44105.1 11360 
485 45083.2 45024.1 15 44384.1 11617 
486 45083.2 45058.7 14 44165.2 10260 
487 45083.2 44880.8 15 44203.6 10074 
488 45083.2 44420.9 23 44218.4 10365 
489 45083.2 44943.6 12 44144.7 10610 
490 45083.2 44837 21 44105.3 10495 
491 45083.2 44910.5 43 44347.4 10907 
492 45083.2 44922 67 44203.6 10501 
493 45083.2 45048.8 135 44105.1 10157 
494 45083.2 45052.1 13 44165.2 11145 
495 45083.2 44778.2 22 44327 10633 
496 45083.2 44616.3 21 44084.1 12240 
497 45083.2 44997.1 47 44176.7 10391 
498 45083.2 45021.9 33 44203.4 10940 
499 45083.2 44996.6 77 44176.7 13554 
500 45083.2 44978.8 53 44105.3 10943 
501 45083.2 44906.6 14 44080.3 13078 
502 45083.2 45025.2 13 44201.6 10386 
503 45083.2 44984.7 22 44084.1 12158 
504 45083.2 44645.2 46 44165.2 10933 
505 45083.2 44873.3 21 44268.5 10635 
506 45083.2 44785.5 77 44218.4 10392 
507 45083.2 44931 23 44130 11236 
508 45083.2 44930.8 28 44105.3 10365 
509 45083.2 44794.8 15 44105.3 12870 
510 45083.2 44753.6 27 44165.2 10827 
511 45083.2 44833.6 13 44203.5 10957 
512 45083.2 44508.7 16 44394.6 10345 
513 45083.2 45082.5 21 44176.7 10687 
514 45083.2 44727.6 71 44203.4 10994 
515 45083.2 45015.2 34 44176.7 10660 
516 45083.2 45075.9 13 44192.8 10382 
517 45083.2 45011.2 25 44130 10306 
518 45083.2 44979.9 58 44080.3 10569 
519 45083.2 44963.5 35 44203.6 10676 
520 45083.2 44543.1 15 44103.5 10613 
521 45083.2 44793.5 34 44084.1 11048 
522 45083.2 44480.9 28 44238.4 10458 
523 45083.2 44969.9 13 44176.7 10191 
524 45083.2 44969.3 41 44201.6 10673 
525 45083.2 44891.4 31 44084.1 11376 
526 45083.2 45050.2 35 44130 11420 
527 45083.2 45044 23 44176.7 11482 
528 45083.2 44993.3 12 44105.3 10034 
529 45083.2 44815.1 34 44084.1 10631 
530 45083.2 44991 24 44103.5 10796 
531 45083.2 44860.2 62 44173.2 10950 
532 45083.2 44818.4 148 44080.3 11269 
533 45083.2 44804.8 39 44080.3 10628 
534 45083.2 45079.4 78 44165.2 10128 
535 45083.2 44847.1 34 44105.1 11201 
536 45083.2 44989.7 74 44173.2 10514 
537 45083.2 45064.9 23 44105.3 10437 
538 45083.2 44975.9 13 44080.3 10614 
539 45083.2 44417.7 21 44203.4 10613 
540 45083.2 44455.8 22 44165.2 9833 
541 45083.2 44959.6 35 44203.6 10238 
542 45083.2 44821.4 20 44327 10995 
543 45083.2 44982.6 139 44105.3 17491 
544 45083.2 44929.1 58 44176.7 15942 
545 45083.2 44692.7 50 44105.3 11181 
546 45083.2 44734.1 11 44176.7 11947 
547 45083.2 44701.8 40 44103.5 17116 
548 45083.2 44934.7 12 44103.5 11217 
549 45083.2 44875 51 44080.3 10678 
550 45083.2 44904.1 13 44211.7 10470 
551 45083.2 44961.3 12 44256.8 10658 
552 45083.2 44859 24 44173.2 10681 
553 45083.2 44887.3 34 44105.3 10905 
554 45083.2 44951.7 27 44080.3 11256 
555 45083.2 45027 12 44203.4 10112 
556 45083.2 44853.8 22 44103.5 10136 
557 45083.2 44855 57 44349.5 10905 
558 45083.2 45081.4 14 44084.1 10601 
559 45083.2 44448.3 14 44130 10607 
560 45083.2 44447.6 25 44105.3 10158 
561 45083.2 45010.1 23 44105.3 13144 
562 45083.2 45018.2 68 44192.8 12263 
563 45083.2 44979 35 44103.5 10557 
564 45083.2 44861.9 45 44105.3 10626 
565 45083.2 44824.6 21 44176.7 10495 
566 45083.2 45025.7 11 44176.7 10397 
567 45083.2 45026.1 13 44123.9 10665 
568 45083.2 45029.8 12 44213.7 11077 
569 45083.2 45042 40 44103.5 10854 
570 45083.2 45033.5 12 44203.5 10325 
571 45083.2 44893.3 24 44201.6 11367 
572 45083.2 44924.1 13 44192.8 11262 
573 45083.2 44799.7 14 44203.6 10553 
574 45083.2 44821.5 13 44130 10845 
575 45083.2 44509.2 12 44176.7 10732 
576 45083.2 45070.8 24 44084.1 11374 
577 45083.2 45072 45 44105.1 11029 
578 45083.2 44123.9 21 44105.1 10139 
579 45083.2 45027.5 24 44130 10394 
580 45083.2 44962.4 22 44203.5 10175 
581 45083.2 44975.1 12 44252.5 10352 
582 45083.2 45039.4 34 44374.9 10285 
583 45083.2 45070.8 13 44130 10599 
584 45083.2 44962 21 44211.7 10790 
585 45083.2 45034.9 12 44394.6 11588 
586 45083.2 44622.4 23 44103.5 10017 
587 45083.2 44931 24 44105.3 10568 
588 45083.2 45011.6 22 44268.5 11373 
589 45083.2 44669.2 21 44130 10561 
590 45083.2 45081.9 22 44130 10410 
591 45083.2 45045.9 31 44184.6 10912 
592 45083.2 45033.1 12 44144.7 10498 
593 45083.2 44957.5 23 44123.9 10567 
594 45083.2 44996.8 16 44203.4 12961 
595 45083.2 44717 41 44176.7 10692 
596 45083.2 45079 35 44130 10698 
597 45083.2 45051.3 24 44103.5 11152 
598 45083.2 45079.1 24 44203.4 10890 
599 45083.2 45030.7 24 44080.3 10262 
600 45083.2 44996.8 12 44144.7 10401 
601 45083.2 45080.6 12 44184.6 10752 
602 45083.2 44762.7 66 44277.9 10320 
603 45083.2 45049.8 13 44203.4 11040 
604 45083.2 45082.6 13 44123.9 10481 
605 45083.2 44823.3 24 44374.9 10771 
606 45083.2 45083.1 80 44123.9 11283 
607 45083.2 45002.1 12 44105.3 10219 
608 45083.2 44892.9 31 44203.5 10340 
609 45083.2 45066.4 21 44201.6 10412 
610 45083.2 44874.9 21 44080.3 10352 
611 45083.2 45065.7 34 44284.8 10797 
612 45083.2 44448.3 14 44203.4 11582 
613 45083.2 45077.4 24 44103.5 11776 
614 45083.2 45036.5 23 44105.3 10273 
615 45083.2 44970.2 11 44105.1 10494 
616 45083.2 44976.8 22 44080.3 10564 
617 45083.2 44973.5 12 44203.4 10492 
618 45083.2 44871.2 13 44165.2 11191 
619 45083.2 45061.7 74 44144.7 11127 
620 45083.2 45062.9 23 44203.5 11320 
621 45083.2 44946.5 127 44379 10280 
622 45083.2 45022.2 12 44080.3 10231 
623 45083.2 44717.1 13 44123.9 10972 
624 45083.2 44991.5 23 44123.9 10787 
625 45083.2 45059.9 158 44144.7 11376 
626 45083.2 44929 46 44203.4 9857 
627 45083.2 45075.1 95 44130 10422 
628 45083.2 45014.1 13 44173.2 10976 
629 45083.2 45041.8 21 44214 10270 
630 45083.2 45041.6 24 44201.6 11095 
631 45083.2 44951.6 60 44144.7 10648 
632 45083.2 44914.4 22 44080.3 10411 
633 45083.2 44832.2 24 44103.5 11169 
634 45083.2 44929.2 13 44203.4 10573 
635 45083.2 44856.1 26 44336.7 11025 
636 45083.2 45024.4 22 44130 10968 
637 45083.2 44599.3 12 44201.6 10602 
638 45083.2 44797.7 84 44284.8 14858 
639 45083.2 44984.7 14 44130 15822 
640 45083.2 45067.7 57 44346.5 11406 
641 45083.2 45062.9 23 44203.5 10466 
642 45083.2 44923.9 65 44203.4 10364 
643 45083.2 44982.8 13 44417.7 11281 
644 45083.2 44803.5 14 44080.3 10781 
645 45083.2 44487.1 57 44203.4 11693 
646 45083.2 44832.3 87 44203.4 10458 
647 45083.2 45048.9 11 44144.7 10961 
648 45083.2 44981.3 13 44144.7 10643 
649 45083.2 44855 23 44385.9 10258 
650 45083.2 44962.3 22 44165.2 12680 
651 45083.2 45001.3 14 44105.1 10533 
652 45083.2 44914.1 107 44173.2 10428 
653 45083.2 44875 14 44214 11089 
654 45083.2 44652.7 73 44214 10386 
655 45083.2 44935.2 34 44365.1 11885 
656 45083.2 44978.4 120 44105.1 11068 
657 45083.2 45049.7 59 44215.3 16183 
658 45083.2 44991.6 11 44252.5 13112 
659 45083.2 44888.7 12 44130 11199 
660 45083.2 44790.5 13 44103.5 10577 
661 45083.2 45061.1 46 44084.1 10968 
662 45083.2 44908.5 45 44173.2 10506 
663 45083.2 45074 30 44144.7 9999 
664 45083.2 44642.2 154 44258.5 11255 
665 45083.2 44754.7 27 44176.7 11578 
666 45083.2 44741.6 34 44312.7 10756 
667 45083.2 45072.7 51 44268.5 10306 
668 45083.2 44901.2 41 44084.1 11279 
669 45083.2 44464.9 13 44258.5 12950 
670 45083.2 44964.2 14 44130 11096 
671 45083.2 44614 13 44176.7 10994 
672 45083.2 45043.3 45 44144.7 9945 
673 45083.2 45041.7 20 44213.7 10425 
674 45083.2 44993 13 44203.4 10742 
675 45083.2 45006.9 34 44165.2 10526 
676 45083.2 45083.1 21 44103.5 10369 
677 45083.2 44192.8 44 44165.2 10521 
678 45083.2 44875 23 44203.6 11491 
679 45083.2 44987.9 87 44105.1 11166 
680 45083.2 44911.4 32 44201.6 9609 
681 45083.2 45022.4 12 44252.5 11027 
682 45083.2 44979.9 69 44176.7 11421 
683 45083.2 45058.9 13 44105.3 10308 
684 45083.2 45037.2 12 44203.4 10634 
685 45083.2 44643.5 31 44084.1 10808 
686 45083.2 44853.5 67 44103.5 10571 
687 45083.2 44623.7 22 44130 10065 
688 45083.2 44588.9 11 44213.7 10158 
689 45083.2 44803.8 31 44123.9 10314 
690 45083.2 44951.2 21 44105.1 10251 
691 45083.2 44886.2 14 44103.5 10885 
692 45083.2 44866.4 69 44203.5 9984 
693 45083.2 44732.7 22 44173.2 10594 
694 45083.2 45072.9 31 44165.2 11271 
695 45083.2 45082.6 23 44203.5 10290 
696 45083.2 44741 33 44123.9 10378 
697 45083.2 44618 34 44238.4 10442 
698 45083.2 44798.4 12 44084.1 10139 
699 45083.2 44672 22 44105.3 10768 
700 45083.2 44942.8 66 44105.3 10273 
701 45083.2 44956.8 35 44203.4 10219 
702 45083.2 44996.8 25 44123.9 11635 
703 45083.2 44801.9 13 44103.5 16311 
704 45083.2 44387.8 12 44130 10424 
705 45083.2 44968.7 41 44080.3 12199 
706 45083.2 45070 11 44192.8 10656 
707 45083.2 45083.2 12 44201.6 11180 
708 45083.2 44628.3 24 44105.3 10672 
709 45083.2 44986.4 21 44105.1 10791 
710 45083.2 45055.2 57 44218.4 10915 
711 45083.2 44974.5 25 44165.2 11025 
712 45083.2 44866.5 35 44192.8 11434 
713 45083.2 44894.2 21 44084.1 10884 
714 45083.2 44952 15 44349.5 11560 
715 45083.2 44967.1 41 44080.3 10620 
716 45083.2 44966.3 45 44130 11173 
717 45083.2 45031.3 38 44165.2 10846 
718 45083.2 44862.6 22 44084.1 11290 
719 45083.2 44854.2 52 44203.6 10271 
720 45083.2 44494.5 24 44103.5 11412 
721 45083.2 45041.7 23 44105.3 13094 
722 45083.2 44930.1 21 44203.4 13738 
723 45083.2 45021.8 66 44084.1 10593 
724 45083.2 44855.7 46 44192.8 10374 
725 45083.2 45069.9 13 44203.6 9988 
726 45083.2 44739.4 12 44105.1 10335 
727 45083.2 44915.7 51 44203.4 13917 
728 45083.2 44646.8 63 44084.1 11216 
729 45083.2 44905.4 41 44103.5 10395 
730 45083.2 44896.6 33 44203.5 11360 
731 45083.2 45078.4 13 44080.3 11750 
732 45083.2 44991.9 13 44105.1 13933 
733 45083.2 44899.3 13 44215.3 11126 
734 45083.2 44947.4 14 44214 10735 
735 45083.2 44896.6 23 44084.1 11292 
736 45083.2 45017.7 31 44203.6 13820 
737 45083.2 45034.6 138 44144.7 12670 
738 45083.2 44694.9 34 44103.5 10616 
739 45083.2 45038.5 23 44176.7 10786 
740 45083.2 44918.2 56 44084.1 11219 
741 45083.2 45040.9 24 44336.7 13549 
742 45083.2 44943.5 108 44103.5 10478 
743 45083.2 44975.5 67 44312.7 10510 
744 45083.2 45039.8 52 44258.5 11766 
745 45083.2 44996.8 24 44238.4 11294 
746 45083.2 44912.6 24 44105.3 12183 
747 45083.2 45066.7 88 44105.3 10840 
748 45083.2 44336.7 54 44268.5 10654 
749 45083.2 44689.3 116 44084.1 11423 
750 45083.2 45075.8 79 44203.4 11326 
751 45083.2 44807.5 73 44173.2 11448 
752 45083.2 45071.8 46 44084.1 10995 
753 45083.2 44967.3 27 44105.3 10490 
754 45083.2 44691.1 13 44105.3 11375 
755 45083.2 45067.9 13 44203.6 11006 
756 45083.2 44486.4 22 44123.9 11131 
757 45083.2 44852 11 44084.1 11760 
758 45083.2 44908.6 13 44203.5 11532 
759 45083.2 45070 24 44123.9 10860 
760 45083.2 45041 51 44105.3 11584 
761 45083.2 45083 13 44361.7 11398 
762 45083.2 45067.4 45 44130 11660 
763 45083.2 44998.1 31 44203.4 11482 
764 45083.2 45004.9 13 44203.4 12299 
765 45083.2 44843.3 60 44165.2 11209 
766 45083.2 45015.6 45 44215.3 11102 
767 45083.2 44861 24 44203.4 11961 
768 45083.2 45025.5 40 44105.1 12511 
769 45083.2 44845.6 74 44144.7 11226 
770 45083.2 45017 47 44144.7 11839 
771 45083.2 45062.9 23 44165.2 11907 
772 45083.2 44867.1 13 44144.7 12379 
773 45083.2 44997.9 28 44215.3 10753 
774 45083.2 44927.9 26 44105.3 11118 
775 45083.2 44974.8 62 44105.3 12914 
776 45083.2 45026.6 119 44105.1 10625 
777 45083.2 45075.1 23 44165.2 10836 
778 45083.2 45058.2 50 44238.4 12764 
779 45083.2 44564.2 12 44103.5 12059 
780 45083.2 44726 63 44105.3 10896 
781 45083.2 44559.7 22 44105.3 10711 
782 45083.2 45034.7 56 44130 11043 
783 45083.2 44662.8 109 44080.3 12696 
784 45083.2 44995.6 24 44218.4 13662 
785 45083.2 44760.8 21 44211.7 10595 
786 45083.2 45033.7 13 44203.4 12323 
787 45083.2 45053.6 117 44203.4 12797 
788 45083.2 44727.3 80 44084.1 11151 
789 45083.2 44833.8 13 44277.9 10716 
790 45083.2 45082.8 12 44123.9 10224 
791 45083.2 45027 42 44130 12264 
792 45083.2 44928.5 13 44084.1 11952 
793 45083.2 45002.8 57 44130 12384 
794 45083.2 45047.6 12 44192.8 10839 
795 45083.2 44770.3 26 44299 12392 
796 45083.2 44920.5 34 44130 13949 
797 45083.2 44956.3 21 44123.9 10564 
798 45083.2 44802.4 45 44218.4 11349 
799 45083.2 45002 35 44192.8 13648 
800 45083.2 45079.3 13 44084.1 10336 
801 45083.2 44621.2 38 44203.4 11462 
802 45083.2 45023.1 45 44173.2 12427 
803 45083.2 44559.7 11 44103.5 12047 
804 45083.2 45069.4 24 44366.6 11437 
805 45083.2 44480.8 12 44105.3 10975 
806 45083.2 44987.9 12 44327 10871 
807 45083.2 45077.9 13 44080.3 10516 
808 45083.2 44969.4 41 44165.2 10433 
809 45083.2 45004.9 12 44211.7 11464 
810 45083.2 44739.3 46 44218.4 10663 
811 45083.2 44735.5 56 44173.2 10711 
812 45083.2 44633 21 44123.9 10346 
813 45083.2 45082.8 13 44203.4 11091 
814 45083.2 44997.7 38 44184.6 10376 
815 45083.2 45021.5 31 44203.4 10508 
816 45083.2 45077.9 14 44084.1 10534 
817 45083.2 44909.5 49 44080.3 10690 
818 45083.2 45075.5 27 44203.6 10983 
819 45083.2 45016.8 107 44105.3 11081 
820 45083.2 44374.9 13 44358.8 10192 
821 45083.2 45055.8 13 44407.2 10729 
822 45083.2 44655.3 13 44192.8 11219 
823 45083.2 44802.4 89 44211.7 10562 
824 45083.2 44853 34 44192.8 10515 
825 45083.2 44826.2 35 44203.4 10927 
826 45083.2 44800.7 35 44080.3 10851 
827 45083.2 44749.2 45 44213.7 10884 
828 45083.2 44893 31 44203.5 10384 
829 45083.2 45071.3 14 44192.8 11032 
830 45083.2 45054.4 52 44252.5 12291 
831 45083.2 45018.2 51 44176.7 12262 
832 45083.2 44969.7 80 44103.5 13185 
833 45083.2 44632.3 13 44130 10644 
834 45083.2 45054.5 12 44103.5 10136 
835 45083.2 44728 12 44203.4 10848 
836 45083.2 44512.6 38 44080.3 10639 
837 45083.2 44867.1 12 44123.9 10582 
838 45083.2 44912.5 13 44080.3 10451 
839 45083.2 45057.3 12 44130 11446 
840 45083.2 44919.7 21 44252.5 10328 
841 45083.2 44884.2 13 44165.2 11037 
842 45083.2 45044.6 56 44080.3 10745 
843 45083.2 45058.7 30 44144.7 10316 
844 45083.2 45028 34 44144.7 10347 
845 45083.2 44915.5 91 44176.7 10658 
846 45083.2 45072.1 21 44347.4 10207 
847 45083.2 44814 76 44105.1 10401 
848 45083.2 45024.4 21 44215.3 10717 
849 45083.2 45066.9 66 44192.8 11700 
850 45083.2 45045.1 34 44103.5 10080 
851 45083.2 44961.3 26 44130 10148 
852 45083.2 45065.7 24 44105.3 11081 
853 45083.2 44766.7 21 44130 10685 
854 45083.2 45082.4 80 44176.7 10285 
855 45083.2 44884.1 12 44144.7 10825 
856 45083.2 44694.2 21 44211.7 10455 
857 45083.2 45052.1 34 44144.7 10669 
858 45083.2 44962.6 37 44105.1 10662 
859 45083.2 45071.7 13 44084.1 10221 
860 45083.2 45015.1 14 44144.7 10904 
861 45083.2 45039.2 77 44103.5 12389 
862 45083.2 45051.6 21 44349.2 12893 
863 45083.2 45008.3 32 44103.5 10194 
864 45083.2 45059.5 13 44080.3 13538 
865 45083.2 45006.4 14 44336.7 10864 
866 45083.2 45049.2 21 44144.7 19123 
867 45083.2 44973.9 13 44103.5 10982 
868 45083.2 44897.4 34 44203.4 11399 
869 45083.2 44707.2 15 44105.3 10561 
870 45083.2 45041.3 14 44105.1 10359 
871 45083.2 45073.3 24 44184.6 10476 
872 45083.2 45051.1 54 44144.7 10281 
873 45083.2 44820.7 56 44105.3 10902 
874 45083.2 45037.5 34 44384.1 10191 
875 45083.2 45007.7 110 44258.5 11436 
876 45083.2 45080 12 44105.3 10455 
877 45083.2 45009.6 12 44123.9 10672 
878 45083.2 45024.7 31 44080.3 10643 
879 45083.2 44971.6 12 44203.4 10736 
880 45083.2 45063.4 44 44144.7 10199 
881 45083.2 44917.8 15 44144.7 10590 
882 45083.2 44785 56 44080.3 10753 
883 45083.2 44581.2 24 44080.3 10650 
884 45083.2 44971.7 24 44084.1 11081 
885 45083.2 45017.7 13 44080.3 10285 
886 45083.2 44813.6 12 44203.4 11097 
887 45083.2 44687.4 16 44165.2 11398 
888 45083.2 45024.4 50 44123.9 11439 
889 45083.2 44801.9 75 44130 11122 
890 45083.2 44951.1 57 44123.9 14077 
891 45083.2 45066.9 14 44105.1 11430 
892 45083.2 44596.1 56 44084.1 11165 
893 45083.2 45025.4 22 44238.4 11074 
894 45083.2 44577.7 102 44192.8 11947 
895 45083.2 44987.2 82 44203.4 12123 
896 45083.2 44962.5 56 44203.4 11789 
897 45083.2 45076.7 13 44105.3 10418 
898 45083.2 44991 40 44256.8 10743 
899 45083.2 45024.7 169 44218.4 11491 
900 45083.2 44809.5 13 44105.1 10380 
901 45083.2 45007.3 99 44105.1 10817 
902 45083.2 45039.5 23 44080.3 10769 
903 45083.2 44945.4 11 44084.1 12822 
904 45083.2 44412.1 29 44165.2 10503 
905 45083.2 44907.5 12 44203.4 12602 
906 45083.2 45066.5 25 44105.3 10602 
907 45083.2 44080.3 22 44105.3 12520 
908 45083.2 45076.7 13 44371.6 13376 
909 45083.2 45064.6 15 44211.7 11658 
910 45083.2 45081.9 46 44130 10801 
911 45083.2 45033.8 35 44203.6 10945 
912 45083.2 44845.8 68 44103.5 14035 
913 45083.2 45019.1 44 44258.5 10156 
914 45083.2 44961 35 44203.5 10659 
915 45083.2 44524.6 32 44256.8 9862 
916 45083.2 44916.5 12 44165.2 11599 
917 45083.2 44860.1 40 44176.7 11125 
918 45083.2 44894.7 25 44105.1 14590 
919 45083.2 44907.8 44 44203.4 10519 
920 45083.2 44947.4 151 44203.6 9763 
921 45083.2 44924.9 65 44105.1 10627 
922 45083.2 45047 21 44084.1 10888 
923 45083.2 44703.7 34 44123.9 12294 
924 45083.2 44812.5 35 44176.7 10412 
925 45083.2 45078.2 21 44252.5 11313 
926 45083.2 44892.3 24 44105.1 10307 
927 45083.2 45020.7 80 44203.6 9590 
928 45083.2 44719.2 60 44300.2 11230 
929 45083.2 44940 20 44103.5 11221 
930 45083.2 45064.1 22 44214 11749 
931 45083.2 45047.6 24 44214 13181 
932 45083.2 44937.2 24 44123.9 9968 
933 45083.2 44986.9 71 44144.7 10092 
934 45083.2 45058.4 21 44144.7 10066 
935 45083.2 44856.1 13 44213.7 10766 
936 45083.2 44829.5 36 44372 10363 
937 45083.2 44914.4 13 44130 9946 
938 45083.2 44674.8 21 44192.8 10430 
939 45083.2 44951.2 81 44103.5 9760 
940 45083.2 44988.5 12 44080.3 9851 
941 45083.2 44853.5 31 44130 10165 
942 45083.2 45080.2 46 44130 11043 
943 45083.2 45039.6 13 44144.7 14473 
944 45083.2 45060.6 22 44312.7 10676 
945 45083.2 45045.5 24 44277.9 11158 
946 45083.2 44743.1 34 44215.3 10784 
947 45083.2 44982.9 13 44213.7 10059 
948 45083.2 45076.1 51 44203.4 9938 
949 45083.2 44884.2 11 44203.5 9665 
950 45083.2 44664.5 146 44299 9696 
951 45083.2 44727.3 30 44184.6 9464 
952 45083.2 45082.7 20 44103.5 9458 
953 45083.2 44919.6 60 44144.7 9539 
954 45083.2 44998.5 30 44084.1 9393 
955 45083.2 44981.2 11 44084.1 9396 
956 45083.2 45054.4 31 44213.7 9878 
957 45083.2 44788.2 20 44105.3 9510 
958 45083.2 44703 20 44105.1 9437 
959 45083.2 44899.6 12 44084.1 9511 
960 45083.2 44880.8 11 44214 9386 
961 45083.2 45083.2 11 44176.7 9438 
962 45083.2 44903.1 30 44080.3 9509 
963 45083.2 44957.1 39 44211.7 9543 
964 45083.2 44702 11 44103.5 9441 
965 45083.2 45014.8 21 44211.7 9477 
966 45083.2 44787.2 21 44105.1 9426 
967 45083.2 45078.9 20 44256.8 9480 
968 45083.2 45006.3 127 44084.1 9469 
969 45083.2 44995 11 44130 9407 
970 45083.2 44753.6 10 44203.5 9407 
971 45083.2 45013.3 30 44173.2 9817 
972 45083.2 44986.9 10 44105.3 9511 
973 45083.2 44900.6 68 44176.7 9439 
974 45083.2 44931 11 44084.1 9434 
975 45083.2 44480.9 50 44361.7 9393 
976 45083.2 44823.3 12 44203.6 10388 
977 45083.2 44990 24 44144.7 10460 
978 45083.2 44945.6 59 44130 9449 
979 45083.2 45021.5 31 44184.6 9519 
980 45083.2 45016.4 30 44349.2 9471 
981 45083.2 44900.8 20 44173.2 9463 
982 45083.2 44900.3 68 44084.1 9408 
983 45083.2 45015.7 22 44213.7 9520 
984 45083.2 45010.4 20 44105.1 9430 
985 45083.2 44910.7 39 44103.5 9412 
986 45083.2 44519.8 21 44103.5 9479 
987 45083.2 44657.9 20 44080.3 9428 
988 45083.2 44980.8 30 44211.7 9423 
989 45083.2 44366.6 12 44103.5 9541 
990 45083.2 44327 20 44176.7 9396 
991 45083.2 44796.6 10 44105.3 9396 
992 45083.2 44779.6 30 44105.1 9421 
993 45083.2 45072.5 11 44144.7 9414 
994 45083.2 44972.4 58 44103.5 9415 
995 45083.2 44974.2 30 44165.2 9498 
996 45083.2 45051.2 11 44201.6 9462 
997 45083.2 44948.8 30 44213.7 9401 
998 45083.2 44691 87 44103.5 9428 
999 45083.2 44694.2 10 44105.1 9432 
