0 6129.17 6127.46 161 6105.08 127692 6105.08 0
1 6129.17 6114.5 536 6107.96 125540 6107.96 0
2 6129.17 6128.47 160 6106.3 125656 6106.3 0
3 6129.17 6127.83 409 6103.68 126459 6103.68 0
4 6129.17 6128.47 159 6111.88 125377 6111.88 0
5 6129.17 6129.15 409 6105.81 126653 6105.81 0
6 6118.29 6117.46 159 6092.03 125815 6092.03 0
7 6118.29 6116.23 352 6093.69 126252 6093.69 0
8 6118.29 6116.79 160 6091.25 126200 6091.25 0
9 6118.29 6116.4 285 6094.43 126142 6094.43 0
10 6118.29 6117.91 286 6100.44 127059 6100.44 0
11 6118.29 6117.28 159 6098.01 126608 6098.01 1
12 6118.29 6117.95 160 6097.38 126000 6097.38 0
13 6118.29 6117.33 285 6097.07 125655 6097.07 0
14 6118.29 6114.94 164 6099.89 125845 6099.89 0
15 6118.29 6117.98 163 6094.96 126329 6094.96 0
16 6118.29 6117.48 285 6095.67 125873 6095.67 0
17 6081.27 6078.64 533 6067.52 125411 6067.52 0
18 6081.27 6081.1 407 6066.76 125476 6066.76 0
19 6081.27 6080.97 283 6056.15 125929 6056.15 0
20 6081.27 6079.88 160 6059.96 125199 6059.96 0
21 6081.27 6080.61 410 6066.09 125013 6066.09 0
22 6081.27 6080.67 168 6058.71 124809 6058.71 0
23 6081.27 6079.64 161 6064.9 125183 6064.9 0
24 6081.27 6080.33 161 6067.34 125223 6067.34 1
25 6081.27 6079.8 285 6066.25 125171 6066.25 0
26 6050.29 6048.66 160 6022.65 125414 6022.65 0
27 6050.29 6048.7 161 6029.72 126275 6029.72 0
28 6050.29 6049.38 454 6029.85 124982 6029.85 0
29 6050.29 6050.09 407 6030.79 124985 6030.79 0
30 6050.29 6050.23 160 6023.64 125415 6023.64 0
31 6050.29 6045.76 413 6023.85 125642 6023.85 0
