0 6082.82 6082.21 666 6068.78 125850 
1 6082.82 6081.57 164 6069.89 126266 
2 6082.82 6082.48 419 6069.05 125711 
3 6082.82 6082.66 165 6070.42 126420 
4 6082.82 6079.87 159 6070.73 126232 
5 6082.82 6082.03 293 6070.08 125918 
6 6082.82 6080.98 318 6069.23 126566 
7 6082.82 6082.77 172 6069.2 126104 
8 6082.82 6082.75 322 6069.64 126079 
9 6082.82 6081.85 159 6069.32 126951 
10 6082.82 6081.62 422 6068.58 126085 
11 6082.82 6081.6 416 6064.06 126159 
12 6082.82 6081.32 930 6068 125780 
13 6082.82 6081.68 301 6064.92 125716 
14 6082.82 6078.85 160 6068.97 125854 
15 6082.82 6082.28 420 6069.73 125812 
16 6082.82 6080.4 158 6066.41 125901 
17 6082.82 6082.63 156 6071.68 125623 
18 6082.82 6081.34 294 6068.49 125898 
19 6082.82 6080.84 158 6069.78 125961 
20 6082.82 6081.02 158 6070.64 125606 
21 6082.82 6082.69 416 6069.79 126216 
22 6082.82 6071.82 160 6068.51 125846 
23 6082.82 6080.06 287 6065.08 126059 
24 6082.82 6082.56 158 6070.11 125815 
25 6082.82 6082.28 414 6070.03 125761 
26 6082.82 6082.76 163 6065.13 125806 
27 6082.82 6080.94 283 6069.97 125858 
28 6082.82 6082.25 160 6068.97 126001 
29 6082.82 6082.73 291 6070.37 125604 
30 6082.82 6080.7 160 6069.25 125883 
31 6082.82 6082.19 664 6069.59 125898 
32 6082.82 6081.97 157 6069.61 126082 
33 6082.82 6082.5 290 6069.68 126216 
34 6082.82 6082.32 674 6069.65 126031 
35 6082.82 6082.33 161 6069.11 126386 
36 6082.82 6076.91 163 6063.54 126016 
37 6082.82 6081.57 179 6069.38 126306 
38 6082.82 6081.94 165 6067.85 126394 
39 6082.82 6081.7 286 6070.68 126170 
40 6082.82 6081.91 285 6072.3 126170 
41 6082.82 6082.25 190 6071.16 126230 
42 6082.82 6082.48 280 6070.43 126157 
43 6082.82 6082.05 283 6070.85 135693 
44 6082.82 6081.25 301 6068.69 135658 
45 6082.82 6081.97 805 6070.85 125839 
46 6082.82 6077.89 799 6070.22 126164 
47 6082.82 6080.39 285 6070.69 125915 
48 6082.82 6082.29 163 6069.96 126175 
49 6082.82 6081.97 165 6070.33 126812 
50 6082.82 6076.59 161 6068.27 126039 
51 6082.82 6080.82 160 6068.75 126239 
52 6082.82 6082.38 288 6071.35 126226 
53 6082.82 6081.43 157 6070.19 126105 
54 6082.82 6082.78 418 6069.48 126352 
55 6082.82 6081.14 421 6070.18 125944 
56 6082.82 6082.3 158 6069.73 126089 
57 6082.82 6082.7 159 6068.58 126248 
58 6082.82 6079.58 158 6070.42 126128 
59 6082.82 6081.67 169 6070.31 126229 
60 6082.82 6082.72 166 6069.42 125803 
61 6082.82 6081.6 285 6063.4 126131 
62 6082.82 6082.14 289 6069.67 126162 
63 6082.82 6082.35 288 6069.26 126047 
64 6082.82 6081.69 286 6068 126519 
65 6082.82 6082.47 310 6070.97 125842 
66 6082.82 6079.07 163 6067.83 125980 
67 6082.82 6082.59 162 6069.01 125990 
68 6082.82 6081.22 285 6068.94 126416 
69 6082.82 6082.75 162 6069.54 126275 
70 6082.82 6081.73 413 6066.18 126066 
71 6082.82 6082.33 161 6070.32 126518 
72 6082.82 6081.53 292 6069.51 126136 
73 6082.82 6081.34 532 6069.54 126125 
74 6082.82 6080.45 292 6066.79 125910 
75 6082.82 6080.66 413 6067.8 125963 
76 6082.82 6080.77 158 6065.59 126237 
77 6082.82 6082.81 291 6069.5 126274 
78 6082.82 6080.79 542 6069.26 126914 
79 6082.82 6082.38 804 6067.96 126245 
80 6082.82 6082.68 543 6070.87 125816 
81 6082.82 6082.81 159 6068.96 126150 
82 6082.82 6082.79 159 6068.57 129794 
83 6082.82 6072.57 658 6069.42 126191 
84 6082.82 6081.88 284 6070.41 126349 
85 6082.82 6082.42 163 6071.2 125892 
86 6082.82 6081.89 166 6068.45 136369 
87 6082.82 6082.4 293 6069.49 134010 
88 6082.82 6082.81 157 6069.17 126011 
89 6082.82 6082.81 157 6066.88 126213 
90 6082.82 6081.43 789 6063.94 126095 
91 6082.82 6081.91 169 6068.33 126088 
92 6082.82 6082.3 177 6069.04 134656 
93 6082.82 6082.09 320 6069.98 129951 
94 6082.82 6082.32 164 6070.54 174553 
95 6082.82 6081.08 159 6070.56 129407 
96 6082.82 6082.25 189 6063.94 129706 
97 6082.82 6082.81 287 6069.57 126095 
98 6082.82 6082.75 290 6069.58 125966 
99 6082.82 6082.78 163 6069.39 125801 
100 6082.82 6082.73 284 6070.79 126178 
101 6082.82 6081.98 288 6069.86 125804 
102 6082.82 6080.6 189 6069.06 128499 
103 6082.82 6082.73 159 6071.34 126898 
104 6082.82 6081.97 423 6069.47 126155 
105 6082.82 6082.61 292 6070.21 126488 
106 6082.82 6081.54 290 6066.63 126188 
107 6082.82 6073.74 285 6070.53 127378 
108 6082.82 6081.48 165 6068.73 126283 
109 6082.82 6082.75 933 6069.22 135896 
110 6082.82 6081.84 418 6071.02 142311 
111 6082.82 6078.69 162 6068.57 131122 
112 6082.82 6080.49 166 6068.98 131428 
113 6082.82 6081.25 660 6068.46 132735 
114 6082.82 6082.6 166 6069.99 131283 
115 6082.82 6073.54 536 6069.02 130639 
116 6082.82 6079.89 160 6070.11 134090 
117 6082.82 6082.49 160 6069.61 131043 
118 6082.82 6081.87 315 6069.19 133185 
119 6082.82 6082.74 180 6070.24 129821 
120 6082.82 6081.83 164 6069.5 129777 
121 6082.82 6081.9 161 6070.03 133234 
122 6082.82 6081.49 429 6068.62 132794 
123 6082.82 6081.98 168 6070.88 127503 
124 6082.82 6073.73 616 6066.87 206263 
125 6082.82 6081.32 189 6070.45 132503 
126 6082.82 6082.31 345 6065.2 132597 
127 6082.82 6082.22 426 6068.72 129287 
128 6082.82 6082.8 161 6071.76 129310 
129 6082.82 6082.63 425 6062.83 129135 
130 6082.82 6072.11 420 6071.03 131389 
131 6082.82 6082.33 422 6064.69 126286 
132 6082.82 6082.77 169 6069.12 129440 
133 6082.82 6080.23 320 6067.34 140326 
134 6082.82 6081.8 176 6068.63 127333 
135 6077.12 6076.3 195 6063.45 127418 
136 6077.12 6077.02 892 6065.26 127655 
137 6077.12 6067.93 1207 6063.07 128473 
138 6077.12 6076.87 300 6062.82 126670 
139 6077.12 6075.28 175 6064.93 127009 
140 6077.12 6075.12 1075 6063.56 128305 
141 6077.12 6076.84 677 6064.11 128193 
142 6077.12 6075.76 166 6064.05 126687 
143 6077.12 6065.85 168 6063.5 126653 
144 6077.12 6077.01 177 6064.17 127716 
145 6077.12 6075.98 163 6063.17 127840 
146 6077.12 6075.52 166 6063.43 126635 
147 6077.12 6077.09 163 6064.36 126555 
148 6077.12 6076.83 171 6064.69 128361 
149 6077.12 6076.21 951 6062.64 127170 
150 6077.12 6077.09 167 6062.47 144694 
151 6077.12 6076.93 297 6062.87 127732 
152 6077.12 6073.98 423 6063.73 129282 
153 6077.12 6077.05 545 6063.34 126979 
154 6077.12 6075.46 169 6064.07 128097 
155 6077.12 6076.6 296 6063.43 126770 
156 6077.12 6077.06 326 6060.52 129053 
157 6077.12 6075.78 563 6063.7 127548 
158 6077.12 6075.88 315 6063.57 128135 
159 6077.12 6076.32 291 6062.68 126788 
160 6077.12 6075.71 170 6062.78 128268 
161 6077.12 6076.92 164 6064.65 127624 
162 6077.12 6076.75 671 6063.32 128847 
163 6077.12 6066.39 167 6063.72 126509 
164 6077.12 6076.89 297 6063.26 127902 
165 6077.12 6074.7 168 6065.52 128448 
166 6077.12 6075.82 673 6063.92 128646 
167 6077.12 6076.59 168 6065.08 127149 
168 6077.12 6076.95 803 6063.97 127375 
169 6077.12 6067.9 299 6063.71 126832 
170 6077.12 6072.77 296 6063.68 128918 
171 6077.12 6076.97 170 6063.92 126796 
172 6077.12 6074.06 294 6063.61 126757 
173 6077.12 6077.05 310 6064.15 140583 
174 6077.12 6076.19 172 6064.33 136985 
175 6077.12 6077.09 293 6062.67 127526 
176 6077.12 6076.89 162 6063.64 126687 
177 6077.12 6076.18 160 6063.75 128232 
178 6077.12 6074.48 813 6063.97 126870 
179 6077.12 6076.95 170 6064.06 127836 
180 6077.12 6073.87 290 6064.05 126410 
181 6077.12 6077.1 297 6065.31 128397 
182 6077.12 6076.85 538 6063.48 128097 
183 6077.12 6075.87 166 6064.89 128533 
184 6077.12 6075.49 417 6062.71 126512 
185 6077.12 6075.41 163 6064.61 128081 
186 6077.12 6068.09 172 6061.42 127069 
187 6077.12 6076.46 590 6065.01 131877 
188 6077.12 6075.58 306 6064.86 136920 
189 6077.12 6076.22 462 6063.73 136568 
190 6077.12 6075.98 288 6062.97 133247 
191 6077.12 6076.08 170 6063.72 129823 
192 6077.12 6075.72 547 6063.96 129788 
193 6077.12 6076.99 361 6065.4 132477 
194 6077.12 6076.38 303 6063.79 127341 
195 6077.12 6075.92 699 6059.67 128557 
196 6077.12 6075.74 161 6064.17 126674 
197 6077.12 6076.26 486 6062.25 127799 
198 6077.12 6076.66 164 6062.88 128080 
199 6077.12 6076.89 167 6064.23 128938 
200 6077.12 6075.14 289 6062.24 126820 
201 6077.12 6075.76 1277 6063.8 134515 
202 6077.12 6076.99 296 6065.31 133069 
203 6077.12 6076.97 290 6063.88 133932 
204 6077.12 6077.11 542 6064.09 149975 
205 6077.12 6076.18 1168 6062.35 193823 
206 6077.12 6074.1 168 6064.42 159650 
207 6077.12 6076.89 553 6063.48 128342 
208 6077.12 6076.73 267 6061.27 193677 
209 6077.12 6077.02 200 6063.81 187242 
210 6077.12 6076.82 232 6062.14 187513 
211 6077.12 6077.07 845 6060.27 202232 
212 6077.12 6076.78 445 6064.05 133604 
213 6077.12 6073.75 184 6065.56 192723 
214 6077.12 6076.72 346 6063.13 169169 
215 6077.12 6076.88 335 6065.41 194196 
216 6077.12 6076.91 273 6062.89 180492 
217 6077.12 6076.36 528 6064.32 197465 
218 6077.12 6077.11 1043 6064.6 188934 
219 6077.12 6076.02 165 6063.71 126779 
220 6077.12 6077.08 162 6063.25 126329 
221 6077.12 6076.35 408 6065.74 126418 
222 6077.12 6076.73 166 6062.24 125949 
223 6077.12 6076.08 554 6063.03 126996 
224 6077.12 6076.72 800 6063.64 143348 
225 6077.12 6076.34 161 6063.98 127502 
226 6077.12 6077.05 179 6063.31 129138 
227 6077.12 6076.1 197 6062.37 189767 
228 6077.12 6076.43 861 6064.24 203363 
229 6077.12 6075.69 291 6063.45 183792 
230 6077.12 6074.56 291 6063.75 134534 
231 6077.12 6075.26 294 6063.82 136462 
232 6077.12 6076.84 313 6064.34 136830 
233 6077.12 6075.01 886 6063.7 129732 
234 6077.12 6076.71 325 6064.51 135734 
235 6077.12 6077.04 179 6063.63 183836 
236 6077.12 6076.2 188 6063.14 132977 
237 6077.12 6076.91 251 6063.73 199064 
238 6077.12 6077.03 221 6059.88 185080 
239 6077.12 6076.92 360 6064.59 194401 
240 6077.12 6076.83 217 6063.9 200550 
241 6077.12 6075.38 235 6063.34 191847 
242 6077.12 6076.92 167 6064 166751 
243 6077.12 6075.28 716 6062.6 190714 
244 6077.12 6077.08 196 6063.11 186711 
245 6077.12 6077.04 159 6064.66 139739 
246 6077.12 6076.91 1022 6063.45 177309 
247 6077.12 6076.15 469 6062.43 184933 
248 6077.12 6076.98 341 6062.93 132978 
249 6077.12 6076.64 320 6058.64 157208 
250 6077.12 6075.91 160 6064.05 139292 
251 6077.12 6076.32 319 6062.37 135412 
252 6077.12 6075.81 287 6064.32 126503 
253 6077.12 6076.51 165 6063.55 126977 
254 6041.15 6038.97 352 6026.45 194265 
255 6041.15 6040.95 165 6028.3 132802 
256 6041.15 6041.13 166 6028.44 129147 
257 6041.15 6040.33 167 6026.88 135582 
258 6041.15 6041.13 447 6023.37 131106 
259 6041.15 6040.34 187 6025.28 168864 
260 6041.15 6040.19 666 6027.89 128087 
261 6041.15 6039.71 184 6027.22 131415 
262 6041.15 6040.33 189 6025.3 130200 
263 6041.15 6040.68 679 6028.33 130379 
264 6041.15 6041.05 168 6028.08 129491 
265 6041.15 6039.99 167 6025.48 141120 
266 6041.15 6040.17 164 6028.23 137297 
267 6041.15 6040.91 298 6025.02 137447 
268 6041.15 6041.08 168 6027.61 137032 
269 6041.15 6040.31 161 6028.08 130817 
270 6041.15 6040.82 183 6028.3 146226 
271 6041.15 6041.06 164 6028.15 126717 
272 6041.15 6040.65 293 6027.28 126975 
273 6041.15 6039.97 297 6025.11 126822 
274 6041.15 6040.22 293 6028.32 126898 
275 6041.15 6041.06 670 6026.63 126844 
276 6041.15 6041.13 419 6028.7 127036 
277 6041.15 6041.12 186 6027.26 126720 
278 6041.15 6041.08 169 6029.27 126697 
279 6041.15 6038.44 291 6027.35 126705 
280 6041.15 6041.11 304 6025.59 126862 
281 6041.15 6040.89 418 6029.15 127216 
282 6041.15 6040.99 325 6028.05 126690 
283 6041.15 6040.71 288 6026.63 126767 
284 6041.15 6037.91 257 6027.71 141514 
285 6041.15 6040.05 301 6027.95 164096 
286 6041.15 6040.28 429 6027.55 155384 
287 6041.15 6039.34 173 6028.23 160280 
288 6041.15 6041.05 621 6021.85 164417 
289 6041.15 6038.88 290 6027.64 130770 
290 6041.15 6040.61 415 6028.33 143684 
291 6041.15 6039.84 166 6026.8 135892 
292 6041.15 6038.47 573 6022.61 131592 
293 6041.15 6040.78 161 6028.27 141057 
294 6041.15 6040.56 161 6026.17 129842 
295 6041.15 6040.27 169 6028.41 126734 
296 6041.15 6036.49 296 6027.36 137015 
297 6041.15 6040.87 798 6028.51 135211 
298 6041.15 6038.6 331 6024.74 138757 
299 6041.15 6041.05 183 6028.17 133575 
300 6041.15 6040.66 165 6028.11 144089 
301 6041.15 6040.89 686 6026.89 130474 
302 6041.15 6037.27 160 6029.24 127336 
303 6041.15 6039.21 166 6025.66 127160 
304 6041.15 6040.92 422 6027.94 127009 
305 6041.15 6040.87 692 6025.39 126912 
306 6041.15 6040.41 450 6027.24 126895 
307 6041.15 6039.2 1291 6029.36 126942 
308 6041.15 6041 436 6028.59 128432 
309 6041.15 6039.97 302 6027.48 127463 
310 6041.15 6039.57 168 6025.28 127129 
311 6041.15 6040.31 162 6027.38 126473 
312 6041.15 6041.11 299 6027.29 126477 
313 6041.15 6041.15 167 6027.78 126838 
314 6041.15 6040.13 296 6028 126870 
315 6041.15 6030.99 548 6027.98 126953 
316 6041.15 6040.58 425 6026 127333 
317 6041.15 6041.15 165 6026.35 126685 
318 6041.15 6040.44 160 6029.35 126308 
319 6041.15 6040.18 290 6029.48 127976 
320 6041.15 6039.78 292 6028.63 127262 
321 6041.15 6040.99 430 6026.87 126672 
322 6041.15 6041 160 6027.94 126737 
323 6041.15 6040.85 303 6027.89 126706 
324 6041.15 6041.01 171 6027.3 126958 
325 6041.15 6038.84 165 6024.36 127025 
326 6041.15 6039.35 291 6028.12 126776 
327 6041.15 6041.05 422 6024.96 126791 
328 6041.15 6039.21 421 6028.59 126595 
329 6041.15 6039.54 164 6027.94 127159 
330 6041.15 6040.98 426 6027.87 127301 
331 6041.15 6039.6 1060 6028.11 126665 
332 6041.15 6032.78 164 6021.6 126428 
333 6041.15 6040.68 804 6028.24 126801 
334 6041.15 6040.6 162 6027.94 126822 
335 6041.15 6040.78 298 6026.45 126926 
336 6041.15 6040.31 163 6027.34 126619 
337 6041.15 6038.99 166 6028.67 126758 
338 6041.15 6039.44 163 6028.49 126551 
339 6041.15 6041.1 416 6027.71 126690 
340 6041.15 6040.28 160 6026.18 127184 
341 6041.15 6040.99 189 6026.27 126809 
342 6041.15 6041.12 445 6027.67 126821 
343 6041.15 6040.13 298 6026.19 127163 
344 6041.15 6040.31 454 6023.72 126940 
345 6041.15 6039.65 187 6025.71 127032 
346 6041.15 6041.03 164 6027.43 126994 
347 6041.15 6038.75 458 6027.4 136738 
348 6041.15 6038.94 170 6025.69 161817 
349 6041.15 6039.49 422 6027.21 131090 
350 6041.15 6041.15 168 6028.52 135673 
351 6041.15 6039.48 419 6026.59 128789 
352 6041.15 6040.58 294 6026.29 129202 
353 6041.15 6038.7 298 6028.42 128563 
354 6041.15 6040.38 194 6027.18 141482 
355 6041.15 6040.63 188 6027.69 136628 
356 6041.15 6040.84 472 6025.7 131289 
357 6041.15 6041.11 169 6024.21 127653 
358 6041.15 6040.5 549 6027.21 131239 
359 6041.15 6039.86 578 6026.44 134758 
360 6041.15 6040.68 171 6027.78 132433 
361 6041.15 6041.04 185 6027.68 131258 
362 6041.15 6041.1 294 6028.67 130391 
363 6041.15 6041.06 163 6025.64 130290 
364 6041.15 6039.85 418 6028.09 130639 
365 6041.15 6041.08 540 6027.64 130003 
366 6041.15 6041.1 165 6028.56 130186 
367 6041.15 6039.67 464 6028.63 129988 
368 6041.15 6040.85 173 6027.39 138653 
369 6041.15 6041.09 417 6024.87 130740 
370 6041.15 6032.49 180 6027.03 129818 
371 6041.15 6040.86 193 6027.72 130073 
372 6041.15 6040.64 798 6024.01 129765 
373 6041.15 6037.58 195 6027.41 129567 
374 6041.15 6040.49 415 6027.99 129616 
375 6041.15 6040.27 161 6026.85 130360 
376 6041.15 6040.29 165 6026.03 129825 
377 6041.15 6040.77 787 6028.19 130139 
378 6041.15 6039.25 287 6029.03 130561 
379 6041.15 6041.15 310 6026.51 130047 
380 6041.15 6038.97 159 6026.5 130329 
381 6041.15 6040.26 166 6025.37 130120 
382 6041.15 6039.79 317 6028.14 132621 
383 6041.15 6040.39 557 6027.19 126699 
384 6041.15 6041.06 1070 6029.24 126681 
385 6041.15 6040.85 542 6028.26 128477 
386 6041.15 6029.72 165 6026.05 127356 
387 6041.15 6040.54 440 6025.44 126968 
388 6041.15 6036.61 287 6028.17 127297 
389 6041.15 6040.75 285 6028.3 126793 
390 6041.15 6041.07 291 6028.16 126568 
391 6041.15 6040.59 541 6027.88 126612 
392 6041.15 6040.82 163 6028.04 126848 
393 6041.15 6038.09 288 6027.74 128546 
394 6041.15 6041.05 411 6027.43 126550 
395 6041.15 6040.67 296 6023.76 128602 
396 6041.15 6038.19 285 6024.91 126510 
397 6041.15 6040.25 161 6021.6 127193 
398 6041.15 6039.82 159 6026.74 127012 
399 6041.15 6039.53 290 6029.09 127119 
400 6041.15 6040.45 161 6027.49 127013 
401 6041.15 6037.75 159 6027.68 126830 
402 6041.15 6040.87 428 6028.45 127148 
403 6041.15 6038.85 415 6029.17 127052 
404 6041.15 6041.01 158 6027.84 126724 
405 6041.15 6040.67 285 6026.91 127011 
406 6041.15 6040.86 311 6027.56 126806 
407 6041.15 6041.07 168 6025.85 127233 
408 6041.15 6037.29 171 6028.21 127308 
409 6041.15 6040.87 167 6028.13 127158 
410 6041.15 6040.96 543 6026.61 126994 
411 6041.15 6040.72 289 6026.66 126755 
412 6041.15 6037.98 165 6025.94 127162 
413 6041.15 6040.83 163 6028.48 127869 
414 6041.15 6039.47 419 6028.92 126685 
415 6041.15 6040.79 819 6027.69 126768 
416 6041.15 6041.15 166 6028.42 126649 
417 6041.15 6041.04 165 6028.49 127080 
418 6041.15 6039.86 290 6026.89 127021 
419 6041.15 6039.96 160 6029.63 126832 
420 6041.15 6040.23 300 6027.2 136072 
421 6041.15 6040.63 314 6027.64 133715 
422 6041.15 6040.73 431 6025.42 127308 
423 6041.15 6040.63 176 6026.7 127127 
424 6041.15 6038.71 290 6027.97 159787 
425 6041.15 6034.49 555 6027.79 127626 
426 6041.15 6041.07 167 6028.91 126929 
427 6041.15 6040.99 167 6026.93 127117 
428 6041.15 6039.84 166 6028.16 130640 
429 6041.15 6038.91 295 6026.98 132395 
430 6041.15 6041.03 458 6027.31 134648 
431 6041.15 6041.08 904 6028.31 130752 
432 6041.15 6040.02 335 6024.45 148411 
433 6041.15 6040.37 167 6025.4 128312 
434 6041.15 6040.17 419 6027.92 127533 
435 6041.15 6040.8 164 6027.17 134374 
436 6041.15 6039.35 164 6028.62 131793 
437 6041.15 6039.95 548 6029.18 127009 
438 6041.15 6041.06 164 6028.68 126744 
439 6041.15 6041.03 447 6028.6 127027 
440 6041.15 6038.65 929 6028.89 126948 
441 6041.15 6041.04 297 6027.75 126885 
442 6041.15 6040.56 171 6026.57 126876 
443 6041.15 6040.36 299 6027.21 126793 
444 6041.15 6041.07 424 6024.34 127358 
445 6041.15 6040.47 541 6026.28 127334 
446 6041.15 6039.74 167 6022.42 126903 
447 6041.15 6040.36 294 6027.28 131474 
448 6041.15 6040.6 320 6025.58 126882 
449 6041.15 6040.22 181 6026.68 126985 
450 6041.15 6040.53 169 6026.04 127174 
451 6041.15 6039.62 163 6026.16 126794 
452 6041.15 6041.06 165 6026.79 126854 
453 6041.15 6040.33 289 6026.48 126865 
454 6041.15 6041.1 294 6028.22 126983 
455 6041.15 6040.97 168 6027.2 127065 
456 6041.15 6041.08 412 6027.58 126845 
457 6041.15 6040.01 170 6027.19 127104 
458 6041.15 6041.15 426 6028.24 126679 
459 6041.15 6040.96 425 6028.2 127069 
460 6041.15 6038.81 164 6028.28 127002 
461 6041.15 6040.95 548 6023.1 126800 
462 6041.15 6040.98 326 6027.27 135359 
463 6041.15 6037.65 437 6026.91 135944 
464 6041.15 6038.2 164 6027.35 126902 
465 6041.15 6041.09 159 6027.81 127103 
466 6041.15 6041.04 307 6024.56 126787 
467 6041.15 6040.53 296 6028.11 126680 
468 6041.15 6039.23 292 6027.43 126777 
469 6041.15 6040.76 292 6028.85 126796 
470 6041.15 6040.21 163 6028.26 126628 
471 6041.15 6040.3 158 6028.96 126746 
472 6041.15 6038.99 288 6027.71 126943 
473 6041.15 6041.15 672 6027.33 126543 
474 6041.15 6039.42 290 6028.8 128752 
475 6041.15 6039.79 167 6026.41 126679 
476 6041.15 6039.47 410 6027.46 126318 
477 6041.15 6040.64 163 6024.34 126775 
478 6041.15 6039.45 159 6021.6 127198 
479 6041.15 6040.71 165 6026.46 126854 
480 6041.15 6040.69 289 6026.57 127667 
481 6041.15 6040.17 415 6026.2 126737 
482 6041.15 6040.12 1132 6027.64 136385 
483 6041.15 6029.76 322 6026.91 134051 
484 6041.15 6040.99 291 6026.61 132652 
485 6041.15 6040.57 290 6027.65 156488 
486 6041.15 6040.53 514 6027.02 157391 
487 6041.15 6040.3 890 6028.66 131397 
488 6041.15 6040.31 428 6028.45 128688 
489 6041.15 6040.47 164 6027.85 127897 
490 6041.15 6039.94 167 6028.13 131097 
491 6041.15 6041.04 165 6026.99 128909 
492 6041.15 6039.95 293 6027.19 129641 
493 6041.15 6040.95 169 6028.04 130015 
494 6041.15 6040.87 164 6027.79 132857 
495 6041.15 6040.87 297 6026.9 137905 
496 6041.15 6040.39 169 6023.17 127000 
497 6041.15 6038.45 293 6028.07 127009 
498 6041.15 6040.93 194 6026.34 126730 
499 6041.15 6039.75 292 6027.41 126782 
500 6041.15 6040.97 167 6028.77 126974 
501 6041.15 6040.96 171 6027.64 127042 
502 6041.15 6038.79 163 6028 127226 
503 6041.15 6040.78 581 6027.04 126812 
504 6041.15 6040.85 288 6027.64 126695 
505 6041.15 6040.84 169 6026.02 126757 
506 6041.15 6040.83 305 6027.77 131268 
507 6041.15 6040.46 163 6027.89 126824 
508 6041.15 6040.69 159 6027.16 126609 
509 6041.15 6041.12 413 6027.5 126642 
510 6041.15 6040.06 165 6027.84 126694 
511 6041.15 6038.62 292 6027.7 126816 
512 6041.15 6040.93 300 6027.23 127243 
513 6041.15 6040.45 304 6028.72 128068 
514 6041.15 6040.89 432 6029.39 126434 
515 6041.15 6040.99 552 6028.23 126677 
516 6041.15 6041.1 163 6028.35 126534 
517 6041.15 6040.72 314 6028.54 126527 
518 6041.15 6041.07 923 6028.07 126476 
519 6041.15 6040.65 461 6026.33 126668 
520 6041.15 6039.12 301 6027.54 126692 
521 6041.15 6041.05 298 6026.48 127080 
522 6041.15 6040.96 168 6026.49 127011 
523 6041.15 6037.24 169 6028.8 126249 
524 6041.15 6040.48 162 6026.47 126295 
525 6041.15 6039.86 168 6026.53 126390 
526 6041.15 6039.94 163 6023.25 126751 
527 6041.15 6038.88 171 6028.09 126593 
528 6041.15 6041.11 286 6027.65 126835 
529 6041.15 6039.76 165 6028.82 126560 
530 6041.15 6040.35 542 6027.53 127181 
531 6041.15 6040.75 539 6027.02 127060 
532 6041.15 6041.15 163 6027.95 127421 
533 6041.15 6040.29 200 6027.75 137102 
534 6041.15 6028.53 294 6027.65 131544 
535 6041.15 6039.75 232 6027.4 131886 
536 6041.15 6040.97 544 6027.37 155890 
537 6041.15 6040.47 295 6027.06 130456 
538 6041.15 6038.04 215 6025.5 131593 
539 6041.15 6038.84 186 6028.03 127117 
540 6041.15 6039.39 602 6026.49 134500 
541 6041.15 6040.82 181 6025.98 132280 
542 6041.15 6041.06 420 6028.18 127637 
543 6041.15 6040.2 162 6027.53 130569 
544 6041.15 6041.15 290 6026.37 129574 
545 6041.15 6040.97 414 6028.32 131818 
546 6041.15 6038.99 546 6027.52 130776 
547 6041.15 6034.57 171 6026.69 132208 
548 6041.15 6038.74 164 6028.22 133216 
549 6041.15 6040.25 163 6028.43 128986 
550 6041.15 6041.15 756 6026.52 151360 
551 6041.15 6041.13 474 6028.95 141894 
552 6041.15 6041.03 165 6026.39 133276 
553 6041.15 6040.92 690 6028.84 135228 
554 6041.15 6039.81 194 6028.42 206520 
555 6041.15 6040.63 171 6027.08 132576 
556 6041.15 6040.86 569 6027.67 134208 
557 6041.15 6040.24 297 6027.8 133396 
558 6041.15 6039.78 171 6028.53 135142 
559 6041.15 6040.94 1199 6027.68 132514 
560 6041.15 6040.64 171 6028.38 133468 
561 6041.15 6039.82 596 6025.81 133953 
562 6041.15 6040.41 300 6028.1 133421 
563 6041.15 6039.52 291 6028.21 134179 
564 6041.15 6040.64 297 6028.14 134530 
565 6041.15 6040.85 317 6027.55 133513 
566 6041.15 6040.91 298 6028.3 133945 
567 6041.15 6041.13 178 6026.77 135383 
568 6041.15 6038.56 171 6026.15 133461 
569 6041.15 6040.28 415 6028.46 132864 
570 6041.15 6040.42 168 6026.49 132113 
571 6041.15 6039.71 166 6027.23 131394 
572 6041.15 6041.13 165 6023.69 132001 
573 6041.15 6040.93 178 6026.85 129860 
574 6041.15 6040.38 417 6029.11 131075 
575 6041.15 6040.3 290 6027.3 131921 
576 6041.15 6040.17 311 6028.38 132286 
577 6041.15 6041 301 6027.48 130615 
578 6041.15 6041.06 676 6023.56 131523 
579 6041.15 6041 173 6029.62 131398 
580 6041.15 6033.14 433 6028.39 130770 
581 6041.15 6040.66 290 6027.25 132447 
582 6041.15 6034.06 165 6027.32 129636 
583 6041.15 6039.19 290 6028.16 131817 
584 6041.15 6040.69 428 6028.2 133254 
585 6041.15 6041.02 294 6024.54 126774 
586 6041.15 6040.99 165 6028.11 130756 
587 6041.15 6040.83 193 6025.37 130772 
588 6041.15 6040.92 296 6027.03 130487 
589 6041.15 6040 425 6027.79 131709 
590 6041.15 6040.39 294 6028.88 128470 
591 6041.15 6040.64 169 6026.23 128156 
592 6041.15 6040.15 164 6027.94 127670 
593 6041.15 6040.5 300 6028.5 126726 
594 6041.15 6040.05 162 6026.56 128209 
595 6041.15 6039.34 162 6027.75 128142 
596 6041.15 6040.62 163 6027.87 127557 
597 6041.15 6040.51 169 6028.04 126758 
598 6041.15 6039.89 831 6026.77 128911 
599 6041.15 6040.87 286 6027.21 127398 
600 6041.15 6040.38 169 6027.06 127239 
601 6041.15 6040.22 159 6023.66 127014 
602 6041.15 6040.09 167 6025.38 128911 
603 6041.15 6040.04 163 6028.82 127427 
604 6041.15 6040.93 308 6028.1 128364 
605 6041.15 6039.88 171 6022.76 126609 
606 6041.15 6041.12 503 6027.61 130159 
607 6041.15 6037.35 169 6025.59 128193 
608 6041.15 6039.7 293 6026.62 130946 
609 6041.15 6038.78 447 6027.84 126963 
610 6041.15 6039.6 160 6026.86 128432 
611 6041.15 6041.13 166 6027.28 127599 
612 6041.15 6040.7 549 6028.31 128015 
613 6041.15 6040.93 164 6026.27 126964 
614 6041.15 6041.01 327 6025.58 136906 
615 6041.15 6040.38 229 6028.18 136465 
616 6041.15 6039.23 300 6028.81 127335 
617 6041.15 6040.67 417 6025.59 127271 
618 6041.15 6039.89 163 6027.73 126571 
619 6041.15 6041.06 167 6029.21 128874 
620 6041.15 6039.52 167 6026.49 127285 
621 6041.15 6040.09 163 6026.81 127069 
622 6041.15 6038.6 160 6025.76 126807 
623 6041.15 6039.71 675 6027.16 128939 
624 6041.15 6039.04 291 6027.39 127812 
625 6041.15 6040.38 418 6028.54 127728 
626 6041.15 6039.22 311 6028.29 126763 
627 6041.15 6038.51 414 6028.9 129209 
628 6041.15 6039.62 161 6026.9 127387 
629 6041.15 6040.33 162 6026.2 128159 
630 6041.15 6039.6 169 6027.31 126661 
631 6041.15 6041.12 571 6025.76 132895 
632 6041.15 6041.08 163 6028.78 129622 
633 6041.15 6040.8 493 6026.55 145569 
634 6041.15 6039 553 6027.28 134842 
635 6041.15 6039.88 461 6026.74 135083 
636 6041.15 6039.06 313 6028.94 126794 
637 6041.15 6041.04 164 6025.94 136172 
638 6041.15 6040.86 453 6027.35 130747 
639 6041.15 6040.47 549 6026.49 130615 
640 6041.15 6041.1 164 6028.29 130751 
641 6041.15 6039.03 296 6026.71 137424 
642 6041.15 6040.74 176 6027.62 132909 
643 6041.15 6041.08 323 6028.35 141561 
644 6041.15 6040.08 473 6023.68 136611 
645 6041.15 6040.32 165 6028.14 130780 
646 6041.15 6039.82 552 6027.77 160815 
647 6041.15 6041.14 667 6027.18 190034 
648 6041.15 6039.54 576 6027.74 154675 
649 6041.15 6040.34 333 6025.54 161077 
650 6041.15 6034.78 166 6029.08 127601 
651 6041.15 6040.78 504 6027.95 178565 
652 6041.15 6039.96 165 6027.55 134515 
653 6041.15 6041.1 294 6029.09 128010 
654 6041.15 6040.3 436 6028.59 138201 
655 6041.15 6040.88 327 6027.19 139274 
656 6041.15 6040.58 196 6029.72 138038 
657 6041.15 6040.67 164 6023.68 131911 
658 6041.15 6040.19 572 6028.32 133937 
659 6041.15 6041.11 705 6026.65 129498 
660 6041.15 6040.37 598 6028.1 131226 
661 6041.15 6041.1 161 6027.59 136088 
662 6041.15 6040.43 294 6026.68 128400 
663 6041.15 6040.99 432 6027.4 129995 
664 6041.15 6041.01 289 6027.75 131483 
665 6041.15 6039.32 424 6028.18 131576 
666 6041.15 6040.18 176 6028.05 131822 
667 6041.15 6038.38 164 6024.51 133880 
668 6041.15 6040.97 447 6026.49 134170 
669 6041.15 6040.92 324 6026.7 135755 
670 6041.15 6041.12 167 6028.76 131644 
671 6041.15 6041.13 168 6028.21 137878 
672 6041.15 6041.09 166 6025.3 126737 
673 6041.15 6029.79 544 6025.59 126710 
674 6041.15 6038.93 170 6024.04 127335 
675 6041.15 6039.89 165 6025.62 127235 
676 6041.15 6040.89 168 6028.61 138287 
677 6041.15 6039.81 549 6025.96 130369 
678 6041.15 6038.87 176 6025.86 126861 
679 6041.15 6040.72 424 6028.19 127304 
680 6041.15 6040.14 674 6027.36 131289 
681 6041.15 6039.58 171 6028.23 131834 
682 6041.15 6041.05 341 6027.31 142112 
683 6041.15 6040.65 163 6027.33 132817 
684 6041.15 6041.14 294 6026.19 131312 
685 6041.15 6040.74 170 6027.43 131098 
686 6041.15 6040.2 571 6026.84 137117 
687 6041.15 6040.31 543 6027.36 133485 
688 6041.15 6041.04 522 6028.39 190985 
689 6041.15 6040.59 181 6027.59 132110 
690 6041.15 6038.71 570 6027.02 165244 
691 6041.15 6039.43 583 6028.63 174708 
692 6041.15 6041.12 168 6024.92 132579 
693 6041.15 6039.27 1561 6028.55 154019 
694 6041.15 6040.68 182 6027.35 150672 
695 6041.15 6040.75 667 6026.58 155531 
696 6041.15 6040.45 164 6026.53 126998 
697 6041.15 6040.69 656 6027.24 151793 
698 6041.15 6039.61 423 6029.38 128696 
699 6041.15 6039.95 547 6027.77 129672 
700 6041.15 6041.15 337 6027.44 143242 
701 6041.15 6040.56 286 6027.61 128399 
702 6041.15 6041.15 825 6027.62 131565 
703 6041.15 6038.32 319 6026.69 130154 
704 6041.15 6040.99 165 6027.1 130664 
705 6041.15 6038.37 179 6025.45 132817 
706 6041.15 6040.7 162 6026.61 130641 
707 6041.15 6033.35 184 6027.02 130103 
708 6041.15 6040.04 168 6026.52 132786 
709 6041.15 6039.5 421 6028 129187 
710 6041.15 6040.87 415 6027.1 129235 
711 6041.15 6039.67 476 6027.55 130662 
712 6041.15 6040.06 181 6025.42 130040 
713 6041.15 6039.88 415 6026 130897 
714 6041.15 6039.41 302 6028.43 129455 
715 6041.15 6039.7 416 6027.1 131559 
716 6041.15 6040.99 164 6026.29 130643 
717 6041.15 6041.09 193 6024.85 130336 
718 6041.15 6038.61 597 6027.48 135283 
719 6041.15 6038.66 165 6028.43 128851 
720 6041.15 6040.05 343 6025.62 130688 
721 6041.15 6040.93 164 6028.84 126968 
722 6041.15 6040.58 171 6026.88 129832 
723 6041.15 6038.9 307 6027.8 128499 
724 6041.15 6040.49 291 6028.97 127349 
725 6041.15 6041 303 6026.9 127478 
726 6041.15 6040.99 422 6026.91 130630 
727 6041.15 6039.84 431 6028.41 129544 
728 6041.15 6041.07 425 6024.77 127743 
729 6041.15 6041 290 6027.19 133286 
730 6041.15 6041.06 934 6027.71 133234 
731 6041.15 6039.22 671 6027.64 133047 
732 6041.15 6040.45 355 6025.4 161160 
733 6041.15 6041 283 6027.39 166738 
734 6041.15 6041.14 1394 6028.07 182656 
735 6041.15 6040.21 293 6028.64 132569 
736 6041.15 6040.63 620 6027.66 142465 
737 6041.15 6039.07 157 6026.03 146080 
738 6041.15 6037.45 870 6028.48 143760 
739 6041.15 6041.01 319 6028.67 157166 
740 6041.15 6039.68 214 6026.22 173260 
741 6041.15 6032.49 319 6028 183317 
742 6041.15 6029.8 337 6026.61 181392 
743 6041.15 6039.87 320 6028.82 144342 
744 6041.15 6040.95 1135 6028.53 174466 
745 6041.15 6039.68 298 6028.18 141091 
746 6041.15 6041.14 327 6027.4 188377 
747 6041.15 6040.41 161 6028.79 134275 
748 6041.15 6039.42 1230 6025.76 131669 
749 6041.15 6038.61 301 6027.94 133748 
750 6041.15 6040.14 318 6027.22 134519 
751 6041.15 6040.8 541 6028.02 174856 
752 6041.15 6040.48 295 6028.49 135524 
753 6041.15 6033.54 173 6028.76 128567 
754 6041.15 6040.99 170 6028.04 126858 
755 6041.15 6039.81 173 6028.27 128958 
756 6041.15 6040.53 167 6027.22 128123 
757 6041.15 6039.15 431 6027.2 128979 
758 6041.15 6039.77 167 6027.06 129503 
759 6041.15 6037.35 333 6027.93 149608 
760 6041.15 6041.11 162 6028.35 131047 
761 6041.15 6041.02 162 6027.58 138358 
762 6041.15 6038.8 169 6028.35 134417 
763 6041.15 6039.78 767 6028.9 137291 
764 6041.15 6040.73 552 6028.55 135416 
765 6041.15 6039.86 166 6027.02 133955 
766 6041.15 6040.26 182 6027.16 168844 
767 6041.15 6040.64 317 6027.12 132706 
768 6041.15 6040.28 443 6026.91 132637 
769 6041.15 6040.91 162 6028.36 134804 
770 6041.15 6041.04 284 6022.76 132968 
771 6041.15 6029.28 291 6027.62 132847 
772 6041.15 6035.03 231 6025.48 175039 
773 6041.15 6040.3 327 6027.67 175858 
774 6041.15 6039.62 479 6026.55 196689 
775 6041.15 6040.52 337 6027.05 173270 
776 6041.15 6040.85 289 6026.96 127813 
777 6041.15 6040.97 319 6026.71 169406 
778 6041.15 6040.93 214 6026.22 168707 
779 6041.15 6039.79 328 6026.35 162086 
780 6041.15 6039.66 167 6025.81 129320 
781 6041.15 6040.04 162 6027.71 126972 
782 6041.15 6040.62 291 6026.33 127022 
783 6041.15 6038.91 702 6027.81 126737 
784 6041.15 6040.56 158 6027.95 127007 
785 6041.15 6034.63 166 6027.63 127187 
786 6041.15 6039.42 167 6029.46 126532 
787 6041.15 6040.41 165 6025.82 126802 
788 6041.15 6040.97 294 6028.49 126860 
789 6041.15 6041.12 298 6026.12 126735 
790 6041.15 6038.16 298 6026.67 127369 
791 6041.15 6040.79 310 6026.91 127049 
792 6041.15 6040.55 175 6027.05 127176 
793 6041.15 6041 164 6023.15 127147 
794 6041.15 6041.13 168 6026.85 126979 
795 6041.15 6029.62 442 6026.92 126806 
796 6041.15 6040.71 434 6029.25 126403 
797 6041.15 6040.93 412 6029.45 137559 
798 6041.15 6040.23 297 6025.94 135278 
799 6041.15 6041.06 165 6028.44 126449 
800 6041.15 6039.1 159 6027.68 126385 
801 6041.15 6040.85 162 6027.71 127031 
802 6041.15 6041.14 191 6027.17 129259 
803 6041.15 6039.54 291 6027.45 131091 
804 6041.15 6041.1 541 6027.31 141389 
805 6041.15 6040.15 285 6028.36 134078 
806 6041.15 6040.29 171 6027.22 138644 
807 6041.15 6040.24 211 6026.45 135501 
808 6041.15 6041 461 6027.03 133253 
809 6041.15 6039.78 413 6027.65 164449 
810 6041.15 6040.59 544 6026.86 131239 
811 6041.15 6040.22 178 6028.17 130009 
812 6041.15 6039.98 329 6025.87 130188 
813 6041.15 6041.12 1250 6026.05 130022 
814 6041.15 6041.09 419 6024.98 129678 
815 6041.15 6040.76 317 6026.77 129695 
816 6041.15 6041.14 417 6028.99 129872 
817 6041.15 6040.7 409 6027.81 126483 
818 6041.15 6039.9 162 6026.26 126784 
819 6041.15 6040.75 164 6028.23 126663 
820 6041.15 6040.8 283 6027.57 126685 
821 6041.15 6041.05 670 6025.97 126799 
822 6041.15 6040.99 183 6028.48 129440 
823 6041.15 6040.62 169 6028.64 126993 
824 6041.15 6041.14 455 6027.86 130067 
825 6041.15 6040.87 164 6024.03 130571 
826 6041.15 6040.17 292 6027.87 126435 
827 6041.15 6039.42 163 6028.45 126737 
828 6041.15 6038.26 945 6027.77 126716 
829 6041.15 6040.32 166 6027.71 126799 
830 6041.15 6040.87 675 6026.68 126955 
831 6041.15 6040.53 420 6026.79 127268 
832 6041.15 6040.38 166 6030.09 126466 
833 6041.15 6027.75 528 6027.74 132264 
834 6041.15 6041.13 196 6026.68 131053 
835 6041.15 6040.74 191 6029.58 130731 
836 6041.15 6029.62 233 6025.2 149526 
837 6041.15 6038.94 176 6026.05 134019 
838 6041.15 6038.51 521 6028.62 132791 
839 6041.15 6040.54 167 6026.28 131191 
840 6041.15 6041.11 648 6026.91 144147 
841 6041.15 6040.03 171 6027.2 141731 
842 6041.15 6038.38 745 6025.67 129342 
843 6041.15 6031.51 313 6026 129687 
844 6041.15 6038.78 166 6028.05 129838 
845 6041.15 6040.51 218 6028.76 132867 
846 6041.15 6040.61 161 6027.07 129711 
847 6041.15 6040.39 162 6028.15 130239 
848 6041.15 6037.33 283 6027.5 126360 
849 6041.15 6039.27 324 6028.49 130142 
850 6041.15 6040.12 164 6027.99 130504 
851 6041.15 6039.28 297 6027.73 130703 
852 6041.15 6039.9 198 6027.92 127694 
853 6041.15 6040.46 178 6026.23 127807 
854 6041.15 6040.91 813 6028.81 131343 
855 6041.15 6039.96 164 6027.36 132366 
856 6041.15 6040.14 295 6028.18 130800 
857 6041.15 6040.12 668 6026.21 130329 
858 6041.15 6039.13 927 6026.87 129943 
859 6041.15 6039.96 392 6026.86 130633 
860 6041.15 6040.73 513 6027.14 131655 
861 6041.15 6040.76 197 6028.76 138482 
862 6041.15 6040.99 668 6028.54 252220 
863 6041.15 6040.89 1181 6028.04 187581 
864 6041.15 6040.45 520 6025.82 184287 
865 6041.15 6039.94 691 6028.36 126943 
866 6041.15 6040.85 347 6025.7 130599 
867 6041.15 6040.56 300 6029.77 133124 
868 6041.15 6040.27 164 6028.25 128162 
869 6041.15 6040.03 803 6027.12 130821 
870 6041.15 6030.56 309 6027.79 131168 
871 6041.15 6039.85 541 6027.64 131847 
872 6041.15 6040.69 181 6028.13 146592 
873 6041.15 6039.67 166 6027.13 133219 
874 6041.15 6039.8 686 6028.81 131149 
875 6041.15 6041.08 164 6028.68 130467 
876 6041.15 6039.92 698 6028.08 142165 
877 6041.15 6039.03 199 6029.35 131875 
878 6041.15 6039.89 1223 6024.92 130276 
879 6041.15 6039.38 166 6025.92 131294 
880 6041.15 6039.44 165 6028.25 129994 
881 6041.15 6040.84 161 6025.48 129764 
882 6041.15 6039.02 163 6028.56 130019 
883 6041.15 6040.48 430 6025.99 129304 
884 6041.15 6040.49 603 6028.13 167647 
885 6041.15 6041.14 346 6028.63 134195 
886 6041.15 6040.68 161 6028.76 132042 
887 6041.15 6041.07 426 6024.98 135383 
888 6041.15 6040.38 165 6027.33 133698 
889 6041.15 6041 160 6026.91 127503 
890 6041.15 6040.56 185 6029.04 132630 
891 6041.15 6039.23 165 6027.46 132487 
892 6041.15 6038.57 159 6029.45 126959 
893 6041.15 6039.47 546 6027.65 128650 
894 6041.15 6040.13 543 6028.74 129823 
895 6041.15 6039.13 185 6028.51 127001 
896 6041.15 6039.79 370 6028.19 141902 
897 6041.15 6040.3 474 6027 135939 
898 6041.15 6041.15 289 6027.84 130259 
899 6041.15 6040.85 159 6029.25 130452 
900 6041.15 6039.76 159 6028.64 138521 
901 6041.15 6040.39 291 6028.57 131168 
902 6041.15 6039.9 684 6027.65 131208 
903 6041.15 6040.67 665 6029.26 131234 
904 6041.15 6040.14 158 6026.91 131022 
905 6041.15 6041.14 178 6027.14 130356 
906 6041.15 6040.54 504 6028.29 140277 
907 6041.15 6040.87 289 6027.05 131301 
908 6041.15 6040.68 292 6027.83 131456 
909 6041.15 6041 310 6027.51 141341 
910 6041.15 6041.1 164 6027.2 131150 
911 6041.15 6041.11 473 6025.79 140774 
912 6041.15 6040.59 298 6027.69 131035 
913 6041.15 6041.04 465 6028.72 130872 
914 6041.15 6040.81 800 6028.94 139640 
915 6041.15 6040.2 795 6028.08 131904 
916 6041.15 6037.11 165 6028.46 131671 
917 6041.15 6040.8 188 6026.27 130525 
918 6041.15 6040.91 166 6028.65 131016 
919 6041.15 6039.29 378 6028.81 130661 
920 6041.15 6039.56 758 6028.29 137668 
921 6041.15 6040.91 455 6027.11 130020 
922 6041.15 6040.93 1338 6026.16 128033 
923 6041.15 6039.15 169 6027.25 130934 
924 6041.15 6040.99 327 6026.89 140925 
925 6041.15 6040.97 415 6026.91 133542 
926 6041.15 6039.68 165 6028 130842 
927 6041.15 6041.04 189 6027.39 141200 
928 6041.15 6040.4 184 6027.61 130290 
929 6041.15 6039.24 415 6028.08 131021 
930 6041.15 6041.07 875 6024.59 136940 
931 6041.15 6039.93 551 6027.37 133629 
932 6041.15 6040.12 168 6027.39 130042 
933 6041.15 6040.49 170 6028.12 129153 
934 6041.15 6039.12 160 6027.87 127980 
935 6041.15 6041.12 416 6027.04 130994 
936 6041.15 6040.92 167 6025.56 126455 
937 6041.15 6040.06 170 6027.74 135860 
938 6041.15 6040.78 426 6028.78 131373 
939 6041.15 6041.02 364 6026.57 137275 
940 6041.15 6039.45 159 6027.52 130865 
941 6041.15 6040.72 203 6027.21 146593 
942 6041.15 6040.98 671 6028.81 127033 
943 6041.15 6026.6 165 6027.43 134446 
944 6041.15 6039.63 297 6024.21 128260 
945 6041.15 6040.49 167 6025.36 127672 
946 6041.15 6039.99 293 6027.85 127661 
947 6041.15 6040.12 171 6028.12 127722 
948 6041.15 6039.42 164 6026.74 128175 
949 6041.15 6041.1 414 6026.16 127634 
950 6041.15 6039.05 165 6026.47 127929 
951 6041.15 6039.17 186 6027.03 127501 
952 6041.15 6038.92 165 6027.57 129090 
953 6041.15 6040.34 689 6024.82 127529 
954 6041.15 6039.21 428 6028.26 127153 
955 6041.15 6040.75 569 6028.67 126825 
956 6041.15 6039.22 945 6028.12 128938 
957 6041.15 6039.54 164 6027.28 128186 
958 6041.15 6041.07 168 6027.92 128061 
959 6041.15 6038.6 416 6028.74 126856 
960 6041.15 6041.1 161 6027.8 128772 
961 6041.15 6039.23 167 6027.91 127697 
962 6041.15 6041.08 543 6027.92 128555 
963 6041.15 6038.97 287 6026.89 126754 
964 6041.15 6038.53 163 6026.56 128883 
965 6041.15 6040.48 165 6028.82 127819 
966 6041.15 6038.31 163 6027.6 128616 
967 6041.15 6040.29 176 6026.96 126628 
968 6041.15 6040.01 423 6027.8 128355 
969 6041.15 6037.55 316 6025.59 128173 
970 6041.15 6039.31 432 6025.78 128932 
971 6041.15 6039.89 163 6027.04 126415 
972 6041.15 6040.88 158 6028.45 128586 
973 6041.15 6040.32 166 6027.05 127681 
974 6041.15 6040.61 166 6026.55 128626 
975 6041.15 6041.06 288 6025.05 126612 
976 6041.15 6041.07 296 6028 127982 
977 6041.15 6040 289 6027.37 126903 
978 6041.15 6040.57 167 6029.65 128510 
979 6041.15 6039.75 167 6028.24 126306 
980 6041.15 6038.16 291 6027.98 127832 
981 6041.15 6039.99 683 6024.22 127407 
982 6041.15 6039.42 176 6025.62 128981 
983 6041.15 6040.92 161 6026.86 127813 
984 6041.15 6039.73 744 6027.58 128463 
985 6041.15 6040.56 292 6028.94 128816 
986 6041.15 6039.83 288 6027.65 127956 
987 6041.15 6037.24 407 6029.19 127427 
988 6041.15 6040.77 162 6026.81 127025 
989 6041.15 6040.72 317 6025.14 139926 
990 6041.15 6039.04 164 6028.52 137389 
991 6041.15 6040.77 162 6027.75 128800 
992 6041.15 6039.71 291 6028.83 126634 
993 6041.15 6032.49 167 6027.24 128142 
994 6041.15 6039.21 297 6027.59 127357 
995 6041.15 6041.15 419 6028.68 129119 
996 6041.15 6039.89 168 6028.29 126860 
997 6041.15 6038.43 159 6026.1 127557 
998 6041.15 6040.59 415 6025.89 127294 
999 6041.15 6040.01 207 6028.94 128615 
