0 6142.61 6140.44 339 339 6129.18 137811 137811 
1 6142.61 6139.62 424 763 6117.27 133393 271204 
2 6142.61 6136.88 155 918 6103.3 136120 407324 
3 6142.61 6136.68 163 1081 6086.78 137476 544800 
4 6142.61 6135.52 580 1661 6073.74 137719 682519 
5 6142.61 6134.91 478 2139 6061.54 139479 821998 
6 6142.61 6132.77 318 2457 6047.44 139142 961140 
7 6142.61 6132.6 348 2805 6034.3 136812 1.09795e+06 
8 6142.61 6132.41 848 3653 6021.47 162266 1.26022e+06 
9 6142.61 6129.47 727 4380 6009.34 141188 1.40141e+06 
10 6142.61 6127.86 314 4694 5995.51 138899 1.5403e+06 
11 6142.61 6127.18 364 5058 5982.71 141839 1.68214e+06 
12 6142.61 6126.96 441 5499 5966.92 149174 1.83132e+06 
13 6142.61 6125.85 422 5921 5954.74 138639 1.96996e+06 
14 6142.61 6124.75 158 6079 5941.67 137381 2.10734e+06 
15 6142.61 6124.57 288 6367 5928.71 148968 2.25631e+06 
16 6142.61 6123.81 420 6787 5909.7 140936 2.39724e+06 
17 6142.61 6123.53 180 6967 5895.9 138504 2.53575e+06 
18 6142.61 6122.05 288 7255 5881.1 140444 2.67619e+06 
19 6142.61 6120.87 161 7416 5866.03 147134 2.82332e+06 
20 6142.61 6119.21 501 7917 5852.54 139692 2.96302e+06 
21 6142.61 6118.37 195 8112 5839.14 133426 3.09644e+06 
22 6142.61 6118.36 287 8399 5824.71 133772 3.23021e+06 
23 6142.61 6117.84 434 8833 5811.7 147700 3.37791e+06 
24 6142.61 6117.54 175 9008 5798.63 136687 3.5146e+06 
25 6142.61 6117.19 292 9300 5786.69 145810 3.66041e+06 
26 6142.61 6116.86 302 9602 5774.24 136644 3.79706e+06 
27 6142.61 6116.8 293 9895 5763.36 134257 3.93131e+06 
28 6142.61 6116.79 297 10192 5746.22 134626 4.06594e+06 
29 6142.61 6115.86 421 10613 5733.53 149247 4.21518e+06 
30 6142.61 6115.84 184 10797 5721.51 139648 4.35483e+06 
31 6142.61 6115.02 190 10987 5709.3 138513 4.49335e+06 
32 6142.61 6114.7 687 11674 5696.56 137859 4.6312e+06 
33 6142.61 6114.37 434 12108 5683.05 137185 4.76839e+06 
34 6142.61 6114.31 160 12268 5669.8 135176 4.90357e+06 
35 6142.61 6114.26 157 12425 5655.34 134908 5.03847e+06 
36 6142.61 6110.46 443 12868 5642.45 133900 5.17237e+06 
37 6142.61 6110.45 849 13717 5630.86 138769 5.31114e+06 
38 6142.61 6109.1 158 13875 5619.14 139437 5.45058e+06 
39 6142.61 6106.03 454 14329 5606.61 136857 5.58744e+06 
40 6142.61 6105.3 322 14651 5591.63 144512 5.73195e+06 
41 6142.61 6104.95 187 14838 5578.96 135835 5.86778e+06 
42 6142.61 6103.95 179 15017 5565.25 139757 6.00754e+06 
43 6142.61 6103.94 297 15314 5552.37 137622 6.14516e+06 
44 6142.61 6103.93 559 15873 5539.69 138997 6.28416e+06 
45 6142.61 6101.7 182 16055 5527.01 148457 6.43262e+06 
46 6142.61 6100.01 301 16356 5512.9 135238 6.56786e+06 
47 6142.61 6098.73 553 16909 5497.67 134322 6.70218e+06 
48 6142.61 6097.27 448 17357 5484.96 140034 6.84221e+06 
49 6142.61 6096.59 445 17802 5471.88 140622 6.98283e+06 
50 6142.61 6094.63 335 18137 5459.74 140466 7.1233e+06 
51 6142.61 6094.23 165 18302 5446.29 134562 7.25786e+06 
52 6142.61 6094.17 428 18730 5434.77 134625 7.39249e+06 
53 6142.61 6085.47 848 19578 5421.26 148337 7.54082e+06 
54 6142.61 6084.58 431 20009 5407.27 146007 7.68683e+06 
55 6142.61 6084.55 171 20180 5392.79 139630 7.82646e+06 
56 6142.61 6084.38 158 20338 5376.28 133921 7.96038e+06 
57 6142.61 6082.55 155 20493 5364.29 136718 8.0971e+06 
58 6142.61 6082.48 162 20655 5352.05 139150 8.23625e+06 
59 6142.61 6082.37 713 21368 5338.47 134435 8.37068e+06 
60 6142.61 6079.82 1076 22444 5326.01 135181 8.50586e+06 
61 6142.61 6078.67 712 23156 5313.44 134033 8.6399e+06 
62 6142.61 6077.49 157 23313 5301.79 133889 8.77379e+06 
63 6142.61 6076.76 167 23480 5288.99 147422 8.92121e+06 
64 6142.61 6075.95 834 24314 5276.89 146875 9.06808e+06 
65 6142.61 6075.88 166 24480 5264.55 139701 9.20778e+06 
66 6142.61 6075.88 462 24942 5250.13 139420 9.3472e+06 
67 6142.61 6075.76 291 25233 5234.36 146568 9.49377e+06 
68 6142.61 6068.56 297 25530 5222.97 155938 9.64971e+06 
69 6142.61 6068.31 567 26097 5210.71 137879 9.78759e+06 
70 6142.61 6068.27 182 26279 5199.36 137218 9.92481e+06 
71 6142.61 6067.47 1082 27361 5184.4 138171 1.0063e+07 
72 6142.61 6067.45 158 27519 5172.85 140174 1.02032e+07 
73 6142.61 6064.77 433 27952 5162.16 140587 1.03437e+07 
74 6142.61 6062.55 486 28438 5149.28 142818 1.04866e+07 
75 6142.61 6060.21 419 28857 5136.95 139286 1.06258e+07 
76 6142.61 6058.32 162 29019 5126.42 135892 1.07617e+07 
77 6142.61 6058.13 164 29183 5114.98 139071 1.09008e+07 
78 6142.61 6057.95 164 29347 5100.99 137753 1.10386e+07 
79 6142.61 6056.98 476 29823 5085.76 143346 1.11819e+07 
80 6142.61 6056.9 160 29983 5074.1 137321 1.13192e+07 
81 6142.61 6056.85 157 30140 5061.98 134330 1.14536e+07 
82 6142.61 6054.71 423 30563 5049.97 139224 1.15928e+07 
83 6142.61 6054.68 165 30728 5037.69 144813 1.17376e+07 
84 6142.61 6041.55 690 31418 5025.22 145829 1.18834e+07 
85 6142.61 6041.47 180 31598 5014.19 147633 1.20311e+07 
86 6142.61 6040.76 179 31777 5000.05 147519 1.21786e+07 
87 6142.61 6037.04 300 32077 4988.14 134810 1.23134e+07 
88 6142.61 6035.71 156 32233 4975.27 134770 1.24482e+07 
89 6142.61 6035.5 562 32795 4963.06 134439 1.25826e+07 
90 6142.61 6033.63 293 33088 4950.47 135552 1.27181e+07 
91 6142.61 6033.5 292 33380 4939.39 133806 1.2852e+07 
92 6142.61 6033.36 153 33533 4926.85 145439 1.29974e+07 
93 6142.61 6032.19 432 33965 4916.08 142010 1.31394e+07 
94 6142.61 6031.67 570 34535 4903.24 139414 1.32788e+07 
95 6142.61 6031.57 308 34843 4892.11 139313 1.34181e+07 
96 6142.61 6030.53 164 35007 4881.2 135107 1.35532e+07 
97 6142.61 6029.87 290 35297 4869.54 136093 1.36893e+07 
98 6142.61 6029.71 158 35455 4858.17 134085 1.38234e+07 
99 6142.61 6029.65 290 35745 4848.89 134065 1.39575e+07 
100 6142.61 6029.11 557 36302 4837.19 134281 1.40918e+07 
101 6142.61 6027.56 294 36596 4823.71 139325 1.42311e+07 
102 6142.61 6026.75 168 36764 4811.98 139658 1.43707e+07 
103 6142.61 6025.44 424 37188 4801.02 135195 1.45059e+07 
104 6142.61 6025.42 292 37480 4789.13 135305 1.46412e+07 
105 6142.61 6024.2 451 37931 4778.31 134582 1.47758e+07 
106 6142.61 6022.65 422 38353 4766.74 135285 1.49111e+07 
107 6142.61 6020.96 169 38522 4755.54 134071 1.50452e+07 
108 6142.61 6019.79 458 38980 4742.38 134915 1.51801e+07 
109 6142.61 6019.42 157 39137 4734.11 135883 1.5316e+07 
110 6142.61 6017.58 293 39430 4721.15 134264 1.54502e+07 
111 6142.61 6016.8 159 39589 4709.85 134959 1.55852e+07 
112 6142.61 6014.02 843 40432 4698.21 136362 1.57216e+07 
113 6142.61 6011.8 161 40593 4686.92 134365 1.58559e+07 
114 6142.61 6011 462 41055 4675.55 137474 1.59934e+07 
115 6142.61 6009.33 158 41213 4663.57 138827 1.61322e+07 
116 6142.61 6008.62 561 41774 4648.53 137760 1.627e+07 
117 6142.61 6008.11 1097 42871 4637.46 137180 1.64072e+07 
118 6142.61 5995.94 322 43193 4625.74 134952 1.65421e+07 
119 6142.61 5995.3 303 43496 4615.09 136206 1.66783e+07 
120 6142.61 5995.14 433 43929 4600.69 134294 1.68126e+07 
121 6142.61 5992.96 288 44217 4590.17 137341 1.695e+07 
122 6142.61 5990.54 1255 45472 4579.22 150298 1.71003e+07 
123 6142.61 5990.51 234 45706 4568.86 136122 1.72364e+07 
124 6142.61 5988.52 434 46140 4559.15 134102 1.73705e+07 
125 6142.61 5987.37 157 46297 4547.46 135134 1.75056e+07 
126 6142.61 5986.94 151 46448 4535.27 134829 1.76404e+07 
127 6142.61 5985.48 567 47015 4525.54 134562 1.7775e+07 
128 6142.61 5984.99 176 47191 4516.23 134880 1.79099e+07 
129 6142.61 5984.97 161 47352 4506.2 135205 1.80451e+07 
130 6142.61 5984.66 297 47649 4494.75 134900 1.818e+07 
131 6142.61 5982.47 693 48342 4483.17 136118 1.83161e+07 
132 6142.61 5982.04 426 48768 4471.76 135400 1.84515e+07 
133 6142.61 5981.55 159 48927 4460.81 134407 1.85859e+07 
134 6142.61 5981.48 429 49356 4447.95 135687 1.87216e+07 
135 6142.61 5977.96 174 49530 4435.47 134605 1.88562e+07 
136 6142.61 5976.87 578 50108 4423.23 148844 1.90051e+07 
137 6142.61 5976.73 163 50271 4414 135794 1.91408e+07 
138 6142.61 5975.43 587 50858 4400.29 134342 1.92752e+07 
139 6142.61 5975.28 166 51024 4387.15 135409 1.94106e+07 
140 6142.61 5975.28 166 51190 4375.39 134834 1.95454e+07 
141 6142.61 5974.66 296 51486 4358.36 135365 1.96808e+07 
142 6142.61 5974.64 300 51786 4346.24 135238 1.9816e+07 
143 6142.61 5974.61 426 52212 4333.63 135427 1.99515e+07 
144 6142.61 5974.37 447 52659 4323.44 135375 2.00868e+07 
145 6142.61 5974.2 162 52821 4312.33 135567 2.02224e+07 
146 6142.61 5963.93 554 53375 4300.72 135535 2.03579e+07 
147 6142.61 5961.61 160 53535 4287.97 135170 2.04931e+07 
148 6142.61 5959.82 158 53693 4277.19 134900 2.0628e+07 
149 6142.61 5959.62 556 54249 4266.18 134341 2.07624e+07 
150 6142.61 5957.27 158 54407 4254.86 134057 2.08964e+07 
151 6142.61 5954.89 293 54700 4243.11 135061 2.10315e+07 
152 6142.61 5954.69 365 55065 4232.25 135780 2.11672e+07 
153 6142.61 5952.08 428 55493 4221.32 133858 2.13011e+07 
154 6142.61 5951.18 421 55914 4207.52 134836 2.14359e+07 
155 6142.61 5951.06 298 56212 4199.39 134156 2.15701e+07 
156 6142.61 5950.38 156 56368 4188.93 134372 2.17045e+07 
157 6142.61 5949.93 165 56533 4179.58 134781 2.18393e+07 
158 6142.61 5949.4 476 57009 4170.07 133938 2.19732e+07 
159 6142.61 5948.04 161 57170 4159.92 133808 2.2107e+07 
160 6142.61 5947.62 720 57890 4148.16 137143 2.22441e+07 
161 6142.61 5946.74 160 58050 4136.5 134258 2.23784e+07 
162 6142.61 5945.91 158 58208 4125.48 134832 2.25132e+07 
163 6142.61 5945.06 574 58782 4114.88 134968 2.26482e+07 
164 6142.61 5944.16 155 58937 4102.98 134237 2.27824e+07 
165 6142.61 5942.89 287 59224 4090.63 134138 2.29166e+07 
166 6142.61 5942.84 160 59384 4079.1 198881 2.31155e+07 
167 6142.61 5940.62 156 59540 4069.13 134180 2.32496e+07 
168 6142.61 5940.61 296 59836 4059.75 135583 2.33852e+07 
169 6142.61 5939.74 164 60000 4048.14 135709 2.35209e+07 
170 6142.61 5937.71 559 60559 4038.6 134888 2.36558e+07 
171 6142.61 5936.18 155 60714 4028.74 134132 2.37899e+07 
172 6142.61 5926.85 816 61530 4018.43 135574 2.39255e+07 
173 6142.61 5926.75 156 61686 4009.82 134915 2.40604e+07 
174 6142.61 5926.11 161 61847 3995.78 134817 2.41953e+07 
175 6142.61 5925.51 156 62003 3985.41 135396 2.43306e+07 
176 6142.61 5924.72 316 62319 3974.82 134363 2.4465e+07 
177 6142.61 5923.44 154 62473 3964.98 135177 2.46002e+07 
178 6142.61 5923.2 569 63042 3950.76 134996 2.47352e+07 
179 6142.61 5923.02 157 63199 3939.8 136445 2.48716e+07 
180 6142.61 5922.45 555 63754 3929.05 142221 2.50139e+07 
181 6142.61 5921.5 1050 64804 3919.24 135444 2.51493e+07 
182 6142.61 5918.84 427 65231 3907.68 134187 2.52835e+07 
183 6142.61 5916.18 425 65656 3897.2 134193 2.54177e+07 
184 6142.61 5915.88 157 65813 3888.67 134259 2.55519e+07 
185 6142.61 5914.35 152 65965 3878.2 135523 2.56875e+07 
186 6142.61 5913.84 156 66121 3868.71 140170 2.58276e+07 
187 6142.61 5912.69 426 66547 3856.61 144836 2.59725e+07 
188 6142.61 5912.58 431 66978 3844.87 138083 2.61105e+07 
189 6142.61 5912.23 322 67300 3835.47 146496 2.6257e+07 
190 6142.61 5910.6 174 67474 3824.52 152742 2.64098e+07 
191 6142.61 5909.69 778 68252 3813.16 138190 2.6548e+07 
192 6142.61 5908.17 158 68410 3809.42 138412 2.66864e+07 
193 6142.61 5908.08 290 68700 3800.4 149364 2.68358e+07 
194 6142.61 5907.55 564 69264 3789.15 139484 2.69752e+07 
195 6142.61 5906.88 291 69555 3782.01 138415 2.71136e+07 
196 6142.61 5906.55 162 69717 3772.34 140204 2.72539e+07 
197 6142.61 5906.28 321 70038 3763.36 138316 2.73922e+07 
198 6142.61 5905.06 568 70606 3752.43 140022 2.75322e+07 
199 6142.61 5904.08 314 70920 3742.9 138672 2.76709e+07 
200 6142.61 5903.53 160 71080 3733.48 153788 2.78247e+07 
201 6142.61 5903.13 427 71507 3722.25 154121 2.79788e+07 
202 6142.61 5894.6 739 72246 3712.15 155643 2.81344e+07 
203 6142.61 5892.02 385 72631 3700.75 146108 2.82805e+07 
204 6142.61 5891.81 301 72932 3689.89 144713 2.84252e+07 
205 6142.61 5890.68 292 73224 3685.99 140698 2.85659e+07 
206 6142.61 5888.85 428 73652 3675.87 139661 2.87056e+07 
207 6142.61 5885.63 157 73809 3666.26 143742 2.88493e+07 
208 6142.61 5884.03 245 74054 3653 142216 2.89916e+07 
209 6142.61 5882.5 289 74343 3642.72 139919 2.91315e+07 
210 6142.61 5881.74 476 74819 3638.11 158395 2.92899e+07 
211 6142.61 5881.11 341 75160 3627.89 152318 2.94422e+07 
212 6142.61 5880.58 293 75453 3620.7 141010 2.95832e+07 
213 6142.61 5878.36 187 75640 3615.64 152840 2.9736e+07 
214 6142.61 5877.48 961 76601 3604.35 148800 2.98848e+07 
215 6142.61 5877.45 160 76761 3594.48 138217 3.00231e+07 
216 6142.61 5877.01 180 76941 3588.03 145682 3.01687e+07 
217 6142.61 5875.86 212 77153 3583.57 148880 3.03176e+07 
218 6142.61 5875.58 469 77622 3577.72 140489 3.04581e+07 
219 6142.61 5875.43 295 77917 3568.3 135136 3.05932e+07 
220 6142.61 5875.33 155 78072 3563.99 146623 3.07399e+07 
221 6142.61 5875.3 296 78368 3553.85 141600 3.08815e+07 
222 6142.61 5875.06 159 78527 3544.5 141821 3.10233e+07 
223 6142.61 5874.66 297 78824 3535.67 138195 3.11615e+07 
224 6142.61 5872.49 363 79187 3528.83 144660 3.13061e+07 
225 6142.61 5866.2 161 79348 3524.27 134872 3.1441e+07 
226 6142.61 5865.8 550 79898 3512.85 135652 3.15767e+07 
227 6142.61 5865.48 155 80053 3504.29 143518 3.17202e+07 
228 6142.61 5865.07 175 80228 3498.04 139206 3.18594e+07 
229 6142.61 5864.91 300 80528 3492.01 135496 3.19949e+07 
230 6142.61 5864.53 567 81095 3484.46 136747 3.21316e+07 
231 6142.61 5864.28 174 81269 3475.07 146878 3.22785e+07 
232 6142.61 5861.36 161 81430 3465.78 175839 3.24543e+07 
233 6142.61 5861.36 231 81661 3457.75 181662 3.2636e+07 
234 6142.61 5860.57 159 81820 3447.6 146564 3.27826e+07 
235 6142.61 5859.02 612 82432 3437.33 152641 3.29352e+07 
236 6142.61 5857.87 295 82727 3433.28 136732 3.30719e+07 
237 6142.61 5857.19 162 82889 3423.56 143050 3.3215e+07 
238 6142.61 5856.68 317 83206 3415.84 138724 3.33537e+07 
239 6142.61 5855.97 291 83497 3407.66 135209 3.34889e+07 
240 6142.61 5855.28 874 84371 3397.31 150572 3.36395e+07 
241 6142.61 5854.42 493 84864 3386.55 157462 3.3797e+07 
242 6142.61 5853.94 158 85022 3376.94 148890 3.39459e+07 
243 6142.61 5853.77 161 85183 3372.21 147351 3.40932e+07 
244 6142.61 5852.78 436 85619 3368.17 155839 3.4249e+07 
245 6142.61 5852.22 160 85779 3359.12 150039 3.43991e+07 
246 6142.61 5841.27 460 86239 3346.33 148601 3.45477e+07 
247 6142.61 5838.88 179 86418 3337.49 152395 3.47001e+07 
248 6142.61 5837.86 257 86675 3333.24 149528 3.48496e+07 
249 6142.61 5837.37 311 86986 3323.84 148458 3.49981e+07 
250 6142.61 5837.17 185 87171 3313.22 141024 3.51391e+07 
251 6142.61 5835.93 336 87507 3306.37 145894 3.5285e+07 
252 6142.61 5835.52 296 87803 3295.45 138957 3.54239e+07 
253 6142.61 5835.22 159 87962 3291.09 138015 3.5562e+07 
254 6142.61 5834.43 158 88120 3286.66 142034 3.5704e+07 
255 6142.61 5834.4 736 88856 3282.93 139113 3.58431e+07 
256 6142.61 5834.26 329 89185 3275.37 135335 3.59784e+07 
257 6142.61 5834.21 292 89477 3268.05 136593 3.6115e+07 
258 6142.61 5832.76 477 89954 3254.75 144479 3.62595e+07 
259 6142.61 5831.46 179 90133 3250.24 136917 3.63964e+07 
260 6142.61 5828.34 162 90295 3246.18 135889 3.65323e+07 
261 6142.61 5827.64 294 90589 3237.78 140758 3.66731e+07 
262 6142.61 5827.5 181 90770 3227.51 141736 3.68148e+07 
263 6142.61 5823.56 453 91223 3220.45 135424 3.69502e+07 
264 6142.61 5822.68 712 91935 3216.77 135423 3.70857e+07 
265 6142.61 5821.92 301 92236 3209.52 143948 3.72296e+07 
266 6142.61 5821.65 159 92395 3200.74 136650 3.73663e+07 
267 6142.61 5821.29 582 92977 3191.23 135499 3.75018e+07 
268 6142.61 5821.26 156 93133 3181.93 138725 3.76405e+07 
269 6142.61 5820.5 1018 94151 3176.78 142998 3.77835e+07 
270 6142.61 5819.83 164 94315 3172.29 142326 3.79258e+07 
271 6142.61 5812.95 418 94733 3161.59 135700 3.80615e+07 
272 6142.61 5811.62 158 94891 3157.33 142626 3.82041e+07 
273 6142.61 5810.79 178 95069 3152.54 139346 3.83435e+07 
274 6142.61 5808.71 561 95630 3143.83 135513 3.8479e+07 
275 6142.61 5806.9 291 95921 3139.78 137148 3.86161e+07 
276 6142.61 5806.06 164 96085 3128.15 146218 3.87624e+07 
277 6142.61 5805.41 157 96242 3124.08 135857 3.88982e+07 
278 6142.61 5804.76 158 96400 3120.23 136073 3.90343e+07 
279 6142.61 5804.66 286 96686 3110.9 142212 3.91765e+07 
280 6142.61 5803.87 695 97381 3102.19 141520 3.9318e+07 
281 6142.61 5803.63 292 97673 3096.13 135685 3.94537e+07 
282 6142.61 5803.62 850 98523 3092.33 136201 3.95899e+07 
283 6142.61 5802.49 424 98947 3088.7 147082 3.9737e+07 
284 6142.61 5801.63 451 99398 3085.28 136156 3.98731e+07 
285 6142.61 5801.04 294 99692 3080.73 136049 4.00092e+07 
286 6142.61 5800.8 155 99847 3076.42 140686 4.01499e+07 
287 6142.61 5800.41 693 100540 3072.53 142242 4.02921e+07 
288 6142.61 5799.02 157 100697 3066.82 200019 4.04921e+07 
289 6142.61 5797.83 230 100927 3062.67 142107 4.06342e+07 
290 6142.61 5797.51 774 101701 3057.87 143588 4.07778e+07 
291 6142.61 5797.39 157 101858 3054.05 135783 4.09136e+07 
292 6142.61 5794 288 102146 3050.54 136229 4.10498e+07 
293 6142.61 5793.65 429 102575 3038.52 145298 4.11951e+07 
294 6142.61 5792.27 304 102879 3033.54 152613 4.13478e+07 
295 6142.61 5791.38 729 103608 3022.69 135954 4.14837e+07 
296 6142.61 5791.29 155 103763 3018.5 138390 4.16221e+07 
297 6142.61 5791.05 223 103986 3014.31 145396 4.17675e+07 
298 6142.61 5783.03 303 104289 3010.24 135748 4.19032e+07 
299 6142.61 5780.12 163 104452 3006.19 136270 4.20395e+07 
300 6142.61 5778.09 306 104758 3001.23 144324 4.21838e+07 
301 6142.61 5777.84 167 104925 2997.35 140026 4.23239e+07 
302 6142.61 5777.02 297 105222 2993.48 136034 4.24599e+07 
303 6142.61 5776.31 157 105379 2990.22 137207 4.25971e+07 
304 6142.61 5776.26 162 105541 2986.37 147956 4.27451e+07 
305 6142.61 5774.56 865 106406 2982.57 135748 4.28808e+07 
306 6142.61 5771.88 562 106968 2977.36 136167 4.3017e+07 
307 6142.61 5771.79 966 107934 2972.62 142107 4.31591e+07 
308 6142.61 5770.38 424 108358 2968.9 142013 4.33011e+07 
309 6142.61 5770.12 158 108516 2964.88 136326 4.34374e+07 
310 6142.61 5770.12 961 109477 2961.58 136332 4.35738e+07 
311 6142.61 5769.42 155 109632 2957.4 147086 4.37208e+07 
312 6142.61 5767.72 301 109933 2953.48 141136 4.3862e+07 
313 6142.61 5765.99 232 110165 2944.55 189528 4.40515e+07 
314 6142.61 5765.82 446 110611 2941.33 152022 4.42035e+07 
315 6142.61 5765.05 180 110791 2937.71 139189 4.43427e+07 
316 6142.61 5763.46 157 110948 2934.6 135650 4.44784e+07 
317 6142.61 5762.63 288 111236 2930.62 140462 4.46188e+07 
318 6142.61 5761.7 337 111573 2927.25 144761 4.47636e+07 
319 6142.61 5761.63 161 111734 2922.94 135947 4.48995e+07 
320 6142.61 5761.31 605 112339 2919.06 136150 4.50357e+07 
321 6142.61 5761.11 432 112771 2915.85 145813 4.51815e+07 
322 6142.61 5761.01 826 113597 2912.08 139259 4.53208e+07 
323 6142.61 5759.85 163 113760 2906.94 135433 4.54562e+07 
324 6142.61 5758.58 158 113918 2901.99 138741 4.55949e+07 
325 6142.61 5758.39 298 114216 2897.31 144001 4.57389e+07 
326 6142.61 5758.17 294 114510 2893.6 135726 4.58747e+07 
327 6142.61 5757.51 428 114938 2887 135393 4.601e+07 
328 6142.61 5756.95 461 115399 2878.39 141908 4.6152e+07 
329 6142.61 5756.8 298 115697 2868.07 140867 4.62928e+07 
330 6142.61 5755.66 157 115854 2864.62 135298 4.64281e+07 
331 6142.61 5755.15 159 116013 2860.87 135646 4.65638e+07 
332 6142.61 5755.04 290 116303 2857.33 147702 4.67115e+07 
333 6142.61 5752.5 163 116466 2853.82 135399 4.68469e+07 
334 6142.61 5751.47 293 116759 2850.28 135659 4.69825e+07 
335 6142.61 5751.44 288 117047 2846.29 139904 4.71224e+07 
336 6142.61 5750.85 1210 118257 2836.36 142794 4.72652e+07 
337 6142.61 5743.59 167 118424 2832.43 135249 4.74005e+07 
338 6142.61 5743.14 288 118712 2822.16 135628 4.75361e+07 
339 6142.61 5742.96 154 118866 2818.29 144447 4.76805e+07 
340 6142.61 5741.83 185 119051 2811.43 138385 4.78189e+07 
341 6142.61 5740.32 475 119526 2808.23 135579 4.79545e+07 
342 6142.61 5739.39 291 119817 2804.02 138224 4.80927e+07 
343 6142.61 5738.59 565 120382 2800.36 143543 4.82363e+07 
344 6142.61 5737.91 163 120545 2796.69 135973 4.83723e+07 
345 6142.61 5737.83 153 120698 2793.11 135840 4.85081e+07 
346 6142.61 5724.6 956 121654 2790.07 143406 4.86515e+07 
347 6142.61 5723.55 171 121825 2785.58 139420 4.87909e+07 
348 6142.61 5720.48 161 121986 2778.63 136034 4.8927e+07 
349 6142.61 5716.04 178 122164 2774.35 136879 4.90638e+07 
350 6142.61 5715.65 569 122733 2770.71 145511 4.92093e+07 
351 6142.61 5708.54 173 122906 2767.75 136172 4.93455e+07 
352 6142.61 5708.24 291 123197 2764.64 136099 4.94816e+07 
353 6142.61 5707.95 568 123765 2760.79 142776 4.96244e+07 
354 6142.61 5707.49 270 124035 2750.56 142209 4.97666e+07 
355 6142.61 5707.17 829 124864 2746.6 177170 4.99438e+07 
356 6142.61 5707.11 233 125097 2742.43 180202 5.0124e+07 
357 6142.61 5706.21 178 125275 2731.95 143015 5.0267e+07 
358 6142.61 5706.03 563 125838 2729.06 135664 5.04026e+07 
359 6142.61 5705.74 442 126280 2725.41 136646 5.05393e+07 
360 6142.61 5698.49 963 127243 2722.21 145739 5.0685e+07 
361 6142.61 5697.67 626 127869 2718.37 136848 5.08219e+07 
362 6142.61 5697.42 161 128030 2714.91 136047 5.09579e+07 
363 6142.61 5696.2 565 128595 2711.67 139744 5.10977e+07 
364 6142.61 5695.81 1057 129652 2703.7 143035 5.12407e+07 
365 6142.61 5695.51 313 129965 2700.12 136316 5.1377e+07 
366 6142.61 5692.13 557 130522 2695.66 136746 5.15138e+07 
367 6142.61 5690.81 162 130684 2691.19 145693 5.16595e+07 
368 6142.61 5690.77 166 130850 2686.67 139083 5.17985e+07 
369 6142.61 5690.38 564 131414 2683 136185 5.19347e+07 
370 6142.61 5689 158 131572 2679.43 139334 5.20741e+07 
371 6142.61 5687.28 158 131730 2675.9 146727 5.22208e+07 
372 6142.61 5687.26 296 132026 2671.91 136158 5.2357e+07 
373 6142.61 5686.37 153 132179 2668.33 136314 5.24933e+07 
374 6142.61 5683.59 711 132890 2664.88 143601 5.26369e+07 
375 6142.61 5683.29 168 133058 2661.23 139993 5.27769e+07 
376 6142.61 5681.42 1224 134282 2657.57 136422 5.29133e+07 
377 6142.61 5680.45 159 134441 2653.91 137786 5.30511e+07 
378 6142.61 5679.77 294 134735 2642.71 147121 5.31982e+07 
379 6142.61 5679.5 463 135198 2639.41 137110 5.33353e+07 
380 6142.61 5678.69 163 135361 2635.93 136571 5.34719e+07 
381 6142.61 5678.62 206 135567 2627.28 143262 5.36151e+07 
382 6142.61 5675.74 330 135897 2623.7 142565 5.37577e+07 
383 6142.61 5674.5 159 136056 2620.41 136305 5.3894e+07 
384 6142.61 5672.69 160 136216 2615.79 136584 5.40306e+07 
385 6142.61 5671.74 820 137036 2612.71 147578 5.41782e+07 
386 6142.61 5670.57 307 137343 2609.56 136522 5.43147e+07 
387 6142.61 5667.51 436 137779 2606.54 136350 5.4451e+07 
388 6142.61 5667.23 290 138069 2596.54 141806 5.45928e+07 
389 6142.61 5666.69 182 138251 2592.59 143609 5.47364e+07 
390 6142.61 5665.83 827 139078 2588.94 136481 5.48729e+07 
391 6142.61 5664.78 423 139501 2585.43 136456 5.50094e+07 
392 6142.61 5664.63 158 139659 2581.27 148248 5.51576e+07 
393 6142.61 5663.22 327 139986 2577.66 137326 5.5295e+07 
394 6142.61 5661.73 438 140424 2574.67 135919 5.54309e+07 
395 6142.61 5661.16 327 140751 2571.15 140274 5.55712e+07 
396 6142.61 5661.11 322 141073 2567.03 143213 5.57144e+07 
397 6142.61 5660.3 299 141372 2562.78 135992 5.58504e+07 
398 6142.61 5660.22 560 141932 2559.36 136451 5.59868e+07 
399 6142.61 5657.79 160 142092 2556.38 144745 5.61316e+07 
400 6142.61 5657.34 368 142460 2553.14 139723 5.62713e+07 
401 6142.61 5657.22 163 142623 2549.69 136294 5.64076e+07 
402 6142.61 5656.03 291 142914 2545.63 138514 5.65461e+07 
403 6142.61 5655.42 176 143090 2542.24 146120 5.66922e+07 
404 6142.61 5655.36 157 143247 2538.42 136316 5.68285e+07 
405 6142.61 5655.32 1362 144609 2535.24 136695 5.69652e+07 
406 6142.61 5654.32 725 145334 2531.88 142810 5.7108e+07 
407 6142.61 5654.31 773 146107 2529.09 141261 5.72493e+07 
408 6142.61 5653.47 293 146400 2526.3 135972 5.73853e+07 
409 6142.61 5653.13 713 147113 2522.35 136876 5.75221e+07 
410 6142.61 5652.16 474 147587 2519.17 146588 5.76687e+07 
411 6142.61 5651.83 156 147743 2515.81 136595 5.78053e+07 
412 6142.61 5651.4 574 148317 2512.91 136432 5.79418e+07 
413 6142.61 5650.23 159 148476 2509.82 141305 5.80831e+07 
414 6142.61 5649.72 426 148902 2506.51 142076 5.82251e+07 
415 6142.61 5647.29 158 149060 2503.03 136158 5.83613e+07 
416 6142.61 5647.05 848 149908 2499.8 136657 5.84979e+07 
417 6142.61 5644.1 441 150349 2496.38 145307 5.86433e+07 
418 6142.61 5643.99 293 150642 2493.12 138657 5.87819e+07 
419 6142.61 5643.68 330 150972 2489.31 136271 5.89182e+07 
420 6142.61 5642.74 288 151260 2486.42 141665 5.90598e+07 
421 6142.61 5633.48 161 151421 2483.15 144995 5.92048e+07 
422 6142.61 5632.28 446 151867 2480.02 136590 5.93414e+07 
423 6142.61 5632.22 426 152293 2476.29 136492 5.94779e+07 
424 6142.61 5632.2 588 152881 2472.61 147312 5.96252e+07 
425 6142.61 5632.2 563 153444 2464.12 143567 5.97688e+07 
426 6142.61 5631.48 191 153635 2461.09 136708 5.99055e+07 
427 6142.61 5622.56 288 153923 2457.96 140810 6.00463e+07 
428 6142.61 5622.5 1602 155525 2455.11 144784 6.01911e+07 
429 6142.61 5620.09 296 155821 2451.85 136894 6.0328e+07 
430 6142.61 5620.08 296 156117 2449 136953 6.0465e+07 
431 6142.61 5619.85 158 156275 2445.83 146223 6.06112e+07 
432 6142.61 5618.47 371 156646 2442.6 139897 6.07511e+07 
433 6142.61 5616.44 568 157214 2439.35 136901 6.0888e+07 
434 6142.61 5616.25 160 157374 2429.27 139699 6.10277e+07 
435 6142.61 5615.85 293 157667 2426.11 148736 6.11764e+07 
436 6142.61 5614.87 730 158397 2412.41 136962 6.13134e+07 
437 6142.61 5614.74 701 159098 2409.39 137019 6.14504e+07 
438 6142.61 5613.14 429 159527 2406.17 146237 6.15966e+07 
439 6142.61 5612.79 175 159702 2402.73 141913 6.17385e+07 
440 6142.61 5612.78 968 160670 2399.82 136569 6.18751e+07 
441 6142.61 5612.75 155 160825 2396.82 139002 6.20141e+07 
442 6142.61 5609.27 298 161123 2393.34 148601 6.21627e+07 
443 6142.61 5608.29 689 161812 2390.34 137322 6.23e+07 
444 6142.61 5608.27 163 161975 2386.48 136798 6.24368e+07 
445 6142.61 5608.26 179 162154 2383.27 143730 6.25806e+07 
446 6142.61 5607.47 803 162957 2380.35 143779 6.27243e+07 
447 6142.61 5606.1 157 163114 2376.83 136838 6.28612e+07 
448 6142.61 5606.04 1116 164230 2373.88 138077 6.29993e+07 
449 6142.61 5605.42 429 164659 2371.28 150367 6.31496e+07 
450 6142.61 5604.95 188 164847 2368.17 137039 6.32867e+07 
451 6142.61 5603.65 161 165008 2365.45 136915 6.34236e+07 
452 6142.61 5603.52 160 165168 2362.64 144429 6.3568e+07 
453 6142.61 5600.51 1367 166535 2359.73 142819 6.37108e+07 
454 6142.61 5599.65 299 166834 2356.23 137131 6.3848e+07 
455 6142.61 5598.86 430 167264 2353.13 137009 6.3985e+07 
456 6142.61 5598.83 427 167691 2349.79 148629 6.41336e+07 
457 6142.61 5596.05 159 167850 2345.72 136827 6.42704e+07 
458 6142.61 5594.17 158 168008 2342.46 137019 6.44074e+07 
459 6142.61 5593.12 290 168298 2339.33 142428 6.45499e+07 
460 6142.61 5593.08 290 168588 2336.35 143564 6.46934e+07 
461 6142.61 5591.79 162 168750 2333.29 136995 6.48304e+07 
462 6142.61 5591.14 597 169347 2329.68 137501 6.49679e+07 
463 6142.61 5591.01 157 169504 2326.63 150331 6.51183e+07 
464 6142.61 5589.44 1449 170953 2324.15 138264 6.52565e+07 
465 6142.61 5589.26 171 171124 2321.7 136701 6.53932e+07 
466 6142.61 5588.89 157 171281 2318.7 141047 6.55343e+07 
467 6142.61 5588.42 344 171625 2315.49 145935 6.56802e+07 
468 6142.61 5587.4 433 172058 2312.48 137202 6.58174e+07 
469 6142.61 5587.16 573 172631 2309.36 137040 6.59544e+07 
470 6142.61 5587.13 425 173056 2306.76 148789 6.61032e+07 
471 6142.61 5587 335 173391 2303.75 139080 6.62423e+07 
472 6142.61 5584.99 163 173554 2300.5 136939 6.63793e+07 
473 6142.61 5584.85 693 174247 2292.2 141628 6.65209e+07 
474 6142.61 5584.58 160 174407 2289.34 145630 6.66665e+07 
475 6142.61 5584.39 1503 175910 2286.18 137259 6.68038e+07 
476 6142.61 5584.1 583 176493 2283.17 137326 6.69411e+07 
477 6142.61 5583.5 449 176942 2280.6 147052 6.70881e+07 
478 6142.61 5582.71 298 177240 2277.72 139922 6.72281e+07 
479 6142.61 5582.43 164 177404 2269.15 136959 6.7365e+07 
480 6142.61 5582.15 160 177564 2266.11 140385 6.75054e+07 
481 6142.61 5579.81 1489 179053 2263.24 147825 6.76532e+07 
482 6142.61 5578.21 561 179614 2260.63 137409 6.77906e+07 
483 6142.61 5575.28 155 179769 2258.11 137590 6.79282e+07 
484 6142.61 5572.1 701 180470 2255.35 145870 6.80741e+07 
485 6142.61 5570.65 342 180812 2252.4 141065 6.82152e+07 
486 6142.61 5569.72 569 181381 2249.04 137010 6.83522e+07 
487 6142.61 5566.18 320 181701 2245.13 140164 6.84923e+07 
488 6142.61 5565.63 292 181993 2242.45 146528 6.86389e+07 
489 6142.61 5565.62 564 182557 2239.11 137203 6.87761e+07 
490 6142.61 5565.55 154 182711 2235.7 137247 6.89133e+07 
491 6142.61 5564.73 563 183274 2232.7 145076 6.90584e+07 
492 6142.61 5558.34 1238 184512 2229.81 140990 6.91994e+07 
493 6142.61 5558.21 989 185501 2226.82 136912 6.93363e+07 
494 6142.61 5557.06 183 185684 2224.06 138824 6.94751e+07 
495 6142.61 5557.03 1076 186760 2221.11 148387 6.96235e+07 
496 6142.61 5556.95 295 187055 2217.37 137231 6.97607e+07 
497 6142.61 5556.64 690 187745 2214.9 137834 6.98986e+07 
498 6142.61 5556.61 160 187905 2212.43 145282 7.00439e+07 
499 6142.61 5555.95 325 188230 2209.33 143381 7.01872e+07 
500 6142.61 5554.22 563 188793 2206.74 137516 7.03248e+07 
501 6142.61 5553.05 168 188961 2204.71 138389 7.04631e+07 
502 6142.61 5545.54 408 189369 2202 148608 7.06118e+07 
503 6142.61 5544.91 426 189795 2198.82 137226 7.0749e+07 
504 6142.61 5544.63 159 189954 2196.44 137236 7.08862e+07 
505 6142.61 5543.91 155 190109 2193.62 144094 7.10303e+07 
506 6142.61 5543.31 434 190543 2186.31 142995 7.11733e+07 
507 6142.61 5543.11 427 190970 2183.47 137079 7.13104e+07 
508 6142.61 5542.01 717 191687 2180.51 137384 7.14478e+07 
509 6142.61 5540.66 477 192164 2177.44 150797 7.15986e+07 
510 6142.61 5538.64 629 192793 2174.56 137642 7.17362e+07 
511 6142.61 5538.31 740 193533 2171.74 137337 7.18735e+07 
512 6142.61 5535.99 179 193712 2168.56 143756 7.20173e+07 
513 6142.61 5534.23 427 194139 2166.09 148344 7.21656e+07 
514 6142.61 5522.99 450 194589 2163.89 143517 7.23092e+07 
515 6142.61 5522.78 850 195439 2161.8 137255 7.24464e+07 
516 6142.61 5521.94 162 195601 2159.41 149676 7.25961e+07 
517 6142.61 5521.68 837 196438 2156.58 137352 7.27334e+07 
518 6142.61 5519.22 1119 197557 2148.96 137466 7.28709e+07 
519 6142.61 5519.08 159 197716 2145.4 144489 7.30154e+07 
520 6142.61 5518.94 187 197903 2142.16 143671 7.31591e+07 
521 6142.61 5518.73 430 198333 2138.95 137323 7.32964e+07 
522 6142.61 5518.11 717 199050 2136.35 137414 7.34338e+07 
523 6142.61 5518.1 161 199211 2132.05 148150 7.3582e+07 
524 6142.61 5515.6 223 199434 2129.82 144857 7.37268e+07 
525 6142.61 5513 432 199866 2126.89 136919 7.38637e+07 
526 6142.61 5511.4 1221 201087 2124.21 143952 7.40077e+07 
527 6142.61 5511.34 338 201425 2120.81 145735 7.41534e+07 
528 6142.61 5511.31 298 201723 2117.43 137144 7.42906e+07 
529 6142.61 5511.09 722 202445 2113.92 137347 7.44279e+07 
530 6142.61 5510.95 159 202604 2111.14 149996 7.45779e+07 
531 6142.61 5510.08 224 202828 2109.1 137522 7.47154e+07 
532 6142.61 5509.75 165 202993 2106.13 136965 7.48524e+07 
533 6142.61 5509.22 156 203149 2103.85 143881 7.49963e+07 
534 6142.61 5507.29 568 203717 2101.5 148383 7.51447e+07 
535 6142.61 5504 161 203878 2089.82 143957 7.52886e+07 
536 6142.61 5502.96 1440 205318 2087.54 138019 7.54266e+07 
537 6142.61 5491.66 437 205755 2084.02 148901 7.55755e+07 
538 6142.61 5489.71 1403 207158 2075.2 137491 7.5713e+07 
539 6142.61 5488.34 160 207318 2072.81 137306 7.58503e+07 
540 6142.61 5488.21 157 207475 2070.2 142429 7.59928e+07 
541 6142.61 5487.93 330 207805 2066.9 143446 7.61362e+07 
542 6142.61 5487.86 575 208380 2064.52 142717 7.62789e+07 
543 6142.61 5487.41 307 208687 2061.58 139766 7.64187e+07 
544 6142.61 5487.15 295 208982 2059.1 148293 7.6567e+07 
545 6142.61 5486.12 394 209376 2056.74 137533 7.67045e+07 
546 6142.61 5485.88 574 209950 2054.14 137422 7.68419e+07 
547 6142.61 5485.84 1229 211179 2051.1 143127 7.69851e+07 
548 6142.61 5485.68 201 211380 2048.66 144391 7.71295e+07 
549 6142.61 5484.27 184 211564 2045.79 137384 7.72668e+07 
550 6142.61 5483.9 581 212145 2042.91 138112 7.7405e+07 
551 6142.61 5482.82 163 212308 2040.08 147437 7.75524e+07 
552 6142.61 5479.73 297 212605 2037.57 138843 7.76912e+07 
553 6142.61 5479 164 212769 2034.08 137332 7.78286e+07 
554 6142.61 5470.51 1237 214006 2031.53 141745 7.79703e+07 
555 6142.61 5467.72 297 214303 2028.86 144872 7.81152e+07 
556 6142.61 5467.71 163 214466 2026.8 137315 7.82525e+07 
557 6142.61 5467.12 162 214628 2024.08 138109 7.83906e+07 
558 6142.61 5466.69 693 215321 2021.4 148920 7.85395e+07 
559 6142.61 5466.69 1753 217074 2014.66 139504 7.8679e+07 
560 6142.61 5465.76 183 217257 2012.64 137555 7.88166e+07 
561 6142.61 5465.74 180 217437 2010.41 141762 7.89583e+07 
562 6142.61 5465.18 331 217768 2008.02 145533 7.91039e+07 
563 6142.61 5465.11 312 218080 2005.21 170111 7.9274e+07 
564 6142.61 5464.04 562 218642 2002.94 137892 7.94119e+07 
565 6142.61 5463.36 187 218829 2000.34 149704 7.95616e+07 
566 6142.61 5462.06 294 219123 1996.51 137826 7.96994e+07 
567 6142.61 5448.5 568 219691 1994.28 137444 7.98369e+07 
568 6142.61 5448.32 155 219846 1992.12 144300 7.99812e+07 
569 6142.61 5448 384 220230 1989.95 144864 8.0126e+07 
570 6142.61 5446.99 298 220528 1987.76 137378 8.02634e+07 
571 6142.61 5446.4 180 220708 1984.82 138590 8.0402e+07 
572 6142.61 5445.81 887 221595 1982.61 149741 8.05517e+07 
573 6142.61 5443.34 292 221887 1980.39 137923 8.06897e+07 
574 6142.61 5441.82 156 222043 1977.82 137811 8.08275e+07 
575 6142.61 5440.19 1081 223124 1975.54 143722 8.09712e+07 
576 6142.61 5439.88 166 223290 1973.2 148187 8.11194e+07 
577 6142.61 5439.88 240 223530 1970.43 167058 8.12864e+07 
578 6142.61 5438.18 156 223686 1962.62 139755 8.14262e+07 
579 6142.61 5437.62 204 223890 1959.36 149073 8.15753e+07 
580 6142.61 5436.07 884 224774 1955.84 138129 8.17134e+07 
581 6142.61 5435.97 160 224934 1953.34 138245 8.18516e+07 
582 6142.61 5435.37 701 225635 1950.61 146345 8.1998e+07 
583 6142.61 5435.2 436 226071 1947.37 159045 8.2157e+07 
584 6142.61 5434.6 2075 228146 1944.67 152744 8.23098e+07 
585 6142.61 5433.13 160 228306 1942.21 143429 8.24532e+07 
586 6142.61 5433.03 209 228515 1939.82 145071 8.25983e+07 
587 6142.61 5428.01 1084 229599 1937.84 137716 8.2736e+07 
588 6142.61 5425.34 428 230027 1935.18 138636 8.28746e+07 
589 6142.61 5424.46 159 230186 1932.73 148349 8.3023e+07 
590 6142.61 5423.55 332 230518 1930.25 139788 8.31628e+07 
591 6142.61 5423.37 563 231081 1928.06 137640 8.33004e+07 
592 6142.61 5423.11 155 231236 1925.67 142258 8.34427e+07 
593 6142.61 5422.54 598 231834 1924 147007 8.35897e+07 
594 6142.61 5419.83 569 232403 1921.24 137666 8.37273e+07 
595 6142.61 5418.67 434 232837 1918.81 138027 8.38654e+07 
596 6142.61 5417.63 156 232993 1916.72 148119 8.40135e+07 
597 6142.61 5417.6 319 233312 1913.92 170308 8.41838e+07 
598 6142.61 5416.95 833 234145 1912.24 140676 8.43245e+07 
599 6142.61 5416.93 159 234304 1909.59 145480 8.44699e+07 
600 6142.61 5416.41 626 234930 1907.12 143530 8.46135e+07 
601 6142.61 5415.29 566 235496 1905.35 138059 8.47515e+07 
602 6142.61 5415.13 850 236346 1903.09 137911 8.48894e+07 
603 6142.61 5414.79 177 236523 1900.2 152558 8.5042e+07 
604 6142.61 5413.95 293 236816 1897.66 171009 8.5213e+07 
605 6142.61 5413.61 158 236974 1895.38 138122 8.53511e+07 
606 6142.61 5413.24 578 237552 1892.42 148435 8.54996e+07 
607 6142.61 5411.25 158 237710 1890.01 141103 8.56407e+07 
608 6142.61 5410.26 748 238458 1887.93 137653 8.57783e+07 
609 6142.61 5409.95 300 238758 1885.95 140766 8.59191e+07 
610 6142.61 5409.83 421 239179 1884.21 147567 8.60667e+07 
611 6142.61 5409.1 163 239342 1882.06 171521 8.62382e+07 
612 6142.61 5408.97 158 239500 1879.53 138352 8.63765e+07 
613 6142.61 5408.75 617 240117 1877.2 150052 8.65266e+07 
614 6142.61 5408.23 1104 241221 1875.29 137992 8.66646e+07 
615 6142.61 5399.27 326 241547 1873.45 137873 8.68024e+07 
616 6142.61 5399 449 241996 1871.34 144159 8.69466e+07 
617 6142.61 5398.14 169 242165 1869.34 149738 8.70963e+07 
618 6142.61 5397.66 469 242634 1866.71 165482 8.72618e+07 
619 6142.61 5397.34 1007 243641 1864.38 141063 8.74029e+07 
620 6142.61 5396.71 563 244204 1861.38 147520 8.75504e+07 
621 6142.61 5385.27 561 244765 1858.81 138203 8.76886e+07 
622 6142.61 5385.19 562 245327 1856.1 138618 8.78272e+07 
623 6142.61 5384 158 245485 1854.22 145489 8.79727e+07 
624 6142.61 5371.97 964 246449 1851.54 162540 8.81353e+07 
625 6142.61 5365.8 235 246684 1849.49 150634 8.82859e+07 
626 6142.61 5365.41 162 246846 1846.61 143478 8.84294e+07 
627 6142.61 5364.75 327 247173 1843.71 146119 8.85755e+07 
628 6142.61 5364.08 557 247730 1841.49 137982 8.87135e+07 
629 6142.61 5363.29 294 248024 1838.73 137924 8.88514e+07 
630 6142.61 5361.64 420 248444 1836.03 149019 8.90004e+07 
631 6142.61 5361.38 426 248870 1833.9 139915 8.91403e+07 
632 6142.61 5358.05 421 249291 1831.92 137465 8.92778e+07 
633 6142.61 5356.37 291 249582 1829.74 143237 8.9421e+07 
634 6142.61 5355.53 1004 250586 1827.63 145094 8.95661e+07 
635 6142.61 5354.7 167 250753 1825.13 138042 8.97042e+07 
636 6142.61 5353.78 422 251175 1815.89 138210 8.98424e+07 
637 6142.61 5353.71 570 251745 1813.42 149485 8.99919e+07 
638 6142.61 5352.63 438 252183 1810.62 139232 9.01311e+07 
639 6142.61 5352.34 298 252481 1808.36 137865 9.0269e+07 
640 6142.61 5344.49 155 252636 1807 142065 9.0411e+07 
641 6142.61 5344.39 169 252805 1805.19 146200 9.05572e+07 
642 6142.61 5343.39 563 253368 1801.65 137485 9.06947e+07 
643 6142.61 5342.54 744 254112 1799.66 138225 9.08329e+07 
644 6142.61 5342.5 319 254431 1797.45 148680 9.09816e+07 
645 6142.61 5342.31 465 254896 1795.04 140056 9.11217e+07 
646 6142.61 5340.75 567 255463 1792.81 137400 9.12591e+07 
647 6142.61 5338.59 297 255760 1790.34 141692 9.14008e+07 
648 6142.61 5335.25 163 255923 1788.02 146635 9.15474e+07 
649 6142.61 5333.49 161 256084 1785.28 137832 9.16852e+07 
650 6142.61 5330.17 182 256266 1782.95 138343 9.18236e+07 
651 6142.61 5329.04 419 256685 1780.25 149480 9.1973e+07 
652 6142.61 5329.04 424 257109 1778.51 169956 9.2143e+07 
653 6142.61 5329 636 257745 1775.7 142531 9.22855e+07 
654 6142.61 5317.81 161 257906 1773.1 144734 9.24303e+07 
655 6142.61 5316.99 161 258067 1771 144034 9.25743e+07 
656 6142.61 5314.51 159 258226 1768.56 138994 9.27133e+07 
657 6142.61 5305.01 572 258798 1766.31 138873 9.28522e+07 
658 6142.61 5304.03 158 258956 1764.12 149689 9.30019e+07 
659 6142.61 5302.76 291 259247 1762.03 138305 9.31402e+07 
660 6142.61 5302.17 430 259677 1759.76 137921 9.32781e+07 
661 6142.61 5302.1 834 260511 1757.13 157246 9.34353e+07 
662 6142.61 5301.3 181 260692 1754.2 156026 9.35914e+07 
663 6142.61 5297.17 159 260851 1752.06 154095 9.37455e+07 
664 6142.61 5294.64 2307 263158 1750.69 157741 9.39032e+07 
665 6142.61 5294.54 183 263341 1748.33 155482 9.40587e+07 
666 6142.61 5294.49 169 263510 1746.52 154507 9.42132e+07 
667 6142.61 5294.4 162 263672 1744.28 155070 9.43683e+07 
668 6142.61 5293.76 837 264509 1741.47 156992 9.45252e+07 
669 6142.61 5292.63 296 264805 1738.56 151326 9.46766e+07 
670 6142.61 5292.28 589 265394 1735.99 149687 9.48263e+07 
671 6142.61 5286.04 568 265962 1733.83 149083 9.49753e+07 
672 6142.61 5285.62 157 266119 1731.65 142842 9.51182e+07 
673 6142.61 5283.18 429 266548 1729.88 141217 9.52594e+07 
674 6142.61 5283.18 185 266733 1727.64 144274 9.54037e+07 
675 6142.61 5282.2 157 266890 1725.03 144119 9.55478e+07 
676 6142.61 5282.11 1238 268128 1723.08 138243 9.5686e+07 
677 6142.61 5281.2 678 268806 1721.27 138368 9.58244e+07 
678 6142.61 5272.95 553 269359 1719.47 148090 9.59725e+07 
679 6142.61 5271.7 185 269544 1716.77 139924 9.61124e+07 
680 6142.61 5261.7 698 270242 1714.83 138151 9.62506e+07 
681 6142.61 5261.18 157 270399 1712.48 143065 9.63936e+07 
682 6142.61 5260.73 1209 271608 1710.33 145192 9.65388e+07 
683 6142.61 5259.72 290 271898 1707.62 138323 9.66771e+07 
684 6142.61 5258.96 322 272220 1705.6 138496 9.68156e+07 
685 6142.61 5258.71 155 272375 1702.14 148111 9.69638e+07 
686 6142.61 5258.5 935 273310 1700.15 139374 9.71031e+07 
687 6142.61 5258.07 163 273473 1697.77 138581 9.72417e+07 
688 6142.61 5257.35 156 273629 1695.66 143177 9.73849e+07 
689 6142.61 5256.84 319 273948 1693.65 145942 9.75308e+07 
690 6142.61 5256.69 291 274239 1691.8 138286 9.76691e+07 
691 6142.61 5256.53 701 274940 1690.04 138518 9.78076e+07 
692 6142.61 5256.19 286 275226 1688.11 150390 9.7958e+07 
693 6142.61 5255.95 292 275518 1685.83 139824 9.80978e+07 
694 6142.61 5255.63 563 276081 1683.15 138220 9.82361e+07 
695 6142.61 5250.32 162 276243 1681.17 142741 9.83788e+07 
696 6142.61 5248.51 477 276720 1679.04 146679 9.85255e+07 
697 6142.61 5247.98 157 276877 1677.32 141644 9.86671e+07 
698 6142.61 5247.69 645 277522 1675.41 175619 9.88427e+07 
699 6142.61 5247.19 180 277702 1673.15 150586 9.89933e+07 
700 6142.61 5239.04 851 278553 1671.45 138323 9.91317e+07 
701 6142.61 5236.21 155 278708 1669.16 138345 9.927e+07 
702 6142.61 5235.07 156 278864 1666.89 146683 9.94167e+07 
703 6142.61 5234.86 292 279156 1665.26 141306 9.9558e+07 
704 6142.61 5232.09 303 279459 1663.58 138361 9.96964e+07 
705 6142.61 5230.94 562 280021 1661.79 139874 9.98362e+07 
706 6142.61 5224.84 1675 281696 1660.09 147583 9.99838e+07 
707 6142.61 5223.36 423 282119 1657.93 138505 1.00122e+08 
708 6142.61 5222.95 746 282865 1655.98 138510 1.00261e+08 
709 6142.61 5222.8 1255 284120 1654.21 146495 1.00407e+08 
710 6142.61 5222.35 315 284435 1652.12 141727 1.00549e+08 
711 6142.61 5218.87 948 285383 1649.81 138456 1.00688e+08 
712 6142.61 5218.87 584 285967 1642.39 140033 1.00828e+08 
713 6142.61 5218.71 595 286562 1640.47 147587 1.00975e+08 
714 6142.61 5217.7 164 286726 1638.87 138489 1.01114e+08 
715 6142.61 5217.25 731 287457 1637.02 138586 1.01252e+08 
716 6142.61 5215.71 428 287885 1635.41 144693 1.01397e+08 
717 6142.61 5215.69 930 288815 1633.59 144205 1.01541e+08 
718 6142.61 5215.41 569 289384 1632.42 138663 1.0168e+08 
719 6142.61 5215.36 958 290342 1630.27 140039 1.0182e+08 
720 6142.61 5214.5 299 290641 1628.34 147995 1.01968e+08 
721 6142.61 5211.61 700 291341 1626.82 138724 1.02107e+08 
722 6142.61 5210.29 160 291501 1624.65 138794 1.02245e+08 
723 6142.61 5208.66 292 291793 1622.66 144302 1.0239e+08 
724 6142.61 5207.95 1231 293024 1620.56 142148 1.02532e+08 
725 6142.61 5206.43 298 293322 1614.84 138653 1.0267e+08 
726 6142.61 5206.2 454 293776 1611.97 139885 1.0281e+08 
727 6142.61 5204.42 319 294095 1609.84 148543 1.02959e+08 
728 6142.61 5203.75 159 294254 1607.9 138583 1.03097e+08 
729 6142.61 5203.24 292 294546 1606.47 138780 1.03236e+08 
730 6142.61 5203.24 171 294717 1604.81 145719 1.03382e+08 
731 6142.61 5202.43 159 294876 1602.92 143364 1.03525e+08 
732 6142.61 5202.4 298 295174 1601.13 138788 1.03664e+08 
733 6142.61 5201.43 587 295761 1594.61 139052 1.03803e+08 
734 6142.61 5200.91 495 296256 1592.8 148511 1.03952e+08 
735 6142.61 5198.84 1086 297342 1590.31 138602 1.0409e+08 
736 6142.61 5188.62 154 297496 1588.2 138813 1.04229e+08 
737 6142.61 5188.55 859 298355 1586.76 144984 1.04374e+08 
738 6142.61 5188.3 728 299083 1584.43 143415 1.04517e+08 
739 6142.61 5188.29 170 299253 1582.65 200966 1.04718e+08 
740 6142.61 5187.26 238 299491 1580.91 153204 1.04872e+08 
741 6142.61 5186.65 163 299654 1579.39 142673 1.05014e+08 
742 6142.61 5184.99 587 300241 1577.16 138365 1.05153e+08 
743 6142.61 5184.86 687 300928 1568.58 139000 1.05292e+08 
744 6142.61 5184.04 292 301220 1566.53 148692 1.0544e+08 
745 6142.61 5173.59 167 301387 1564.94 138874 1.05579e+08 
746 6142.61 5172.43 421 301808 1563.07 138900 1.05718e+08 
747 6142.61 5172.12 422 302230 1561.52 145207 1.05863e+08 
748 6142.61 5171.42 576 302806 1559.59 142726 1.06006e+08 
749 6142.61 5169.47 159 302965 1558.06 138749 1.06145e+08 
750 6142.61 5168.14 565 303530 1555.56 138998 1.06284e+08 
751 6142.61 5165.5 566 304096 1553.48 150355 1.06434e+08 
752 6142.61 5164.47 576 304672 1551.25 138682 1.06573e+08 
753 6142.61 5160.76 157 304829 1549.44 138942 1.06712e+08 
754 6142.61 5160.5 447 305276 1548.22 144869 1.06857e+08 
755 6142.61 5160.3 488 305764 1545.84 143900 1.07001e+08 
756 6142.61 5159.03 158 305922 1543.86 138783 1.07139e+08 
757 6142.61 5158.53 298 306220 1541.93 139255 1.07279e+08 
758 6142.61 5158.12 597 306817 1539.89 151600 1.0743e+08 
759 6142.61 5157.24 165 306982 1537.99 138999 1.07569e+08 
760 6142.61 5157.24 432 307414 1536.27 138757 1.07708e+08 
761 6142.61 5156.05 318 307732 1533.95 145441 1.07853e+08 
762 6142.61 5155.73 961 308693 1532.23 144152 1.07998e+08 
763 6142.61 5155.15 430 309123 1530.64 138717 1.08136e+08 
764 6142.61 5154.3 285 309408 1528.72 139124 1.08275e+08 
765 6142.61 5152.94 429 309837 1526.08 150168 1.08426e+08 
766 6142.61 5152.75 299 310136 1524.44 139121 1.08565e+08 
767 6142.61 5152.65 2045 312181 1522.77 139028 1.08704e+08 
768 6142.61 5152.58 155 312336 1520.81 144697 1.08848e+08 
769 6142.61 5152.15 306 312642 1519.13 143331 1.08992e+08 
770 6142.61 5151.88 567 313209 1516.59 138696 1.0913e+08 
771 6142.61 5150.16 292 313501 1514.61 140642 1.09271e+08 
772 6142.61 5149.58 432 313933 1513.02 150603 1.09422e+08 
773 6142.61 5149.12 163 314096 1511.18 139018 1.09561e+08 
774 6142.61 5149.06 158 314254 1509.6 138808 1.09699e+08 
775 6142.61 5148.54 821 315075 1507.31 146488 1.09846e+08 
776 6142.61 5146.24 1114 316189 1505.62 144284 1.0999e+08 
777 6142.61 5145.76 845 317034 1503.72 138749 1.10129e+08 
778 6142.61 5145.33 314 317348 1501.33 139714 1.10269e+08 
779 6142.61 5145.33 1726 319074 1498.34 149078 1.10418e+08 
780 6142.61 5143.4 1321 320395 1496.3 138892 1.10557e+08 
781 6142.61 5142.41 291 320686 1494.41 139277 1.10696e+08 
782 6142.61 5142.09 158 320844 1492.62 146217 1.10842e+08 
783 6142.61 5141.16 292 321136 1491.32 142163 1.10984e+08 
784 6142.61 5141.14 850 321986 1489.89 138518 1.11123e+08 
785 6142.61 5141.12 730 322716 1487.19 138808 1.11262e+08 
786 6142.61 5140.44 431 323147 1485.97 149347 1.11411e+08 
787 6142.61 5140.18 164 323311 1484.52 138889 1.1155e+08 
788 6142.61 5139.38 830 324141 1483.16 138780 1.11689e+08 
789 6142.61 5139.17 181 324322 1481.18 144597 1.11833e+08 
790 6142.61 5138.63 293 324615 1479.69 143626 1.11977e+08 
791 6142.61 5137.22 182 324797 1477.98 138698 1.12116e+08 
792 6142.61 5136 156 324953 1475.88 138811 1.12254e+08 
793 6142.61 5135.8 159 325112 1474.18 150384 1.12405e+08 
794 6142.61 5135.4 429 325541 1472.73 138904 1.12544e+08 
795 6142.61 5134.6 433 325974 1470.9 138634 1.12682e+08 
796 6142.61 5134.49 294 326268 1469.29 145057 1.12827e+08 
797 6142.61 5134.47 194 326462 1467.66 144503 1.12972e+08 
798 6142.61 5133.96 161 326623 1465.48 138883 1.13111e+08 
799 6142.61 5131.42 588 327211 1464.04 138828 1.1325e+08 
800 6142.61 5131.26 158 327369 1462.53 149042 1.13399e+08 
801 6142.61 5128.4 313 327682 1460.81 138897 1.13538e+08 
802 6142.61 5128.23 1281 328963 1459.38 138476 1.13676e+08 
803 6142.61 5127.47 154 329117 1457.66 144481 1.13821e+08 
804 6142.61 5126.68 880 329997 1455.88 145840 1.13966e+08 
805 6142.61 5126.28 293 330290 1453.87 138580 1.14105e+08 
806 6142.61 5126.24 957 331247 1452.25 138735 1.14244e+08 
807 6142.61 5125.83 1507 332754 1450.79 149369 1.14393e+08 
808 6142.61 5125.12 307 333061 1448.99 138721 1.14532e+08 
809 6142.61 5125.04 295 333356 1447.67 138944 1.14671e+08 
810 6142.61 5123.74 554 333910 1445.84 145747 1.14816e+08 
811 6142.61 5122.87 411 334321 1444.05 143270 1.1496e+08 
812 6142.61 5122.64 428 334749 1442.47 138735 1.15098e+08 
813 6142.61 5122.54 287 335036 1440.86 138978 1.15237e+08 
814 6142.61 5122.39 1115 336151 1439.09 148811 1.15386e+08 
815 6142.61 5121.88 589 336740 1437.09 138963 1.15525e+08 
816 6142.61 5119.79 155 336895 1432.87 138652 1.15664e+08 
817 6142.61 5119.16 156 337051 1431.35 163951 1.15828e+08 
818 6142.61 5116.97 331 337382 1430.15 142147 1.1597e+08 
819 6142.61 5116.2 431 337813 1428.83 138514 1.16108e+08 
820 6142.61 5105.19 825 338638 1427.52 140101 1.16249e+08 
821 6142.61 5104.28 424 339062 1425.48 149837 1.16398e+08 
822 6142.61 5104.23 1256 340318 1423.42 138984 1.16537e+08 
823 6142.61 5103.88 155 340473 1421.78 139321 1.16677e+08 
824 6142.61 5102.41 170 340643 1419.84 146775 1.16823e+08 
825 6142.61 5102.14 866 341509 1418.5 143167 1.16967e+08 
826 6142.61 5099.64 161 341670 1416.89 138979 1.17106e+08 
827 6142.61 5099.48 302 341972 1415.07 141990 1.17248e+08 
828 6142.61 5098.74 162 342134 1413.62 149725 1.17397e+08 
829 6142.61 5097.4 687 342821 1411.74 139686 1.17537e+08 
830 6142.61 5088.92 428 343249 1410.52 139539 1.17677e+08 
831 6142.61 5087.91 161 343410 1409.17 148372 1.17825e+08 
832 6142.61 5087.4 461 343871 1407.41 141521 1.17966e+08 
833 6142.61 5086.51 1373 345244 1405.43 139108 1.18106e+08 
834 6142.61 5086.23 167 345411 1403.59 142302 1.18248e+08 
835 6142.61 5077.6 244 345655 1401.91 147147 1.18395e+08 
836 6142.61 5075.16 158 345813 1400.18 139793 1.18535e+08 
837 6142.61 5074.37 867 346680 1398.57 140049 1.18675e+08 
838 6142.61 5071.6 166 346846 1396.51 149235 1.18824e+08 
839 6142.61 5071.42 556 347402 1395.12 141299 1.18965e+08 
840 6142.61 5069.51 167 347569 1392.56 139101 1.19105e+08 
841 6142.61 5068.43 159 347728 1391.31 142874 1.19247e+08 
842 6142.61 5067.55 772 348500 1389.5 148979 1.19396e+08 
843 6142.61 5067.42 704 349204 1387.9 138613 1.19535e+08 
844 6142.61 5066.26 154 349358 1385.87 139170 1.19674e+08 
845 6142.61 5063.6 948 350306 1384.21 148910 1.19823e+08 
846 6142.61 5055.52 182 350488 1382.3 142215 1.19965e+08 
847 6142.61 5055.04 166 350654 1380.79 139026 1.20104e+08 
848 6142.61 5054.62 434 351088 1378.83 143483 1.20248e+08 
849 6142.61 5053.63 330 351418 1377.61 148072 1.20396e+08 
850 6142.61 5052.7 431 351849 1376.2 139184 1.20535e+08 
851 6142.61 5052.46 450 352299 1374.24 139395 1.20674e+08 
852 6142.61 5052.43 294 352593 1372.9 148555 1.20823e+08 
853 6142.61 5051.95 308 352901 1371.47 140758 1.20964e+08 
854 6142.61 5051.78 297 353198 1370.44 139096 1.21103e+08 
855 6142.61 5050.22 577 353775 1369.12 143465 1.21246e+08 
856 6142.61 5049.91 295 354070 1367.77 147839 1.21394e+08 
857 6142.61 5049.41 309 354379 1366.71 139225 1.21533e+08 
858 6142.61 5046.32 159 354538 1365.61 139606 1.21673e+08 
859 6142.61 5045.74 1238 355776 1363.32 150392 1.21823e+08 
860 6142.61 5044.92 184 355960 1361.95 141614 1.21965e+08 
861 6142.61 5043 584 356544 1359.98 139152 1.22104e+08 
862 6142.61 5033.27 295 356839 1358.04 143967 1.22248e+08 
863 6142.61 5032.63 182 357021 1356.26 147034 1.22395e+08 
864 6142.61 5032.18 616 357637 1354.81 139291 1.22534e+08 
865 6142.61 5032.13 161 357798 1353.39 139571 1.22674e+08 
866 6142.61 5031.7 158 357956 1351.54 150357 1.22824e+08 
867 6142.61 5031.19 159 358115 1350.15 140819 1.22965e+08 
868 6142.61 5030.74 303 358418 1349.02 139287 1.23104e+08 
869 6142.61 5030.71 289 358707 1347.23 145017 1.23249e+08 
870 6142.61 5030.62 173 358880 1346.01 145598 1.23395e+08 
871 6142.61 5028.74 563 359443 1344.56 164734 1.2356e+08 
872 6142.61 5028.56 295 359738 1343.12 155269 1.23715e+08 
873 6142.61 5028.32 690 360428 1337.24 148986 1.23864e+08 
874 6142.61 5018.09 1779 362207 1335.03 139182 1.24003e+08 
875 6142.61 5017.49 433 362640 1333.07 139510 1.24143e+08 
876 6142.61 5016.44 160 362800 1331.88 149440 1.24292e+08 
877 6142.61 5015.66 620 363420 1330.59 143224 1.24435e+08 
878 6142.61 5004.51 562 363982 1329.69 139160 1.24575e+08 
879 6142.61 5003.62 293 364275 1328.34 143761 1.24718e+08 
880 6142.61 5002.05 1126 365401 1326.66 150294 1.24869e+08 
881 6142.61 5001.69 157 365558 1325.37 139320 1.25008e+08 
882 6142.61 5001.46 860 366418 1324.01 139530 1.25147e+08 
883 6142.61 4999.86 163 366581 1322.13 148656 1.25296e+08 
884 6142.61 4999.46 434 367015 1321 142156 1.25438e+08 
885 6142.61 4998.93 1090 368105 1319.27 140258 1.25579e+08 
886 6142.61 4997.58 433 368538 1316.33 157231 1.25736e+08 
887 6142.61 4997.35 301 368839 1315.24 146029 1.25882e+08 
888 6142.61 4996.34 978 369817 1313.71 139603 1.26021e+08 
889 6142.61 4996.29 154 369971 1312.33 139987 1.26161e+08 
890 6142.61 4996.18 430 370401 1311.16 152460 1.26314e+08 
891 6142.61 4994.68 917 371318 1309.91 139797 1.26454e+08 
892 6142.61 4994.62 159 371477 1308.45 141456 1.26595e+08 
893 6142.61 4992.72 156 371633 1307 144593 1.2674e+08 
894 6142.61 4991.65 599 372232 1305.35 146965 1.26887e+08 
895 6142.61 4990.98 724 372956 1303.5 139345 1.27026e+08 
896 6142.61 4989.59 442 373398 1302.19 139864 1.27166e+08 
897 6142.61 4988.58 694 374092 1300.51 150281 1.27316e+08 
898 6142.61 4987.91 298 374390 1298.44 140230 1.27456e+08 
899 6142.61 4987.58 700 375090 1296.2 139581 1.27596e+08 
900 6142.61 4987.45 857 375947 1293.92 149065 1.27745e+08 
901 6142.61 4986.75 717 376664 1292.95 145171 1.2789e+08 
902 6142.61 4985.91 426 377090 1291.89 144381 1.28035e+08 
903 6142.61 4984.7 692 377782 1289.97 140962 1.28176e+08 
904 6142.61 4983.35 452 378234 1288.87 150667 1.28326e+08 
905 6142.61 4982.82 295 378529 1287.67 139864 1.28466e+08 
906 6142.61 4979.57 565 379094 1286.03 140566 1.28607e+08 
907 6142.61 4977.31 364 379458 1284.81 147956 1.28755e+08 
908 6142.61 4975.74 971 380429 1283.09 143495 1.28898e+08 
909 6142.61 4975.43 1112 381541 1282 139767 1.29038e+08 
910 6142.61 4974.47 315 381856 1280.9 142083 1.2918e+08 
911 6142.61 4974.45 174 382030 1279.71 149401 1.29329e+08 
912 6142.61 4974.22 160 382190 1277.95 139851 1.29469e+08 
913 6142.61 4974.17 287 382477 1276.12 140323 1.2961e+08 
914 6142.61 4972.2 179 382656 1274.78 147836 1.29757e+08 
915 6142.61 4971.81 836 383492 1273.38 144061 1.29901e+08 
916 6142.61 4971.54 160 383652 1271.88 139667 1.30041e+08 
917 6142.61 4970.81 1121 384773 1270.88 143002 1.30184e+08 
918 6142.61 4970.76 176 384949 1269.91 149302 1.30333e+08 
919 6142.61 4969.79 610 385559 1268.93 139987 1.30473e+08 
920 6142.61 4969.06 735 386294 1267.89 139936 1.30613e+08 
921 6142.61 4968.68 161 386455 1267 149055 1.30762e+08 
922 6142.61 4967.72 425 386880 1265.52 142625 1.30905e+08 
923 6142.61 4966.05 450 387330 1264.09 139639 1.31045e+08 
924 6142.61 4966.05 592 387922 1262.75 142886 1.31188e+08 
925 6142.61 4965.38 175 388097 1261.53 147356 1.31335e+08 
926 6142.61 4964.08 449 388546 1259.85 140059 1.31475e+08 
927 6142.61 4963.8 161 388707 1258.61 140886 1.31616e+08 
928 6142.61 4963.7 159 388866 1257.48 148272 1.31764e+08 
929 6142.61 4963.4 157 389023 1255.88 142005 1.31906e+08 
930 6142.61 4963.31 420 389443 1254.37 139366 1.32045e+08 
931 6142.61 4957.02 428 389871 1252.82 144381 1.3219e+08 
932 6142.61 4956.03 161 390032 1250.99 148367 1.32338e+08 
933 6142.61 4955.59 296 390328 1250.04 140285 1.32478e+08 
934 6142.61 4955.58 290 390618 1248.33 140074 1.32619e+08 
935 6142.61 4954.45 161 390779 1246.81 152271 1.32771e+08 
936 6142.61 4952.75 618 391397 1244.87 141339 1.32912e+08 
937 6142.61 4952.68 736 392133 1243.89 139745 1.33052e+08 
938 6142.61 4952.67 451 392584 1242.39 144584 1.33197e+08 
939 6142.61 4950.99 181 392765 1241.38 147851 1.33344e+08 
940 6142.61 4949.06 161 392926 1240.16 140021 1.33484e+08 
941 6142.61 4948.18 165 393091 1238.06 140430 1.33625e+08 
942 6142.61 4948.17 1570 394661 1236.79 151149 1.33776e+08 
943 6142.61 4946.7 2116 396777 1235.5 141180 1.33917e+08 
944 6142.61 4945.81 1237 398014 1234.28 140968 1.34058e+08 
945 6142.61 4945.32 428 398442 1232.42 145806 1.34204e+08 
946 6142.61 4944.89 692 399134 1231.08 146389 1.3435e+08 
947 6142.61 4944.41 295 399429 1229.15 140019 1.3449e+08 
948 6142.61 4943.31 567 399996 1228.04 140314 1.34631e+08 
949 6142.61 4943.23 297 400293 1226.8 152541 1.34783e+08 
950 6142.61 4943.16 159 400452 1225.52 180048 1.34963e+08 
951 6142.61 4943.11 1036 401488 1223.85 198421 1.35162e+08 
952 6142.61 4941.94 294 401782 1221.91 151076 1.35313e+08 
953 6142.61 4941.87 442 402224 1220.95 140098 1.35453e+08 
954 6142.61 4941.38 699 402923 1219.7 140380 1.35593e+08 
955 6142.61 4941.25 432 403355 1218.36 152046 1.35745e+08 
956 6142.61 4938.15 164 403519 1217.24 142557 1.35888e+08 
957 6142.61 4938.07 166 403685 1216.14 140099 1.36028e+08 
958 6142.61 4937.55 566 404251 1214.75 144010 1.36172e+08 
959 6142.61 4937.04 302 404553 1212.85 147342 1.36319e+08 
960 6142.61 4936.84 1104 405657 1211.14 139943 1.36459e+08 
961 6142.61 4926.62 163 405820 1208.5 140290 1.36599e+08 
962 6142.61 4923.85 287 406107 1207.1 150069 1.3675e+08 
963 6142.61 4923.45 463 406570 1205.9 141452 1.36891e+08 
964 6142.61 4923.07 881 407451 1204.85 139985 1.37031e+08 
965 6142.61 4917.12 158 407609 1203.82 144316 1.37175e+08 
966 6142.61 4917.1 648 408257 1202.16 147145 1.37322e+08 
967 6142.61 4915.66 323 408580 1200.99 140108 1.37463e+08 
968 6142.61 4915.38 161 408741 1199.88 140267 1.37603e+08 
969 6142.61 4914.57 721 409462 1198.64 150789 1.37754e+08 
970 6142.61 4913.81 181 409643 1197.61 141531 1.37895e+08 
971 6142.61 4913.43 440 410083 1196.16 141104 1.38036e+08 
972 6142.61 4912.75 607 410690 1195.1 160157 1.38196e+08 
973 6142.61 4911.64 556 411246 1193.69 146238 1.38343e+08 
974 6142.61 4911.46 167 411413 1192.35 140213 1.38483e+08 
975 6142.61 4910.9 850 412263 1191.54 141773 1.38625e+08 
976 6142.61 4910.53 1063 413326 1190.8 151739 1.38776e+08 
977 6142.61 4908.43 455 413781 1189.72 186252 1.38963e+08 
978 6142.61 4908.22 230 414011 1188.57 194135 1.39157e+08 
979 6142.61 4908.19 726 414737 1187.36 149213 1.39306e+08 
980 6142.61 4907.43 329 415066 1186.15 140571 1.39447e+08 
981 6142.61 4907.41 156 415222 1184.49 140457 1.39587e+08 
982 6142.61 4906.91 438 415660 1183.49 152518 1.3974e+08 
983 6142.61 4904.63 160 415820 1182.22 172785 1.39912e+08 
984 6142.61 4903.92 456 416276 1181.06 206725 1.40119e+08 
985 6142.61 4894.67 844 417120 1179.89 151799 1.40271e+08 
986 6142.61 4892.26 562 417682 1178.7 140244 1.40411e+08 
987 6142.61 4891.67 294 417976 1177.71 140197 1.40551e+08 
988 6142.61 4891.61 426 418402 1176.34 148000 1.40699e+08 
989 6142.61 4891.14 296 418698 1175.47 144642 1.40844e+08 
990 6142.61 4890.85 324 419022 1174.55 140104 1.40984e+08 
991 6142.61 4890.64 719 419741 1173.35 143007 1.41127e+08 
992 6142.61 4887.96 478 420219 1171.21 151079 1.41278e+08 
993 6142.61 4886.71 427 420646 1169.59 140452 1.41419e+08 
994 6142.61 4885.03 154 420800 1168.85 140855 1.41559e+08 
995 6142.61 4884.16 562 421362 1167.33 149775 1.41709e+08 
996 6142.61 4884.16 182 421544 1166.44 143539 1.41853e+08 
997 6142.61 4882.01 1497 423041 1164.76 140280 1.41993e+08 
998 6142.61 4879.81 158 423199 1163.24 144155 1.42137e+08 
999 6142.61 4872.68 1288 424487 1161.97 149121 1.42286e+08 
