0 24577.7 24454 24 22288.7 5208 22288.7 9916
1 23367.9 23367 17 22034 6358 21723.5 14236
2 23367.9 23359.4 9 21937.8 5033 21723.5 14735
3 23367.9 23355.1 34 22034 4248 21723.5 8976
4 23367.9 23091.2 19 21723.5 5431 21723.5 11174
5 23367.9 22856.9 85 21723.5 7304 21723.5 11376
6 23367.9 23257.5 6 22034 4455 21723.5 10078
7 23367.9 23296.7 10 21723.5 5388 21723.5 9995
8 22808.5 22765.3 23 19390.2 5635 19390.2 13657
9 22808.5 22767.1 15 20582 5056 19390.2 15087
10 22808.5 22664.6 11 21026 6427 19390.2 8972
11 22808.5 21625.4 19 19390.2 5005 19390.2 10465
12 22808.5 22260.7 34 20582 6505 19390.2 9473
13 22808.5 22769.5 41 19390.2 4260 19390.2 8902
14 22808.5 22438.6 62 20582 6715 19390.2 8903
15 22808.5 22098.1 37 21026 4861 19390.2 9368
16 22808.5 22664.6 6 19390.2 3935 19390.2 14232
17 22496 22098.1 6 21443 3849 21400.1 12841
18 22496 22402 15 21400.1 4003 21400.1 10084
19 22496 22339.2 40 21435.4 6208 21400.1 11620
20 22496 21829.2 16 21443 7533 21400.1 11841
21 22496 22168.3 15 21400.1 4164 21400.1 9791
22 22496 22440.8 14 21443 6409 21400.1 10569
23 22496 22016.9 16 21435.4 4392 21400.1 9915
24 22496 22494 6 21435.4 4291 21400.1 9292
25 22496 22350 11 21400.1 4213 21400.1 11870
26 22496 22440.6 11 21586.9 4337 21400.1 11563
27 22496 22284.7 32 21400.1 4638 21400.1 8496
28 22496 22084.4 22 21435.4 5427 21400.1 10484
29 22496 22122.5 15 21400.1 4836 21400.1 11246
30 22496 22352.5 16 21449.6 3943 21400.1 10425
31 22496 22415.9 50 21443 5652 21400.1 9678
32 22496 22320.9 26 21435.4 6761 21400.1 9897
33 22496 22426.4 15 21473.8 3952 21400.1 12389
34 22496 22045.3 19 21435.4 4058 21400.1 12485
35 22496 22276.1 6 21435.4 3952 21400.1 10268
36 22496 22350 40 21400.1 6937 21400.1 13985
37 22496 22305.5 66 21400.1 6598 21400.1 13822
38 22496 22421.6 15 21646.3 4252 21400.1 8775
39 22496 22301.4 23 21435.4 7368 21400.1 9595
40 22496 22218.7 21 21435.4 4583 21400.1 10510
41 22356.9 22316.7 12 21127.8 3955 20688 9564
42 22356.9 22295.6 9 21446 6966 20688 9800
43 22356.9 21888.3 48 20688 6570 20688 9786
44 22356.9 22303.7 6 20688 4130 20688 12603
45 22356.9 22205.3 33 20688 3902 20688 10842
46 22356.9 22089.6 39 20844.4 5594 20688 9173
47 22356.9 21740.6 15 20844.4 4986 20688 9566
48 22356.9 22215.2 17 20844.4 4377 20688 9062
49 22356.9 22354.9 16 20688 4809 20688 9310
50 22356.9 22322 114 20688 5780 20688 14230
51 22356.9 21937.9 42 20844.4 7128 20688 10432
52 22356.9 22344.2 53 20688 4846 20688 9234
53 22356.9 22068.6 37 20844.4 6010 20688 10608
54 22356.9 21441 16 21127.8 5975 20688 9768
55 22356.9 22248.4 62 20688 4228 20688 12136
56 22356.9 22291.9 11 21127.8 4190 20688 11839
57 22356.9 22082.8 47 20688 4599 20688 8853
58 22356.9 22338 6 21241.6 6548 20688 13593
59 22356.9 22320.7 7 21127.8 6326 20688 12360
60 22356.9 22340.8 65 20688 4469 20688 9444
61 22356.9 21995.5 34 21127.8 6118 20688 11179
62 22356.9 21543.1 17 20688 6879 20688 12423
63 22356.9 22221.9 30 20688 4412 20688 9281
64 22356.9 22159.8 42 20844.4 6655 20688 9473
65 22356.9 22252.8 28 20688 6619 20688 9872
66 22356.9 22299.7 68 20688 4312 20688 12439
67 22356.9 22303.7 58 20688 4273 20688 11916
68 22356.9 21925.2 37 20960.1 3976 20688 10159
69 22356.9 22215.2 57 20844.4 6330 20688 12338
70 22356.9 22001.4 11 20844.4 5693 20688 12938
71 22356.9 22316 6 20688 3962 20688 9760
72 22356.9 21816.1 113 20844.4 6655 20688 11652
73 22356.9 22326.2 14 20688 5209 20688 10443
74 22356.9 22233.1 6 20688 4481 20688 9234
75 22356.9 22316.7 11 20844.4 5314 20688 11924
76 22356.9 22159.8 15 21241.6 4738 20688 12026
77 22356.9 21926.7 45 21127.8 4729 20688 8551
78 22356.9 22148.9 20 20688 4335 20688 11442
79 22356.9 22248.4 6 21241.6 5033 20688 10871
80 22356.9 22316.7 19 20960.1 4066 20688 9144
81 22356.9 21750.7 28 20688 4920 20688 10142
82 22356.9 22201.9 128 20688 6812 20688 12539
83 22356.9 22325.5 60 20688 5896 20688 9142
84 22356.9 22342.6 65 20688 5804 20688 8712
85 22356.9 21810.8 37 20960.1 5160 20688 10271
86 22356.9 22266.9 10 20960.1 4421 20688 10028
87 22356.9 22331.4 17 21127.8 4886 20688 9163
88 22356.9 22291.9 23 20688 5511 20688 10756
89 22356.9 22197.9 48 20960.1 4718 20688 10222
90 22356.9 22214.8 6 20844.4 5885 20688 9929
91 22356.9 22189.4 15 20688 4553 20688 10824
92 22356.9 22287.6 25 20688 4073 20688 9612
93 22356.9 22303.3 32 21241.6 5277 20688 8954
94 22356.9 22265 16 20844.4 5000 20688 9804
95 22356.9 22264.9 6 20844.4 3938 20688 9538
96 22356.9 22055.2 37 21127.8 6405 20688 9961
97 22356.9 22175 52 20688 4627 20688 11668
98 22356.9 22307.4 60 20688 4477 20688 10566
99 22356.9 22252 30 20688 5196 20688 10145
100 22356.9 22191.4 15 20688 5301 20688 11909
101 22356.9 22117.8 10 20688 4489 20688 10741
102 22356.9 22215.2 9 20844.4 5129 20688 10083
103 22356.9 22314.8 74 20688 6508 20688 10456
104 22356.9 22340.8 7 20844.4 4388 20688 10543
105 22356.9 22334.8 16 20688 4311 20688 11835
106 22356.9 22315.6 23 21261.6 5551 20688 10260
107 22356.9 22108.7 9 20844.4 5242 20688 9382
108 22356.9 22299.7 59 20688 4496 20688 10237
109 22356.9 22159.8 44 20688 5451 20688 12346
110 22356.9 22034.7 20 20960.1 6650 20688 14711
111 22356.9 22303.7 40 20960.1 4587 20688 14272
112 22356.9 21887.3 57 20844.4 7061 20688 14715
113 22356.9 22278.6 28 20688 5993 20688 15221
114 22356.9 22138 83 20688 6642 20688 13127
115 22356.9 22322 33 20688 7047 20688 11824
116 22356.9 21993.4 7 20688 6177 20688 13320
117 22356.9 21984.4 21 20688 4854 20688 13639
118 22356.9 22117.7 7 21127.8 5436 20688 14792
119 22356.9 22336.9 26 20688 4749 20688 10121
120 22356.9 22314.9 30 20688 6827 20688 11847
121 22356.9 22225.8 16 21127.8 6168 20688 10279
122 22356.9 22216.4 62 20960.1 4911 20688 11259
123 22356.9 22256.3 47 21261.6 6104 20688 11981
124 22356.9 21726.9 74 20688 6319 20688 10696
125 22356.9 21666.5 15 20688 6070 20688 11677
126 22356.9 22251.8 59 20688 5546 20688 11058
127 22356.9 22215.2 50 20844.4 6396 20688 9575
128 22356.9 21985.9 6 20688 5372 20688 12029
129 22356.9 22159.8 30 20844.4 6183 20688 12523
130 22356.9 22150.3 90 20844.4 4499 20688 11154
131 22356.9 21546.5 12 20844.4 5065 20688 10183
132 22356.9 21993.9 31 20960.1 6582 20688 10657
133 22356.9 22342.6 11 20844.4 5129 20688 10745
134 22356.9 22328.5 74 20688 4212 20688 11101
135 22356.9 22241.8 7 20688 4753 20688 10084
136 22356.9 21839.6 67 20960.1 6754 20688 12689
137 22356.9 21750.7 58 20844.4 5681 20688 12406
138 22356.9 21995.1 61 20844.4 5194 20688 9259
139 22356.9 22352.6 6 20688 5994 20688 10997
140 22356.9 22244.8 11 20688 5405 20688 12378
141 22356.9 21261.6 18 20844.4 4064 20688 10246
142 22356.9 22234.4 11 20844.4 5787 20688 13763
143 22356.9 22314.8 37 20688 5601 20688 9820
144 22356.9 22075.9 30 20688 5032 20688 12011
145 22356.9 22306.8 57 20844.4 4863 20688 11580
146 22356.9 21842.8 25 20688 4957 20688 10889
147 22356.9 22230.1 16 20688 6317 20688 10548
148 22356.9 21446 9 20688 4731 20688 12515
149 22356.9 21923.9 21 20688 4257 20688 10377
150 22356.9 22255 22 20844.4 5184 20688 11142
151 22356.9 21892.7 25 20688 7320 20688 10029
152 22356.9 21666.3 11 20688 5055 20688 10661
153 22356.9 22201.9 57 21127.8 5268 20688 11793
154 22356.9 22075.9 7 20688 5015 20688 10114
155 22356.9 22324.6 26 20688 6010 20688 13329
156 22356.9 21885.5 30 21241.6 5692 20688 13548
157 22356.9 22072.1 33 20688 5187 20688 11106
158 22356.9 22342.4 81 20688 6635 20688 12081
159 22356.9 22251.6 20 20688 6224 20688 11903
160 22356.9 22215.2 24 20688 4857 20688 11311
161 22356.9 22178.6 25 20688 4975 20688 9948
162 22356.9 22117.8 61 20688 4730 20688 10053
163 22356.9 22297.5 71 20688 5157 20688 12555
164 22356.9 22248.2 14 21127.8 5422 20688 12807
165 22356.9 21979.3 94 20960.1 4507 20688 9379
166 22356.9 21887.3 32 20960.1 6229 20688 9075
167 22356.9 21740.6 45 20688 5616 20688 11256
168 22356.9 21656.7 14 20688 5658 20688 11949
169 22356.9 21923.9 26 20688 5726 20688 11331
170 22356.9 22108.7 33 20960.1 6755 20688 11086
171 22356.9 21676.5 24 20960.1 6032 20688 10878
172 22356.9 21446 7 20688 4811 20688 11357
173 22033.1 21740.5 64 20450.6 5579 20450.6 9996
174 22033.1 21984.4 25 20700.4 5562 20450.6 12522
175 22033.1 21535.9 25 20450.6 4901 20450.6 11874
176 22033.1 21813.9 13 20450.6 4639 20450.6 11109
177 22033.1 21763.4 49 20450.6 6400 20450.6 9696
178 22033.1 22023.2 11 21020.9 5662 20450.6 10614
179 22033.1 22021.1 65 20450.6 5008 20450.6 10883
180 22033.1 21642.2 30 20450.6 5014 20450.6 10943
181 22033.1 20803.6 48 20450.6 6797 20450.6 10326
182 22033.1 21474 43 20450.6 5306 20450.6 13028
183 22033.1 21537 11 20803.6 4794 20450.6 11147
184 22033.1 21976.6 28 20450.6 5636 20450.6 10120
185 22033.1 21605.2 12 20450.6 6290 20450.6 10930
186 22033.1 21931.3 35 20700.4 5563 20450.6 11824
187 22033.1 21612.4 16 20450.6 4381 20450.6 15636
188 22033.1 21917.2 35 20450.6 4870 20450.6 10936
189 22033.1 22021.1 16 20803.6 4652 20450.6 11428
190 22033.1 21856.5 11 20450.6 7159 20450.6 12140
191 22033.1 21493.5 11 20450.6 7994 20450.6 13818
192 22033.1 21778.2 49 20450.6 4884 20450.6 16809
193 22033.1 21979.6 7 20700.4 7013 20450.6 15888
194 22033.1 21778.2 16 20450.6 4673 20450.6 10817
195 22033.1 21664.8 36 20700.4 5779 20450.6 12977
196 22033.1 21837.6 22 20700.4 4854 20450.6 10046
197 22033.1 21632.4 47 20450.6 7531 20450.6 14429
198 22033.1 21969.5 20 20700.4 7592 20450.6 11782
199 22033.1 21847 71 20803.6 4238 20450.6 12677
200 22033.1 21890.6 27 20450.6 5413 20450.6 12361
201 22033.1 21792 41 20450.6 6134 20450.6 11216
202 22033.1 21495.7 21 20700.4 8051 20450.6 15422
203 22033.1 21414.3 40 20450.6 4768 20450.6 12820
204 22033.1 21157.1 16 20700.4 5135 20450.6 11653
205 22033.1 22017.1 19 20700.4 4748 20450.6 12138
206 22033.1 22021.1 28 20450.6 7060 20450.6 10867
207 22033.1 21414.3 11 20899.2 6890 20450.6 12160
208 22033.1 21917.1 131 20700.4 7663 20450.6 11814
209 22033.1 22015.3 60 20803.6 5441 20450.6 12238
210 22033.1 21943.6 7 20700.4 5202 20450.6 12126
211 22033.1 22003.7 11 20700.4 5387 20450.6 11098
212 22033.1 22009.8 6 20450.6 4939 20450.6 13493
213 22033.1 21969.3 20 20450.6 7381 20450.6 11246
214 22033.1 21706.8 27 20700.4 5376 20450.6 12202
215 22033.1 21816.5 9 20700.4 5343 20450.6 13141
216 22033.1 22023.3 45 20450.6 5162 20450.6 10566
217 22033.1 21676.8 10 20450.6 7742 20450.6 12984
218 22033.1 21983.6 11 20700.4 7037 20450.6 11735
219 22033.1 21509.9 12 20700.4 4508 20450.6 13149
220 22033.1 21431.4 16 20803.6 5272 20450.6 12830
221 22033.1 21966 15 20450.6 4822 20450.6 10826
222 22033.1 21892.8 11 20450.6 8026 20450.6 13840
223 22033.1 21775.6 13 20450.6 5495 20450.6 13881
224 22033.1 21905.9 38 20803.6 5383 20450.6 9551
225 22033.1 21476.8 12 20450.6 5699 20450.6 11102
226 22033.1 21673.4 26 20700.4 4763 20450.6 12353
227 22033.1 21887 24 20803.6 4046 20450.6 9799
228 22033.1 21861.7 27 20803.6 6535 20450.6 10063
229 22033.1 21604.5 21 20450.6 6870 20450.6 10645
230 22033.1 21880.7 62 20450.6 7403 20450.6 13897
231 22033.1 21638.2 21 20450.6 7964 20450.6 15349
232 22033.1 21084.7 12 21020.9 4816 20450.6 9502
233 22033.1 21523.7 36 21026.6 5960 20450.6 10844
234 22033.1 21224.6 16 21026.6 7292 20450.6 10170
235 22033.1 21432.7 45 20450.6 5386 20450.6 10372
236 22033.1 21625.5 25 20700.4 4606 20450.6 12016
237 22033.1 21325.4 11 20803.6 5125 20450.6 13625
238 22033.1 21937.4 11 20700.4 4918 20450.6 11978
239 22033.1 21933.9 21 20450.6 5119 20450.6 13610
240 22033.1 21582.9 19 20803.6 4708 20450.6 10028
241 22033.1 21953.5 57 20450.6 6610 20450.6 10644
242 22033.1 22006.5 7 20450.6 6078 20450.6 10016
243 22033.1 21768.2 6 20700.4 4593 20450.6 11957
244 22033.1 21955.8 49 20450.6 4775 20450.6 11798
245 22033.1 21848.2 19 20450.6 5116 20450.6 10143
246 22033.1 21844.6 7 20450.6 5421 20450.6 12574
247 22033.1 21835.6 64 20450.6 5704 20450.6 11742
248 22033.1 21414.3 17 20700.4 5293 20450.6 8805
249 22033.1 22014.9 49 20450.6 5876 20450.6 11620
250 22033.1 21845.7 59 20803.6 4752 20450.6 12732
251 22033.1 21948.5 6 20700.4 4503 20450.6 10660
252 22033.1 21959.4 34 20450.6 5666 20450.6 11961
253 22033.1 21555.1 35 20450.6 7289 20450.6 15982
254 22033.1 21856.4 46 20803.6 7362 20450.6 16730
255 22033.1 21694.5 22 20700.4 7613 20450.6 15685
256 22033.1 21795.3 26 20450.6 7472 20450.6 11857
257 22033.1 21977.3 11 20803.6 7186 20450.6 12893
258 22033.1 21955.8 7 20450.6 5229 20450.6 15853
259 22033.1 21906.8 106 20700.4 8556 20450.6 15770
260 22033.1 21396.5 13 20450.6 4766 20450.6 11782
261 22033.1 21694.5 48 20450.6 5216 20450.6 10530
262 22033.1 21998.3 33 20700.4 5990 20450.6 11287
263 22033.1 21837.6 16 20700.4 7492 20450.6 16016
264 22033.1 21937.7 55 20450.6 4863 20450.6 10833
265 22033.1 22021.6 10 20450.6 6963 20450.6 10542
266 22033.1 21664.1 17 20450.6 5387 20450.6 11553
267 22033.1 22028.1 25 20450.6 6265 20450.6 10077
268 22033.1 21998.3 21 20450.6 5129 20450.6 10828
269 22033.1 21419.8 11 20450.6 4275 20450.6 10646
270 22033.1 21856.4 14 20700.4 4781 20450.6 10963
271 22033.1 22023.2 20 20899.2 5789 20450.6 10556
272 22033.1 21957.7 26 20450.6 6105 20450.6 8988
273 22033.1 21979.6 11 20803.6 4848 20450.6 12249
274 22033.1 21860.6 6 20450.6 4665 20450.6 11002
275 22033.1 21419.8 64 20803.6 3962 20450.6 9144
276 22033.1 21875.5 31 20700.4 6329 20450.6 10882
277 22033.1 21954.8 51 20899.2 5531 20450.6 12625
278 22033.1 22028.4 26 20700.4 3960 20450.6 14348
279 22033.1 22007.4 48 20450.6 4942 20450.6 16840
280 22033.1 22023.5 48 20700.4 4968 20450.6 9376
281 22033.1 21966 21 20700.4 4645 20450.6 11978
282 22033.1 21904.6 12 20700.4 5376 20450.6 11404
283 22033.1 21452.3 14 20803.6 5045 20450.6 9714
284 22033.1 21802.6 23 20450.6 7097 20450.6 9763
285 22033.1 21414.3 19 20450.6 7018 20450.6 9650
286 22033.1 21740.5 6 20450.6 4960 20450.6 10863
287 22033.1 21998.3 26 20450.6 4993 20450.6 11367
288 22033.1 21284 22 20803.6 4907 20450.6 10724
289 22033.1 21979.5 6 20700.4 4751 20450.6 10790
290 22033.1 21720.1 11 20450.6 4765 20450.6 10497
291 22033.1 21976.6 23 20700.4 5440 20450.6 9884
292 22033.1 21523.7 11 20450.6 4985 20450.6 10592
293 22033.1 21876 7 20450.6 6465 20450.6 9911
294 22033.1 21936.4 6 20450.6 5114 20450.6 9583
295 22033.1 21868.8 21 20450.6 4851 20450.6 12444
296 21834 21686.8 46 20352 4640 19676 11126
297 21834 20539.1 110 20352 4814 19676 9251
298 21834 21826.2 6 20052.5 4620 19676 11686
299 21834 21323.4 19 19676 4831 19676 12042
300 21834 21687.4 12 20052.5 4479 19676 8791
301 21834 21757.1 12 19676 5650 19676 10741
302 21834 21629 11 20052.5 5218 19676 12432
303 21834 21752.9 68 20052.5 4818 19676 9828
304 21834 21641.3 36 20052.5 6831 19676 10768
305 21834 21139.7 35 19676 6389 19676 10871
306 21834 20052.5 16 19676 3970 19676 11128
307 21834 21792.5 41 19676 5334 19676 9896
308 21834 21224.8 25 19676 5831 19676 9693
309 21834 21705.5 11 20434.7 4524 19676 11778
310 21834 21801 59 19676 4770 19676 11772
311 21834 21514.9 17 20052.5 4952 19676 9874
312 21834 21629 12 19676 5177 19676 11273
313 21834 21514.9 6 19676 7399 19676 16029
314 21834 21626.7 26 19676 7294 19676 14928
315 21834 21502.6 71 19676 8550 19676 14247
316 21834 21820.6 55 20052.5 5253 19676 10185
317 21834 21698.8 7 20764.2 5816 19676 11307
318 21834 21441.6 22 19676 4842 19676 12570
319 21834 21517.9 21 19676 4566 19676 10043
320 21834 21792.6 37 19676 5938 19676 10731
321 21834 21653.2 132 19676 6486 19676 10605
322 21834 21445.6 21 20052.5 4395 19676 11265
323 21834 21574.5 11 19676 4159 19676 10633
324 21834 21434.5 16 19676 4617 19676 9652
325 21834 20960.7 6 19676 5671 19676 9942
326 21834 21626.6 21 19676 6362 19676 9936
327 21834 21692.1 12 19676 4612 19676 9996
328 21834 21387.3 7 19676 5099 19676 12158
329 21834 21761.3 21 19676 5290 19676 10708
330 21834 21726 31 20052.5 4691 19676 9674
331 21834 21686.8 6 20052.5 4578 19676 12753
332 21834 21755.3 21 19676 4619 19676 11817
333 21834 20945.1 8 19676 4826 19676 8723
334 21834 21737.8 31 20052.5 4927 19676 12469
335 21834 21715.7 16 19676 4593 19676 12651
336 21834 21706.5 27 19676 4436 19676 9458
337 21834 21782.2 7 19676 6408 19676 10158
338 21834 21324.2 36 20052.5 5553 19676 11049
339 21834 21514.9 7 19676 3942 19676 11086
340 21834 21603.3 11 20352 5784 19676 9684
341 21834 21603.3 35 20052.5 6187 19676 9093
342 21834 21752.4 6 19676 4092 19676 10293
343 21834 21748.2 26 19676 5074 19676 11002
344 21834 21139.7 86 19676 6264 19676 10910
345 21834 21481.4 25 19676 4276 19676 10392
346 21834 21727.8 16 20434.7 4983 19676 11430
347 21834 21305.6 54 20434.7 4998 19676 10762
348 21834 21760.4 12 19676 6001 19676 10936
349 21834 21524.4 6 20052.5 6264 19676 10383
350 21834 21699.3 22 20539.1 4517 19676 11518
351 21834 21139.7 6 20052.5 4768 19676 12991
352 21834 21705.5 108 20434.7 4709 19676 12662
353 21834 21656.8 9 20052.5 4646 19676 9038
354 21834 21551.6 7 19676 5659 19676 11084
355 21834 21803.5 62 19676 6110 19676 10662
356 21834 21803.5 20 20352 3894 19676 12543
357 21834 21698.8 17 19676 5150 19676 13259
358 21834 21796.2 136 19676 5184 19676 11423
359 21834 21563.8 34 20052.5 4727 19676 12570
360 21834 21752.9 76 19676 7566 19676 13041
361 21834 21733.9 17 20352 4468 19676 11662
362 21834 21782.2 32 20052.5 4622 19676 11495
363 21834 21305.6 12 20052.5 7159 19676 10716
364 21834 21739.4 54 20052.5 7737 19676 13550
365 21834 21767.3 15 20052.5 7793 19676 13710
366 21834 21705.5 61 20352 4588 19676 9201
367 21834 21765.7 79 20434.7 7251 19676 12883
368 21834 21542.4 18 19676 4588 19676 10365
369 21834 21596.6 18 20352 8161 19676 12624
370 21834 21760.1 32 19676 4844 19676 11928
371 21834 21795.2 17 19676 4846 19676 9457
372 21834 21589 11 20052.5 5667 19676 10963
373 21834 21384.2 68 19676 7174 19676 9904
374 21834 21830.2 21 19676 4967 19676 11377
375 21834 21653.2 41 19676 4787 19676 10737
376 21834 21796.2 27 19676 4726 19676 10294
377 21834 21737.9 7 20352 6142 19676 11814
378 21834 21469.1 27 19676 6528 19676 10286
379 21834 21709.8 72 20558.1 5955 19676 9381
380 21834 21206.6 78 19676 6339 19676 12880
381 21834 21724.7 61 20352 5937 19676 13137
382 21834 21792.5 12 19676 4245 19676 9903
383 21834 21679.9 88 20052.5 5697 19676 10677
384 21834 20052.5 50 20434.7 6968 19676 9506
385 21834 21533.6 17 19676 6515 19676 12431
386 21834 21790.3 17 20352 5813 19676 10090
387 21834 21224.8 7 19676 4515 19676 9147
388 21834 21305.6 12 20052.5 6717 19676 11355
389 21834 21698.8 26 20558.1 6240 19676 10724
390 21834 21810.9 38 20052.5 4269 19676 13564
391 21834 21822.5 52 19676 5302 19676 10986
392 21834 21803.5 59 20052.5 5280 19676 11078
393 21834 21746.1 39 20434.7 5958 19676 16192
394 21834 21822.5 69 20352 6102 19676 16229
395 21834 21791.4 61 20352 5169 19676 10428
396 21834 21790.3 17 19676 6552 19676 11454
397 21834 21434.5 39 20052.5 7662 19676 12999
398 21834 21727.8 148 20052.5 7839 19676 12435
399 21834 21653.2 28 20052.5 6653 19676 11537
400 21834 21384.2 75 20052.5 4330 19676 12901
401 21834 21816.1 25 20352 5181 19676 13927
402 21834 21514.9 35 19676 4826 19676 9901
403 21834 21739.7 11 20052.5 7664 19676 15125
404 21834 21551.6 50 19676 5060 19676 11271
405 21834 21620.8 45 19676 6178 19676 9897
406 21834 21596.6 16 19676 5323 19676 12525
407 21834 21597.2 12 20352 4944 19676 12548
408 21834 21761.3 60 19676 4542 19676 9837
409 21834 21089.7 57 19676 5805 19676 11103
410 21834 21787.9 7 20052.5 6959 19676 10627
411 21834 21826.2 32 20539.1 5534 19676 11139
412 21834 21787.9 21 19676 4760 19676 11947
413 21834 21742.1 35 19676 5048 19676 10773
414 21834 21791.4 11 20352 4733 19676 12635
415 21834 21620.6 17 20052.5 7618 19676 13874
416 21834 21542.5 104 19676 5265 19676 10324
417 21834 21533.6 7 19676 6327 19676 10726
418 21834 21446.9 36 20052.5 6118 19676 10501
419 21834 20352 6 19676 4260 19676 14126
420 21834 21407.8 26 19676 4624 19676 15424
421 21834 21257.6 17 19676 4769 19676 10014
422 21834 21787.9 79 20434.7 6590 19676 10801
423 21834 21724.7 36 19676 7571 19676 11187
424 21834 21388.3 46 19676 4960 19676 10729
425 21834 20945.1 14 19676 5878 19676 12193
426 21834 21782.7 61 20052.5 4764 19676 9906
427 21834 20981.3 16 20352 6388 19676 10081
428 21834 21757.1 43 20052.5 4983 19676 11295
429 21834 21721.9 18 19676 5195 19676 10854
430 21834 21828 67 19676 6792 19676 12034
431 21834 21737.9 32 19676 8286 19676 12425
432 21834 21664.9 41 19676 5058 19676 11359
433 21834 21200.2 50 19676 7198 19676 12126
434 21834 21796.2 63 19676 5944 19676 10557
435 21834 20764.2 12 19676 7833 19676 14187
436 21834 21401.1 14 19676 7797 19676 14566
437 21834 21803.5 36 20352 4634 19676 10102
438 21834 21767.3 12 19676 6172 19676 10143
439 21834 21803.3 40 20052.5 4775 19676 11594
440 21834 21752.4 11 20352 4105 19676 10028
441 21834 21819.2 6 19676 5309 19676 10425
442 21834 21698.8 21 19676 7089 19676 9158
443 21834 21469.1 11 20352 6244 19676 10099
444 21834 21576.9 7 20052.5 4638 19676 16316
445 21834 21194.4 12 20052.5 4607 19676 8970
446 21834 21664.9 16 20434.7 6693 19676 10777
447 21834 21831.7 17 19676 6950 19676 12257
448 21834 21653.2 31 20352 4704 19676 11524
449 21834 21653.2 57 19676 5674 19676 13026
450 21834 21803.5 18 19676 6207 19676 10735
451 21834 21785.1 21 19676 5585 19676 15555
452 21834 21709.8 47 20052.5 5345 19676 10362
453 21834 21763.3 16 19676 5792 19676 9844
454 21834 21662.1 11 19676 4730 19676 12663
455 21834 21705.5 11 20052.5 6337 19676 15500
456 21834 21387.3 11 19676 3981 19676 11683
457 21834 21626.6 6 20434.7 4655 19676 11678
458 21834 21338.2 34 19676 4588 19676 10813
459 21834 21258.5 12 20052.5 7084 19676 12492
460 21834 21692.1 52 20052.5 5489 19676 9973
461 21834 21830.2 31 19676 4500 19676 9348
462 21834 21388.3 26 20052.5 4567 19676 11894
463 21834 21384.2 27 19676 6024 19676 11241
464 21834 21696.4 7 19676 4898 19676 10006
465 21834 21802.4 7 19676 4596 19676 11612
466 21834 21139.7 35 19676 4968 19676 11549
467 21834 21831.6 26 19676 4378 19676 8413
468 21834 21323.4 49 20539.1 4865 19676 10978
469 21834 21747.6 23 20052.5 4826 19676 11827
470 21834 21205.9 43 19676 4997 19676 9914
471 21834 21816.8 68 19676 5570 19676 10178
472 21834 21611.7 50 19676 4625 19676 12381
473 21834 21543.8 64 20052.5 4552 19676 12803
474 21834 21471.7 56 20434.7 6658 19676 14261
475 21834 21690.5 19 20352 8224 19676 16728
476 21834 21553.7 30 19676 4924 19676 10845
477 21834 21791.8 11 20434.7 5309 19676 9788
478 21834 21648.8 7 19676 6447 19676 15738
479 21834 21823.9 10 19676 5734 19676 9947
480 21834 21646.5 54 20052.5 4609 19676 11678
481 21834 21806.8 13 19676 4678 19676 11948
482 21834 20539.1 152 20052.5 4448 19676 8680
483 21834 21596.4 24 19676 5419 19676 10397
484 21834 21806.8 31 19676 4582 19676 12669
485 21834 21575.6 17 19676 4308 19676 12277
486 21834 21831.7 113 20539.1 5918 19676 11527
487 21834 21742.1 20 20352 6194 19676 11299
488 21834 21752.9 79 20352 5243 19676 15264
489 21834 21745.7 7 19676 4698 19676 11398
490 21834 21806.3 15 20352 5196 19676 10162
491 21834 21609.9 6 19676 5510 19676 12605
492 21834 21634.7 59 19676 5033 19676 12194
493 21834 21704.4 23 20434.7 4123 19676 12197
494 21834 21517.8 38 19676 6188 19676 10277
495 21834 21200.2 16 20052.5 5598 19676 11247
496 21834 21446.2 21 19676 4718 19676 9984
497 21834 21323.4 40 19676 4765 19676 11440
498 21834 21434.5 28 19676 4596 19676 9804
499 21834 21782.2 46 19676 5225 19676 11391
500 21834 21775.1 12 19676 4888 19676 11739
501 21834 21624 49 19676 4524 19676 9737
502 21834 21816.9 25 20052.5 4850 19676 11431
503 21834 21553.7 16 19676 5241 19676 11200
504 21834 21692.1 40 20052.5 4278 19676 9591
505 21834 21731.8 27 19676 6458 19676 10791
506 21834 21553.7 16 20052.5 6105 19676 13940
507 21834 21792.5 89 19676 4388 19676 10641
508 21834 21553.7 18 19676 4672 19676 11467
509 21834 21710.3 51 20052.5 5679 19676 9621
510 21834 21767.3 45 20052.5 5709 19676 10161
511 21834 21819.2 44 20052.5 4856 19676 10922
512 21834 21446.9 9 20352 4181 19676 10776
513 21834 21787.9 45 19676 5089 19676 11505
514 21834 21733.9 33 20352 5376 19676 11665
515 21834 21491 89 19676 4981 19676 9277
516 21834 20434.7 35 20352 5192 19676 12501
517 21834 21305.6 25 19676 6130 19676 11445
518 21834 21331.8 7 19676 5642 19676 11218
519 21834 21798.9 49 19676 5496 19676 10638
520 21834 21603.3 73 20352 6459 19676 9797
521 21834 21446.9 6 19676 3909 19676 10913
522 21834 21502.6 12 19676 4896 19676 13712
523 21834 21787.7 20 19676 5200 19676 9513
524 21834 21787.9 11 19676 6568 19676 12620
525 21834 21308.9 11 19676 7385 19676 14669
526 21834 21611.7 22 20352 4632 19676 9333
527 21834 21413.7 11 20434.7 6502 19676 10256
528 21834 21611.7 11 19676 4733 19676 8919
529 21834 21401.1 7 20539.1 5344 19676 9902
530 21834 21415.1 28 20352 5171 19676 10460
531 21834 21831.7 18 20352 4939 19676 10542
532 21834 21596.6 24 20434.7 4727 19676 10612
533 21834 20846.1 14 19676 4345 19676 9989
534 21834 21609.9 21 20052.5 4637 19676 10284
535 21834 21387.3 14 19676 4846 19676 9824
536 21834 21806.8 45 19676 4086 19676 9995
537 21834 21808.9 39 19676 4894 19676 10419
538 21834 21726 25 19676 5261 19676 9779
539 21834 21771.1 31 20352 4725 19676 9832
540 21834 21765.6 103 19676 4980 19676 9607
541 21834 19676 9 19676 7239 19676 11164
542 21834 21740.1 35 20352 4661 19676 10674
543 21834 21213.8 131 19676 4841 19676 9129
544 21834 21796.2 6 19676 5114 19676 10768
545 21834 21806.8 33 20352 7173 19676 13420
546 21834 21699.3 16 19676 5710 19676 9980
547 21834 21533.6 130 19676 5413 19676 11690
548 21834 21751.7 20 20052.5 4589 19676 12384
549 21834 21731.4 21 20052.5 3875 19676 9163
550 21834 21596.6 6 20352 5267 19676 10788
551 21834 21787.9 54 20052.5 4623 19676 11779
552 21834 21413.7 7 19676 5318 19676 9250
553 21834 20052.5 27 20539.1 5351 19676 9345
554 21834 21609.9 45 20352 5383 19676 11779
555 21834 21682 7 20052.5 4355 19676 11564
556 21834 21748.2 30 20052.5 4699 19676 9616
557 21834 21692.1 21 20052.5 7315 19676 9954
558 21834 21812.3 71 19676 5545 19676 10012
559 21834 21641.3 21 19676 4928 19676 10447
560 21834 21831.2 35 20434.7 5504 19676 8863
561 21834 21760.9 16 20352 5097 19676 10293
562 21834 21629 7 20434.7 5095 19676 10760
563 21834 21656.8 19 19676 5414 19676 10738
564 21834 21618.9 21 20052.5 4638 19676 12677
565 21834 21544.7 12 20352 4879 19676 11818
566 21834 21224.8 24 19676 4460 19676 9339
567 21834 21765.6 19 20052.5 5659 19676 12222
568 21834 21416.5 16 19676 4613 19676 11940
569 21834 21517.9 7 20052.5 4022 19676 9396
570 21834 21705.4 24 19676 5995 19676 10256
571 21834 21576.9 25 20352 4955 19676 11192
572 21834 21620.6 22 19676 5562 19676 10551
573 21834 21815.2 43 19676 6248 19676 10155
574 21834 21434.5 44 20052.5 6765 19676 10140
575 21834 21790.9 25 19676 4690 19676 10397
576 21834 20352 16 20352 3919 19676 9711
577 21834 21641.3 9 20052.5 4585 19676 10073
578 21834 21822.5 11 19676 5721 19676 9893
579 21834 21459.5 25 19676 4943 19676 10436
580 21834 21626.7 16 20352 4980 19676 9875
581 21834 21626.6 7 19676 4648 19676 10353
582 21834 20539.1 12 19676 5034 19676 10035
583 21834 20846.1 15 19676 4466 19676 9789
584 21834 21820.6 14 19676 4946 19676 9993
585 21834 21779.9 21 19676 4839 19676 15920
586 21834 21816.7 7 20052.5 4474 19676 9696
587 21834 21550.4 35 19676 6425 19676 12398
588 21834 21640.2 67 20052.5 6713 19676 11839
589 21834 21747.6 13 19676 4161 19676 11398
590 21834 21401.1 20 20052.5 5389 19676 11835
591 21834 21692.1 30 19676 6694 19676 10317
592 21834 21120.3 45 19676 7272 19676 11547
593 21834 21771.1 29 19676 6884 19676 14476
594 21834 21765.9 11 20352 4510 19676 9563
595 21834 21635.3 46 19676 8355 19676 12041
596 21834 21791.8 119 19676 5581 19676 9819
597 21834 21120.3 16 19676 6013 19676 14577
598 21834 21809.8 6 20052.5 7181 19676 14521
599 21834 20539.1 6 19676 4891 19676 9331
600 21834 21752.4 11 20558.1 5976 19676 13585
601 21834 21724.7 22 20352 6625 19676 12231
602 21834 21698.8 16 20558.1 6961 19676 12344
603 21834 21830.2 124 19676 8373 19676 13573
604 21834 21705.4 6 20052.5 4737 19676 11838
605 21834 21662.1 21 19676 8334 19676 17571
606 21834 21388.3 31 20539.1 5023 19676 10506
607 21834 21756.7 11 19676 5279 19676 12138
608 21834 21011.1 43 20052.5 5852 19676 10531
609 21834 21620.6 7 19676 4585 19676 10174
610 21834 21727.8 12 20052.5 5507 19676 9938
611 21834 20764.2 35 19676 5677 19676 10453
612 21834 21806.3 11 20052.5 3835 19676 9963
613 21834 20539.1 73 20052.5 4965 19676 10201
614 21834 21815.9 30 20052.5 5473 19676 10753
615 21834 21816.1 20 19676 4233 19676 9912
616 21834 21514.9 26 20352 4237 19676 9558
617 21834 21795.2 21 20352 5988 19676 10475
618 21834 21073.7 26 19676 3950 19676 10338
619 21834 21798.9 25 19676 5392 19676 10471
620 21834 21819.2 22 19676 6895 19676 12318
621 21834 21200.2 68 20558.1 5014 19676 9836
622 21834 21775.1 31 20052.5 4310 19676 9914
623 21834 21651.8 25 19676 4809 19676 9849
624 21834 21715.7 22 19676 4954 19676 10001
625 21834 21831.7 13 19676 4650 19676 9955
626 21834 21768.3 45 19676 6329 19676 9161
627 21834 21700.9 28 19676 6688 19676 13521
628 21834 21657.5 7 20352 5828 19676 14614
629 21783.8 21681.7 6 20158.5 4104 20158.5 12513
630 21783.8 21664.4 13 20158.5 4665 20158.5 15309
631 21783.8 21579.7 31 20158.5 4622 20158.5 10467
632 21783.8 21730.8 46 20327.5 6069 20158.5 12833
633 21783.8 21773.3 18 20327.5 6583 20158.5 12880
634 21783.8 21500.2 31 20158.5 4590 20158.5 13832
635 21783.8 20842.2 6 20327.5 4221 20158.5 12882
636 21783.8 21360.1 12 20327.5 4385 20158.5 10266
637 21783.8 21720.2 72 20158.5 8043 20158.5 15225
638 21783.8 21126.6 12 20158.5 5101 20158.5 11616
639 21783.8 21348.3 24 20327.5 5104 20158.5 10690
640 21783.8 21117.2 26 20327.5 4981 20158.5 11948
641 21783.8 21585 28 20494.5 7236 20158.5 11735
642 21783.8 21307.4 6 20510 4422 20158.5 10424
643 21783.8 21652.3 40 20327.5 4852 20158.5 13458
644 21783.8 21518.3 45 20494.5 6466 20158.5 10179
645 21783.8 21613.9 26 20327.5 7003 20158.5 11105
646 21783.8 21585 26 20158.5 7276 20158.5 12156
647 21783.8 21319.7 29 20604 5214 20158.5 16190
648 21783.8 21402.5 49 20158.5 7392 20158.5 16197
649 21783.8 21033.8 21 20158.5 4887 20158.5 10503
650 21783.8 21671.5 11 20327.5 7291 20158.5 12594
651 21783.8 21693.1 65 20327.5 5041 20158.5 9681
652 21783.8 21420.4 42 20158.5 8069 20158.5 13715
653 21783.8 21751.8 74 20494.5 7592 20158.5 14080
654 21783.8 21000 7 20327.5 4710 20158.5 9627
655 21783.8 21461.5 45 20158.5 4747 20158.5 13222
656 21783.8 21369.1 90 20158.5 4992 20158.5 9325
657 21783.8 21646.8 23 20327.5 7868 20158.5 16201
658 21783.8 21658.8 22 20158.5 6710 20158.5 14406
659 21783.8 21675.3 11 20327.5 4759 20158.5 13510
660 21783.8 21597.5 15 20158.5 5069 20158.5 13232
661 21783.8 21689.2 7 20158.5 4520 20158.5 10044
662 21783.8 21781.4 16 20158.5 7313 20158.5 12141
663 21783.8 21487.1 29 20158.5 7325 20158.5 12782
664 21783.8 21715.3 6 20327.5 4304 20158.5 14252
665 21783.8 21676.1 29 20327.5 4556 20158.5 13946
666 21783.8 21720.2 31 20158.5 6020 20158.5 16468
667 21783.8 21470.3 80 20158.5 6061 20158.5 10903
668 21783.8 21692.5 51 20494.5 7365 20158.5 15762
669 21783.8 21605.3 50 20158.5 4572 20158.5 15251
670 21783.8 21332.7 35 20158.5 5013 20158.5 13320
671 21783.8 21745.4 11 20327.5 3916 20158.5 10637
672 21783.8 21626.9 17 20158.5 5132 20158.5 10570
673 21783.8 21112.1 9 20158.5 6553 20158.5 10403
674 21783.8 21607.9 7 20158.5 5071 20158.5 10285
675 21783.8 21501.3 7 20327.5 4567 20158.5 11983
676 21783.8 21713.9 12 20327.5 5115 20158.5 9974
677 21783.8 21761.7 11 20327.5 5695 20158.5 11894
678 21783.8 21780.1 25 20604 7937 20158.5 11411
679 21783.8 21007.4 21 20158.5 4736 20158.5 9455
680 21783.8 21633.4 21 20158.5 5011 20158.5 12157
681 21783.8 21757.3 58 20327.5 4824 20158.5 12334
682 21783.8 21754.4 26 20327.5 4427 20158.5 10571
683 21783.8 21681.7 54 20327.5 6600 20158.5 11544
684 21783.8 21669.1 48 20158.5 6419 20158.5 10650
685 21783.8 21454.4 16 20158.5 6538 20158.5 11940
686 21783.8 21633.4 20 20158.5 7287 20158.5 13443
687 21783.8 20702.5 12 20327.5 4296 20158.5 10394
688 21783.8 21780.6 17 20158.5 5359 20158.5 12050
689 21783.8 21675.3 13 20494.5 5021 20158.5 10421
690 21783.8 21231.1 32 20327.5 4907 20158.5 10597
691 21783.8 21066.5 7 20327.5 5178 20158.5 10387
692 21783.8 20738.5 36 20158.5 4891 20158.5 10117
693 21783.8 21322.6 16 20158.5 4704 20158.5 12561
694 21783.8 21416.7 34 20494.5 8195 20158.5 13550
695 21783.8 21730.8 17 20158.5 4632 20158.5 10698
696 21783.8 21691.5 15 20158.5 5079 20158.5 11266
697 21783.8 21461.9 44 20158.5 5953 20158.5 11410
698 21783.8 20894.4 30 20158.5 4529 20158.5 10728
699 21783.8 20494.5 46 20494.5 5219 20158.5 11100
700 21783.8 21738.3 76 20158.5 4655 20158.5 14111
701 21783.8 21703.2 21 20327.5 5004 20158.5 10510
702 21783.8 21619.2 7 20158.5 4851 20158.5 10547
703 21783.8 21713.9 17 20158.5 4570 20158.5 9389
704 21783.8 21380.6 26 20738.5 4782 20158.5 11588
705 21783.8 21733.2 16 20158.5 4851 20158.5 11051
706 21783.8 21675.3 16 20494.5 4767 20158.5 10528
707 21783.8 21714 20 20494.5 6691 20158.5 10989
708 21783.8 21763.3 50 20158.5 5768 20158.5 10674
709 21783.8 21671.2 30 20158.5 4717 20158.5 14735
710 21783.8 20158.5 69 20158.5 4795 20158.5 15911
711 21783.8 20908.9 26 20327.5 4787 20158.5 9686
712 21783.8 21757.3 40 20327.5 4777 20158.5 12509
713 21783.8 21712.3 26 20327.5 4837 20158.5 12025
714 21783.8 21781.4 17 20158.5 4770 20158.5 9662
715 21783.8 21750.4 12 20327.5 5716 20158.5 10747
716 21783.8 21596.5 21 20510 4795 20158.5 11929
717 21783.8 21394.7 6 20494.5 5182 20158.5 9908
718 21783.8 21618.4 91 20494.5 5467 20158.5 10742
719 21783.8 21752.3 16 20158.5 5512 20158.5 10759
720 21783.8 21690 56 20327.5 4854 20158.5 10638
721 21783.8 21736.2 29 20158.5 6556 20158.5 14383
722 21783.8 21689.2 11 20510 4817 20158.5 10382
723 21783.8 21461.5 12 20158.5 7259 20158.5 10955
724 21783.8 21448.1 12 20158.5 5705 20158.5 12991
725 21783.8 21461.5 16 20158.5 4813 20158.5 10386
726 21783.8 21673.8 11 20158.5 4728 20158.5 10401
727 21783.8 21664.4 36 20158.5 5840 20158.5 10593
728 21783.8 20158.5 113 20650 4935 20158.5 10546
729 21783.8 21758.1 16 20158.5 5202 20158.5 10418
730 21783.8 21332.7 7 20158.5 5007 20158.5 10227
731 21783.8 21756.8 7 20327.5 4699 20158.5 11770
732 21783.8 21618.4 11 20158.5 4934 20158.5 11556
733 21783.8 21730.8 50 20158.5 4819 20158.5 10682
734 21783.8 21043.8 7 20158.5 4712 20158.5 11699
735 21783.8 21380.6 29 20158.5 4869 20158.5 11531
736 21783.8 21402.5 7 20327.5 4169 20158.5 10047
737 21783.8 21652.6 23 20158.5 8030 20158.5 12646
738 21783.8 21650.1 36 20604 6931 20158.5 11224
739 21783.8 21713.9 22 20158.5 4918 20158.5 12514
740 21783.8 21629.8 21 20494.5 6604 20158.5 13437
741 21783.8 21644.4 12 20158.5 4666 20158.5 10012
742 21783.8 21295.9 6 20327.5 7128 20158.5 11694
743 21783.8 21722 6 20158.5 7638 20158.5 10074
744 21783.8 21523.9 16 20158.5 5916 20158.5 10734
745 21783.8 21429.1 17 20604 4814 20158.5 11329
746 21783.8 21394.7 29 20327.5 5747 20158.5 10083
747 21783.8 21590 13 20158.5 6357 20158.5 11721
748 21783.8 21505.7 11 20158.5 8512 20158.5 14568
749 21783.8 20494.5 29 20158.5 4548 20158.5 11762
750 21783.8 21761.7 12 20510 4709 20158.5 13613
751 21783.8 20158.5 19 20158.5 4889 20158.5 10385
752 21783.8 21564.7 21 20158.5 6351 20158.5 15540
753 21783.8 21605.3 28 20494.5 6406 20158.5 12731
754 21783.8 21334.8 21 20158.5 5299 20158.5 16686
755 21783.8 21493.5 13 20158.5 7039 20158.5 16726
756 21783.8 21579.7 50 20158.5 5283 20158.5 12739
757 21783.8 21733.6 15 20158.5 4814 20158.5 16037
758 21783.8 21252.7 14 20158.5 4721 20158.5 12113
759 21783.8 21117.2 31 20158.5 4865 20158.5 11805
760 21783.8 21656.7 18 20327.5 4804 20158.5 11136
761 21783.8 21000 11 20327.5 5067 20158.5 10290
762 21783.8 21685.2 10 20494.5 4831 20158.5 10831
763 21783.8 21650.1 11 20604 4752 20158.5 11546
764 21783.8 21772.8 32 20158.5 4653 20158.5 11314
765 21783.8 21621.6 24 20158.5 6496 20158.5 10463
766 21783.8 21674.1 16 20494.5 5380 20158.5 10122
767 21783.8 21778.5 83 20158.5 8457 20158.5 15486
768 21783.8 21231.1 7 20158.5 5382 20158.5 11913
769 21783.8 21609.9 60 20158.5 4736 20158.5 11351
770 21783.8 21669.1 48 20158.5 5765 20158.5 11633
771 21783.8 21647.8 11 20158.5 4866 20158.5 10758
772 21783.8 21319.7 30 20158.5 5005 20158.5 10335
773 21783.8 20936.8 16 20158.5 4781 20158.5 10877
774 21783.8 21259.8 10 20158.5 4879 20158.5 10500
775 21783.8 21459 51 20158.5 5034 20158.5 10675
776 21783.8 21709.3 20 20158.5 4803 20158.5 10059
777 21783.8 20494.5 11 20510 5723 20158.5 11866
778 21783.8 21160.3 14 20158.5 5791 20158.5 11890
779 21783.8 21533.6 20 20327.5 4861 20158.5 10283
780 21783.8 21712.4 16 20158.5 5874 20158.5 13234
781 21783.8 20948.1 19 20158.5 6106 20158.5 10651
782 21783.8 21697.3 11 20327.5 6617 20158.5 15344
783 21783.8 21493.5 52 20158.5 8398 20158.5 13641
784 21783.8 21724.3 42 20327.5 5143 20158.5 10015
785 21783.8 21307.4 6 20158.5 6061 20158.5 10521
786 21783.8 20327.5 6 20158.5 4708 20158.5 12157
787 21783.8 21604.3 11 20158.5 4945 20158.5 10213
788 21783.8 21733 20 20158.5 5175 20158.5 13017
789 21783.8 21603.5 10 20494.5 7083 20158.5 10847
790 21783.8 21756.1 26 20158.5 4809 20158.5 10867
791 21783.8 21659.2 8 20327.5 4962 20158.5 10499
792 21783.8 21763.3 12 20158.5 4486 20158.5 10252
793 21783.8 21693.1 10 20158.5 6980 20158.5 12163
794 21783.8 21676.1 36 20158.5 6352 20158.5 10900
795 21783.8 21674.1 6 20158.5 5532 20158.5 14016
796 21783.8 21568.4 94 20494.5 4800 20158.5 10903
797 21783.8 21750 19 20494.5 4819 20158.5 10020
798 21783.8 20894.4 62 20327.5 4892 20158.5 11986
799 21783.8 21585 78 20327.5 4948 20158.5 12094
800 21783.8 21505.7 13 20158.5 5149 20158.5 9994
801 21783.8 21231.1 19 20158.5 5997 20158.5 11063
802 21783.8 21720.2 26 20158.5 5916 20158.5 11225
803 21783.8 21624.9 40 20327.5 4431 20158.5 13716
804 21783.8 21659.2 11 20327.5 4295 20158.5 13224
805 21783.8 21641.9 11 20158.5 3919 20158.5 9530
806 21783.8 21000 38 20158.5 7042 20158.5 14275
807 21783.8 21322.6 20 20494.5 7303 20158.5 12071
808 21783.8 20886.9 6 20327.5 3880 20158.5 8504
809 21783.8 21448.1 51 20327.5 6710 20158.5 10727
810 21783.8 21579.7 29 20327.5 6858 20158.5 10139
811 21783.8 20886.9 59 20158.5 4178 20158.5 15347
812 21783.8 21287 40 20327.5 4620 20158.5 14252
813 21783.8 21198.9 7 20510 4603 20158.5 9325
814 21783.8 21759.2 11 20327.5 7384 20158.5 14541
815 21783.8 21591.7 29 20327.5 7691 20158.5 11789
816 21783.8 21512 6 20158.5 4110 20158.5 13275
817 21783.8 21252.7 11 20158.5 4480 20158.5 13764
818 21783.8 21399.1 26 20158.5 4216 20158.5 9363
819 21783.8 21690 63 20158.5 7593 20158.5 13313
820 21783.8 21690 11 20158.5 4688 20158.5 10926
821 21783.8 21778.5 13 20494.5 4654 20158.5 9684
822 21783.8 21609.9 40 20327.5 4844 20158.5 11834
823 21783.8 21615.8 28 20158.5 4662 20158.5 11219
824 21783.8 21562.3 9 20494.5 4479 20158.5 8786
825 21783.8 21754.4 87 20327.5 4648 20158.5 11336
826 21783.8 21590.5 7 20158.5 5057 20158.5 11252
827 21783.8 21769.9 11 20494.5 4326 20158.5 8780
828 21783.8 21734 40 20604 4589 20158.5 11215
829 21783.8 21781.4 82 20158.5 4996 20158.5 11113
830 21783.8 21295.6 16 20327.5 4068 20158.5 9277
831 21783.8 21517 14 20327.5 4809 20158.5 10885
832 21783.8 21772.1 18 20327.5 7875 20158.5 11671
833 21783.8 21540.9 26 20327.5 4125 20158.5 9852
834 21783.8 21638.7 25 20158.5 4964 20158.5 10771
835 21783.8 21369.1 8 20158.5 5864 20158.5 11143
836 21783.8 21252.7 41 20494.5 4441 20158.5 14776
837 21783.8 21736.2 78 20327.5 3958 20158.5 11454
838 21783.8 21505.7 26 20158.5 4473 20158.5 9887
839 21783.8 21676.9 90 20158.5 6486 20158.5 13877
840 21783.8 21652.9 15 20158.5 6568 20158.5 14371
841 21783.8 21295.5 16 20158.5 4300 20158.5 9960
842 21783.8 21319.7 37 20158.5 4290 20158.5 9488
843 21783.8 21697.3 38 20494.5 6140 20158.5 9021
844 21783.8 21766.1 11 20327.5 4425 20158.5 9937
845 21783.8 21652.6 19 20158.5 5284 20158.5 13755
846 21783.8 20842.2 22 20327.5 4713 20158.5 9238
847 21783.8 21619.2 6 20158.5 4883 20158.5 10732
848 21783.8 21745.4 11 20158.5 7150 20158.5 15593
849 21783.8 21685.7 11 20158.5 4552 20158.5 9108
850 21783.8 21763.3 31 20327.5 6333 20158.5 11637
851 21783.8 21633.4 97 20158.5 5577 20158.5 11059
852 21783.8 21447.3 33 20158.5 4615 20158.5 13626
853 21783.8 21651.5 11 20158.5 4248 20158.5 13187
854 21783.8 21712.5 63 20327.5 4722 20158.5 10453
855 21783.8 21491 30 20158.5 4577 20158.5 11113
856 21783.8 20738.5 10 20327.5 6093 20158.5 10331
857 21783.8 21780.1 11 20510 4701 20158.5 8566
858 21783.8 21650.1 20 20158.5 7423 20158.5 11434
859 21783.8 21295.5 96 20158.5 7950 20158.5 13782
860 21783.8 21755.3 14 20327.5 6867 20158.5 16244
861 21783.8 20510 20 20702.5 7060 20158.5 14054
862 21783.8 21780.1 6 20327.5 6659 20158.5 14616
863 21783.8 21567.9 16 20510 4130 20158.5 14857
864 21783.8 21500.2 31 20327.5 8244 20158.5 13047
865 21783.8 21502.6 20 20327.5 6533 20158.5 12266
866 21783.8 21774.2 44 20158.5 5504 20158.5 14536
867 21783.8 21402.5 20 20158.5 4705 20158.5 12835
868 21783.8 21708 50 20158.5 3922 20158.5 14619
869 21783.8 21708 16 20158.5 3898 20158.5 11184
870 21783.8 21664.1 26 20327.5 5446 20158.5 12577
871 21783.8 21776.2 7 20510 5172 20158.5 13077
872 21783.8 21454.4 21 20327.5 4195 20158.5 11467
873 21783.8 21360.1 29 20327.5 7413 20158.5 9978
874 21783.8 21416.7 57 20494.5 7212 20158.5 10171
875 21783.8 21319.7 50 20158.5 6211 20158.5 10331
876 21783.8 21724.3 21 20158.5 4927 20158.5 11916
877 21783.8 21738.3 35 20327.5 4382 20158.5 10604
878 21783.8 21487.1 99 20327.5 7609 20158.5 12594
879 21783.8 21511.6 91 20494.5 8029 20158.5 12415
880 21783.8 21295.5 27 20158.5 4309 20158.5 10180
881 21783.8 20773.5 26 20510 5661 20158.5 9935
882 21783.8 21750.4 6 20510 6541 20158.5 12075
883 21783.8 21651.5 26 20604 4313 20158.5 15711
884 21783.8 21635 37 20327.5 5394 20158.5 16999
885 21783.8 21690 26 20158.5 4826 20158.5 10130
886 21783.8 21131.2 11 20604 5104 20158.5 12742
887 21783.8 21686.1 16 20494.5 5040 20158.5 12142
888 21783.8 21736.7 30 20158.5 4290 20158.5 11891
889 21783.8 21529.2 27 20158.5 4829 20158.5 13988
890 21783.8 21533.6 47 20158.5 4966 20158.5 9937
891 21783.8 21517 28 20645.6 7348 20158.5 12341
892 21783.8 20899.2 14 20327.5 5957 20158.5 12717
893 21783.8 21470.3 15 20645.6 4225 20158.5 13227
894 21783.8 21446.1 25 20158.5 4769 20158.5 13338
895 21783.8 21619.2 12 20494.5 4923 20158.5 10310
896 21783.8 21750 45 20158.5 4648 20158.5 12492
897 21783.8 21672.2 69 20158.5 4817 20158.5 11171
898 21783.8 21597.5 11 20494.5 4005 20158.5 9023
899 21783.8 21429.1 9 20645.6 5510 20158.5 9658
900 21783.8 21770.7 13 20158.5 5808 20158.5 9458
901 21783.8 21781.4 7 20494.5 4260 20158.5 15136
902 21783.8 21736.6 50 20327.5 6375 20158.5 14359
903 21783.8 21324.7 63 20327.5 4800 20158.5 9177
904 21783.8 20327.5 80 20510 6692 20158.5 11328
905 21783.8 21043.8 47 20158.5 6704 20158.5 12628
906 21783.8 21459 16 20158.5 4096 20158.5 15423
907 21783.8 21730.8 33 20158.5 4989 20158.5 10120
908 21783.8 21634.1 68 20327.5 4746 20158.5 9211
909 21783.8 21639 25 20494.5 5067 20158.5 12550
910 21783.8 21692.6 6 20158.5 8009 20158.5 14937
911 21783.8 21706.4 12 20158.5 4688 20158.5 10178
912 21783.8 21717.7 13 20327.5 6468 20158.5 11187
913 21783.8 21261.3 7 20327.5 5567 20158.5 9315
914 21783.8 21517 11 20494.5 6897 20158.5 15829
915 21783.8 21360.1 16 20327.5 7822 20158.5 15076
916 21783.8 21198.9 6 20510 5856 20158.5 11487
917 21783.8 21670.5 11 20158.5 6758 20158.5 14044
918 21783.8 21307.4 12 20158.5 6605 20158.5 9699
919 21783.8 21624.9 37 20494.5 7597 20158.5 10491
920 21783.8 21655 44 20158.5 5072 20158.5 10314
921 21783.8 21685.7 11 20158.5 4684 20158.5 9888
922 21783.8 21635 21 20494.5 4617 20158.5 10118
923 21783.8 21772.1 11 20158.5 4598 20158.5 10203
924 21783.8 21712.3 23 20158.5 4221 20158.5 8559
925 21783.8 21348.3 16 20494.5 4727 20158.5 12441
926 21783.8 21540.9 47 20158.5 5024 20158.5 11351
927 21783.8 21295.6 11 20158.5 5194 20158.5 8938
928 21783.8 21652.9 7 20158.5 5758 20158.5 10757
929 21783.8 21685.7 15 20158.5 4663 20158.5 11860
930 21783.8 21596.5 35 20158.5 4927 20158.5 10221
931 21783.8 21714 11 20327.5 5439 20158.5 10649
932 21783.8 20158.5 46 20510 7366 20158.5 11298
933 21783.8 21664.1 11 20158.5 7263 20158.5 17261
934 21783.8 21605.3 10 20158.5 7710 20158.5 16462
935 21783.8 20738.5 15 20158.5 4685 20158.5 14949
936 21783.8 21759.4 6 20738.5 5274 20158.5 13947
937 21783.8 21487.5 22 20158.5 4361 20158.5 9310
938 21783.8 20645.6 10 20494.5 6432 20158.5 12138
939 21783.8 21674.7 11 20158.5 6213 20158.5 11434
940 21783.8 21609.3 6 20494.5 4140 20158.5 11127
941 21783.8 21620.3 19 20327.5 5282 20158.5 8721
942 21783.8 21690.4 25 20494.5 6201 20158.5 11251
943 21783.8 21454.4 6 20494.5 4177 20158.5 10052
944 21783.8 21271.2 10 20494.5 5871 20158.5 9595
945 21783.8 21525.4 10 20158.5 6005 20158.5 10772
946 21783.8 21625.8 15 20494.5 4451 20158.5 10465
947 21783.8 21567.7 64 20327.5 4070 20158.5 10421
948 21783.8 21461.9 104 20158.5 5189 20158.5 9633
949 21783.8 21585.3 10 20158.5 4221 20158.5 9233
950 21783.8 21319.7 14 20158.5 4134 20158.5 9895
951 21783.8 21518.3 9 20327.5 6878 20158.5 9425
952 21783.8 21711.4 39 20327.5 6572 20158.5 10723
953 21783.8 21686.1 11 20158.5 6485 20158.5 10997
954 21783.8 21644.4 28 20494.5 4803 20158.5 10685
955 21783.8 21748.2 19 20604 4499 20158.5 12691
956 21783.8 21608.9 19 20327.5 5687 20158.5 12019
957 21783.8 21000 10 20158.5 5032 20158.5 8939
958 21783.8 21720.2 11 20158.5 5258 20158.5 10131
959 21783.8 21501.3 14 20158.5 4743 20158.5 10636
960 21783.8 21635.1 48 20158.5 4103 20158.5 9578
961 21783.8 21674.7 27 20158.5 4447 20158.5 11593
962 21783.8 21776 34 20158.5 4233 20158.5 11008
963 21783.8 21676.1 82 20158.5 4211 20158.5 9130
964 21783.8 21639 10 20158.5 4950 20158.5 10988
965 21783.8 21567.7 48 20510 7964 20158.5 12312
966 21783.8 21724.9 19 20327.5 4561 20158.5 8411
967 21783.8 21739.9 67 20645.6 4959 20158.5 13044
968 21783.8 21673.8 10 20158.5 7237 20158.5 9361
969 21783.8 20158.5 25 20494.5 4222 20158.5 10710
970 21783.8 21717.4 46 20158.5 5203 20158.5 11841
971 21783.8 21761.7 9 20158.5 4102 20158.5 9571
972 21783.8 21525.4 6 20158.5 4710 20158.5 9207
973 21783.8 21687.2 54 20158.5 4349 20158.5 9820
974 21783.8 21676.1 9 20327.5 5649 20158.5 8890
975 21783.8 21332.7 6 20327.5 4695 20158.5 10192
976 21783.8 21568.4 19 20158.5 4587 20158.5 10255
977 21783.8 21671.5 31 20327.5 5317 20158.5 9756
978 21783.8 21505.7 24 20494.5 3978 20158.5 9227
979 21783.8 21711.4 24 20327.5 4317 20158.5 9268
980 21783.8 21613.9 6 20158.5 6179 20158.5 10092
981 21783.8 21535.1 6 20510 3890 20158.5 10215
982 21783.8 21633.2 28 20158.5 5466 20158.5 9584
983 21783.8 21007.4 33 20510 5511 20158.5 10638
984 21783.8 21633.2 16 20494.5 4383 20158.5 9373
985 21783.8 21712.3 21 20327.5 4500 20158.5 9702
986 21783.8 20158.5 19 20327.5 4920 20158.5 11122
987 21783.8 21529.2 17 20494.5 4240 20158.5 9294
988 21783.8 21748.2 20 20158.5 5220 20158.5 10146
989 21783.8 21772.1 16 20327.5 4937 20158.5 10694
990 21783.8 21501.3 16 20158.5 4458 20158.5 9507
991 21783.8 21772.1 25 20327.5 6732 20158.5 9686
992 21783.8 21730.8 16 20158.5 6026 20158.5 10965
993 21783.8 20894.4 6 20158.5 4341 20158.5 11004
994 21783.8 21692.6 11 20158.5 5992 20158.5 10683
995 21783.8 21745.4 96 20327.5 5856 20158.5 9736
996 21783.8 21650.1 6 20158.5 5285 20158.5 10952
997 21783.8 21690.4 57 20158.5 5633 20158.5 10101
998 21783.8 21690.4 10 20327.5 6355 20158.5 8935
999 21783.8 21711.4 19 20327.5 4496 20158.5 12145
