0 24465.2 24426.2 23 23256.4 9201 
1 24060.4 23803.7 10 22520.4 7686 
2 23853 23710.8 17 22321.1 3953 
3 23828.5 23116 9 22575.2 3879 
4 23828.5 23822 17 22066.1 3894 
5 23828.5 23720.8 4 22521.7 3875 
6 23719.2 23650.7 6 21845.8 4419 
7 23719.2 23686.9 5 21845.8 4065 
8 23719.2 23151.1 17 22327 4085 
9 23719.2 23387.6 5 21845.8 3943 
10 23719.2 23587.6 17 21845.8 3925 
11 23719.2 23649.2 5 21845.8 3947 
12 22824.1 22777.6 18 20616.8 3953 
13 22824.1 22497 9 21701.1 4075 
14 22824.1 22745.9 6 20616.8 4016 
15 22824.1 22798.4 5 20616.8 3999 
16 22824.1 22760.1 13 21701.1 3995 
17 22824.1 22262.2 26 21511.9 3953 
18 22824.1 22748.4 26 20616.8 3967 
19 22824.1 22600.6 5 20616.8 3947 
20 22824.1 22744.4 13 21581.5 3986 
21 22824.1 22777.5 13 21581.5 4020 
22 22824.1 22790.6 18 21581.5 4038 
23 22824.1 22075.4 14 20616.8 4014 
24 22824.1 22670.7 9 20616.8 3956 
25 22824.1 22686.5 42 21581.5 4009 
26 22824.1 22590.2 34 20616.8 3955 
27 22824.1 22759.1 14 21511.9 4156 
28 22824.1 22805.6 19 20616.8 3961 
29 22824.1 22728.1 22 21581.5 4003 
30 22824.1 22706.8 37 20616.8 3969 
31 22824.1 22678.2 13 20616.8 3953 
32 22824.1 22562.5 22 20616.8 3982 
33 22824.1 22493.8 5 20616.8 3954 
34 22824.1 22801.7 9 21511.9 4019 
35 22824.1 22075.3 9 21581.5 3952 
36 22824.1 22810.8 10 21581.5 4040 
37 22824.1 22615.5 18 20616.8 3979 
38 22824.1 22590.2 5 20616.8 4339 
39 22824.1 21581.5 32 21511.9 3949 
40 22824.1 22691 5 21511.9 3950 
41 22606.9 22114.4 9 21296.6 4215 
42 22606.9 22343.9 5 21296.6 3923 
43 22606.9 22551 5 21034.9 3950 
44 22606.9 22490 13 21404.5 3875 
45 22606.9 22452.6 5 21034.9 3897 
46 22606.9 22364.7 4 21417.5 3885 
47 22606.9 22586.2 37 21296.6 3881 
48 22606.9 22535.1 58 21296.6 3941 
49 22606.9 22590.9 10 21034.9 3886 
50 22606.9 22524.7 5 21034.9 3900 
51 22606.9 22558.4 10 21034.9 3906 
52 22606.9 22603.3 5 21034.9 3922 
53 22606.9 22573.8 5 21296.6 3901 
54 22606.9 21839.8 5 21034.9 3905 
55 22606.9 22533.4 21 21034.9 4043 
56 22606.9 21918 5 21404.5 3884 
57 22606.9 22578.7 5 21034.9 3905 
58 22606.9 22148.5 5 21034.9 3877 
59 22606.9 22281.7 5 21296.6 3902 
60 22606.9 22391.4 5 21034.9 3895 
61 22606.9 22158.6 5 21034.9 3921 
62 22606.9 22544.8 5 21296.6 3927 
63 22606.9 22403.8 5 21034.9 3879 
64 22606.9 22201.7 22 21296.6 3900 
65 22606.9 22566.9 14 21034.9 3897 
66 22606.9 22022.3 9 21417.5 3892 
67 22606.9 22449.6 17 21296.6 3877 
68 22606.9 22579 9 21034.9 3896 
69 22606.9 21979.7 5 21034.9 3890 
70 22606.9 21918 29 21404.5 3922 
71 22606.9 22586.6 57 21034.9 3897 
72 22606.9 22605 9 21034.9 3864 
73 22606.9 22438.8 9 21658.7 3898 
74 22606.9 22472.9 13 21296.6 3866 
75 22606.9 22505.8 9 21296.6 3948 
76 22606.9 22403.8 13 21296.6 3920 
77 22606.9 22502.1 5 21034.9 3980 
78 22606.9 22291.5 13 21034.9 3920 
79 22606.9 22604.5 13 21034.9 4043 
80 22606.9 22499.5 9 21034.9 3929 
81 22606.9 22569.2 5 21404.5 3870 
82 22606.9 22544.9 9 21034.9 3924 
83 22606.9 22101.5 37 21296.6 3872 
84 22606.9 22599.4 5 21404.5 4069 
85 22606.9 22599.7 5 21404.5 3915 
86 22606.9 22148.5 17 21404.5 3879 
87 22606.9 22349.8 9 21034.9 4273 
88 22606.9 22406.4 17 21457.6 3864 
89 22606.9 22508.3 13 21404.5 3897 
90 22606.9 22476.2 13 21296.6 3878 
91 22606.9 22519.2 5 21034.9 4019 
92 22606.9 22606.2 5 21034.9 3902 
93 22606.9 22585.9 13 21034.9 4157 
94 22606.9 22561.1 37 21296.6 3924 
95 22606.9 22292.4 29 21417.5 3877 
96 22606.9 21611.1 9 21296.6 3907 
97 22606.9 22604 9 21296.6 3871 
98 22606.9 22491.2 8 21034.9 3994 
99 22606.9 22148.8 6 21417.5 3875 
100 22606.9 22330 5 21034.9 3928 
101 22606.9 22522.4 5 21034.9 3892 
102 22606.9 22445.3 13 21034.9 3871 
103 22606.9 22479.8 13 21034.9 3892 
104 22606.9 22529.6 5 21034.9 3924 
105 22606.9 22022.3 13 21404.5 3987 
106 22606.9 22476.1 5 21034.9 3872 
107 22606.9 22454 10 21034.9 3961 
108 22606.9 22569.1 5 21296.6 3909 
109 22606.9 22449.6 18 21296.6 3878 
110 22606.9 22492.6 5 21296.6 3921 
111 22606.9 22522.8 8 21296.6 3869 
112 22606.9 22307.1 9 21034.9 4049 
113 22606.9 21799.1 17 21417.5 3914 
114 22606.9 22537.9 5 21034.9 3924 
115 22606.9 21940.5 5 21034.9 3891 
116 22606.9 22603 9 21034.9 3867 
117 22606.9 22470.8 5 21034.9 3894 
118 22606.9 22349 21 21296.6 3892 
119 22606.9 22436 45 21404.5 3909 
120 22606.9 22409.6 13 21457.6 3895 
121 22606.9 22602.3 17 21296.6 3980 
122 22606.9 22524.7 26 21034.9 3892 
123 22606.9 21819.9 9 21034.9 3883 
124 22606.9 22545.4 29 21404.5 3887 
125 22606.9 22543.5 17 21034.9 3870 
126 22606.9 22059.2 5 21034.9 3987 
127 22606.9 21499 34 21404.5 3959 
128 22606.9 22330 13 21034.9 3897 
129 22606.9 22291.4 5 21404.5 3918 
130 22606.9 22559.4 21 21034.9 3875 
131 22606.9 22590.9 5 21499 3887 
132 22606.9 22579 9 21034.9 3875 
133 22606.9 22228 13 21034.9 3924 
134 22606.9 21658.7 5 21034.9 3943 
135 22606.9 22490 25 21404.5 3867 
136 22606.9 22257.9 9 21417.5 3921 
137 22606.9 22148.8 9 21034.9 3893 
138 22606.9 22170.2 49 21034.9 3892 
139 22606.9 22179.4 9 21034.9 3869 
140 22606.9 22491.2 25 21417.5 4046 
141 22606.9 22524.8 5 21034.9 3940 
142 22606.9 22438.8 5 21404.5 3867 
143 22606.9 22158.6 5 21296.6 3868 
144 22606.9 22588.7 8 21296.6 3869 
145 22606.9 22537.9 9 21296.6 3896 
146 22606.9 22450.4 13 21034.9 3892 
147 22606.9 22583.2 13 21417.5 4039 
148 22606.9 22536.7 9 21296.6 3950 
149 22606.9 22448.1 29 21034.9 3888 
150 22606.9 22535.4 5 21034.9 3984 
151 22606.9 22236.2 16 21034.9 3937 
152 22606.9 22236.2 17 21296.6 3910 
153 22606.9 22591.9 5 21296.6 3886 
154 22606.9 22170.2 13 21034.9 4032 
155 22606.9 22127 5 21404.5 3889 
156 22606.9 22599.7 37 21034.9 3925 
157 22606.9 22589.8 17 21457.6 3903 
158 22606.9 22591.9 21 21034.9 3883 
159 22606.9 22257.9 8 21034.9 3915 
160 22606.9 22406.6 5 21034.9 3902 
161 22606.9 22579 5 21296.6 4123 
162 22606.9 22339.3 30 21034.9 3893 
163 22606.9 22601.2 13 21034.9 3979 
164 22606.9 22298.4 9 21296.6 4018 
165 22606.9 22084.5 9 21296.6 3912 
166 22606.9 22524.7 9 21296.6 3911 
167 22606.9 22362.6 12 21296.6 3872 
168 22606.9 22554.9 5 21034.9 4031 
169 22606.9 22436 17 21034.9 3875 
170 22606.9 21929.6 17 21034.9 3894 
171 22606.9 22291.7 38 21417.5 3877 
172 22606.9 22257.9 45 21404.5 3928 
173 22606.9 22208.9 25 21296.6 3890 
174 22606.9 22522.4 25 21034.9 3942 
175 22606.9 21296.6 4 21034.9 4004 
176 22606.9 22402.6 29 21034.9 3878 
177 22606.9 22605.7 5 21034.9 3902 
178 22606.9 22116.4 10 21034.9 4063 
179 22606.9 22414.3 17 21457.6 3910 
180 22606.9 22378.6 61 21404.5 3878 
181 22606.9 21404.5 13 21034.9 3895 
182 22606.9 22606.9 9 21034.9 3911 
183 22606.9 22562.6 50 21034.9 3891 
184 22606.9 22599.7 5 21034.9 3912 
185 22606.9 22158.6 13 21687.6 3937 
186 22606.9 22561.1 30 21296.6 3923 
187 22606.9 22515.4 13 21404.5 3866 
188 22606.9 22569.2 10 21296.6 3889 
189 22606.9 22605.8 9 21034.9 4064 
190 22606.9 21979.7 5 21296.6 3881 
191 22606.9 22567.3 9 21296.6 3908 
192 22606.9 22191.8 5 21404.5 3880 
193 22606.9 22291.7 5 21034.9 3956 
194 22606.9 22606.6 21 21034.9 3887 
195 22606.9 22543.5 13 21034.9 3882 
196 22606.9 22588.4 21 21034.9 4100 
197 22606.9 22603.3 5 21404.5 3881 
198 22606.9 22541.7 21 21034.9 3920 
199 22606.9 22524.8 5 21034.9 5540 
200 22606.9 22599.4 18 21404.5 3923 
201 22606.9 22523.9 18 21296.6 3942 
202 22606.9 22585.1 25 21034.9 3958 
203 22606.9 22591.6 17 21034.9 4364 
204 22606.9 22436 62 21034.9 4062 
205 22606.9 22201.7 9 21034.9 3909 
206 22606.9 22237.8 9 21034.9 4020 
207 22606.9 22466.6 13 21296.6 3944 
208 22606.9 22602.8 29 21417.5 3879 
209 22606.9 22505.8 29 21404.5 3906 
210 22606.9 22606.2 9 21034.9 4272 
211 22606.9 22201.7 5 21034.9 3965 
212 22606.9 21819.9 9 21296.6 3909 
213 22606.9 22605.9 9 21034.9 3963 
214 22606.9 22168.8 5 21296.6 3879 
215 22606.9 22381.6 5 21034.9 3910 
216 22606.9 22598 5 21034.9 3934 
217 22606.9 22579 40 21034.9 3989 
218 22606.9 22162.5 14 21034.9 3975 
219 22606.9 21881.3 5 21034.9 3882 
220 22606.9 22228 21 21034.9 3926 
221 22606.9 22349 5 21034.9 3900 
222 22606.9 22454.2 5 21034.9 3883 
223 22606.9 22368.6 13 21034.9 3903 
224 22606.9 22606.9 13 21296.6 3926 
225 22606.9 22591.6 21 21296.6 3968 
226 22606.9 22597.9 5 21611.1 3881 
227 22606.9 22559.4 9 21296.6 3907 
228 22606.9 22561.7 9 21296.6 3899 
229 22606.9 22447.2 5 21296.6 3908 
230 22606.9 22375.3 5 21296.6 3894 
231 22606.9 22598 9 21034.9 4003 
232 22606.9 22502.9 6 21034.9 3928 
233 22606.9 21034.9 15 21404.5 3893 
234 22606.9 21775.9 102 21296.6 3921 
235 22606.9 22472.6 9 21034.9 3893 
236 22606.9 21658.7 17 21296.6 3893 
237 22606.9 22596.5 13 21034.9 3872 
238 22606.9 22522.8 4 21034.9 3892 
239 22606.9 22498.1 18 21034.9 3892 
240 22606.9 21611.1 5 21296.6 3868 
241 21471.5 21466.1 9 20108.5 3911 
242 21471.5 20929.8 5 20644 3868 
243 21471.5 21416.5 37 20533 3999 
244 21471.5 21352.1 17 20533 3895 
245 21471.5 21250.3 5 20108.5 3974 
246 21471.5 21057.5 27 20564.1 3885 
247 21471.5 21281 5 20108.5 3937 
248 21471.5 21347.7 13 20108.5 3892 
249 21471.5 21333.2 9 20108.5 3900 
250 21471.5 21208.7 8 20108.5 3902 
251 21471.5 21339.3 13 20533 3901 
252 21471.5 21458.6 9 20108.5 4089 
253 21471.5 21449.9 9 20564.1 3882 
254 21471.5 21441.1 5 20108.5 3877 
255 21471.5 21356.4 5 20108.5 3943 
256 21471.5 21177.4 17 20533 3879 
257 21471.5 21327.5 13 20108.5 3904 
258 21471.5 21386.5 9 20533 3901 
259 21471.5 21080.3 5 20108.5 4050 
260 21471.5 21331.3 35 20108.5 3885 
261 21471.5 20108.5 5 20108.5 3890 
262 21471.5 21434.5 5 20718.6 3932 
263 21471.5 20774.8 9 20108.5 4107 
264 21471.5 21455.7 5 20108.5 4309 
265 21471.5 21342.6 9 20642.3 3906 
266 21471.5 21395.9 17 20564.1 4132 
267 21471.5 21302.3 14 20564.1 3932 
268 21471.5 21463.9 9 20533 3900 
269 21471.5 20644 11 20642.3 4325 
270 21471.5 21253.6 6 20737.4 4375 
271 21471.5 21347.7 15 20108.5 4292 
272 21471.5 21388.2 11 20642.3 4302 
273 21471.5 21254.4 49 20644 4428 
274 21471.5 21279.2 6 20533 4335 
275 21471.5 21296.5 5 20533 4303 
276 21471.5 21444.4 11 20108.5 4331 
277 21471.5 21327.7 20 20108.5 4357 
278 21471.5 21310.6 10 20108.5 4555 
279 21471.5 21342.4 95 20642.3 4278 
280 21471.5 21074.8 10 20533 5506 
281 21471.5 21333.2 6 20533 4290 
282 21471.5 20564.1 24 20108.5 4842 
283 21471.5 21383.9 10 20108.5 4333 
284 21471.5 21352.6 24 20533 4294 
285 21471.5 20769 7 20108.5 5614 
286 21471.5 21347.7 11 20108.5 4346 
287 21471.5 21384.6 5 20718.6 4161 
288 21471.5 21456.3 20 20533 4531 
289 21471.5 21462.3 20 20108.5 4582 
290 21471.5 20897.5 19 20108.5 4973 
291 21471.5 21001.2 5 20718.6 4241 
292 21471.5 21391.6 10 20533 4211 
293 21471.5 20108.5 19 20108.5 4457 
294 21471.5 21302.3 12 20564.1 4373 
295 21471.5 21445.8 30 20533 4416 
296 21471.5 21333 17 20108.5 4251 
297 21471.5 21324.7 18 20108.5 4382 
298 21471.5 21174.5 18 20533 4254 
299 21471.5 21066.7 26 20564.1 4562 
300 21471.5 21104.7 26 20644 4523 
301 21471.5 21466.1 5 20642.3 4468 
302 21471.5 21253.6 6 20533 4332 
303 21471.5 21442.7 25 20656.4 4149 
304 21471.5 20533 5 20564.1 3892 
305 21471.5 21434.5 27 20564.1 3985 
306 21471.5 20961.2 10 20533 4030 
307 21471.5 20781 6 20642.3 4502 
308 21471.5 21047.9 33 20533 4509 
309 21471.5 21454.4 9 20564.1 4396 
310 21471.5 21454.3 9 20108.5 4468 
311 21471.5 21183.9 5 20108.5 4069 
312 21471.5 21208.6 9 20108.5 3942 
313 21471.5 20859.1 12 20108.5 3911 
314 21471.5 21299.1 5 20533 4095 
315 21471.5 21467 74 20564.1 4313 
316 21471.5 20859.1 18 20564.1 4590 
317 21471.5 21454.4 28 20108.5 4539 
318 21471.5 21436.5 5 20533 4498 
319 21471.5 20970.2 10 20533 4411 
320 21471.5 21279.2 15 20642.3 4129 
321 21471.5 21439.3 11 20533 4119 
322 21471.5 21468.1 5 20533 4352 
323 21471.5 21412.1 5 20533 4380 
324 21471.5 21456.3 5 20108.5 4278 
325 21471.5 21380.7 5 20533 4125 
326 21471.5 21432.6 15 20108.5 4310 
327 21471.5 21439.3 5 20108.5 4078 
328 21471.5 21171.6 39 20108.5 4244 
329 21471.5 21217 27 20108.5 4375 
330 21471.5 21436.2 14 20108.5 4402 
331 21471.5 20968.1 13 20642.3 4209 
332 21471.5 21141.2 13 20108.5 4231 
333 21471.5 21313.9 14 20533 3950 
334 21471.5 21166.3 17 20108.5 4290 
335 21471.5 21310.6 5 20108.5 4237 
336 21471.5 20859.1 13 20108.5 4252 
337 21471.5 21442.7 25 20108.5 4119 
338 21471.5 21244.4 17 20533 4148 
339 21471.5 21352.1 6 20108.5 4098 
340 21471.5 21299.1 20 20108.5 4135 
341 21471.5 21324.3 8 20564.1 4350 
342 21471.5 21266.7 30 20564.1 4463 
343 21471.5 21417.5 12 20108.5 4335 
344 21471.5 21415.2 6 20108.5 4334 
345 21471.5 21246.2 15 20533 4345 
346 21471.5 20903.6 54 20108.5 4267 
347 21471.5 20774.8 5 20564.1 4202 
348 21471.5 20644 25 20108.5 3992 
349 21471.5 21418.8 22 20108.5 4045 
350 21471.5 21176.8 18 20108.5 4099 
351 21471.5 21356.4 5 20642.3 4165 
352 21471.5 21327.5 6 20564.1 4116 
353 21471.5 21382.1 19 20108.5 4236 
354 21471.5 21332 12 20108.5 4430 
355 21471.5 21132.9 19 20642.3 4395 
356 21471.5 21369.6 34 20533 4407 
357 21471.5 21003.3 22 20108.5 4369 
358 21471.5 21228.8 30 20108.5 4268 
359 21471.5 21439.3 5 20533 4201 
360 21471.5 21352.1 6 20533 3943 
361 21471.5 20929.8 29 20108.5 3990 
362 21471.5 21461.1 14 20564.1 4143 
363 21471.5 20992.2 5 20108.5 4063 
364 21471.5 21228.8 9 20533 4186 
365 21471.5 21402.9 9 20642.3 4111 
366 21471.5 21409.3 17 20533 4147 
367 21471.5 21455.5 17 20108.5 4435 
368 21471.5 21421.7 6 20108.5 5014 
369 21471.5 21402.9 5 20108.5 4884 
370 21471.5 21375.9 23 20108.5 4630 
371 21471.5 20923 9 20533 3904 
372 21471.5 21068.4 6 20108.5 4005 
373 21471.5 21008.3 5 20108.5 3886 
374 21471.5 21079.2 28 20533 3969 
375 21471.5 21388.2 10 20108.5 4010 
376 21471.5 21310.6 23 20108.5 4074 
377 21471.5 21191.5 17 20564.1 4123 
378 21471.5 21468.1 14 20108.5 4149 
379 21471.5 21335 23 20642.3 4191 
380 21471.5 21383.9 16 20642.3 4236 
381 21471.5 21270.5 5 20108.5 4813 
382 21471.5 21469.1 14 20564.1 4744 
383 21471.5 21402.9 5 20533 4724 
384 21471.5 20968.1 13 20108.5 4069 
385 21471.5 20642.3 9 20108.5 3978 
386 21471.5 21285 13 20533 3896 
387 21471.5 21159.7 9 20108.5 4023 
388 21471.5 21248.7 13 20108.5 4026 
389 21471.5 21210.8 5 20108.5 4125 
390 21471.5 21414.3 25 20108.5 4117 
391 21471.5 21116.8 5 20533 4138 
392 21471.5 21245.6 22 20108.5 4165 
393 21471.5 21324.7 29 20564.1 4065 
394 21471.5 21163.4 15 20108.5 4604 
395 21471.5 21468.1 21 20564.1 4786 
396 21471.5 21470.5 82 20108.5 4692 
397 21471.5 21347 9 20564.1 3882 
398 21471.5 21045.7 13 20718.6 3881 
399 21471.5 21369.6 9 20108.5 4177 
400 21471.5 21469.2 22 20642.3 3905 
401 21471.5 21263.3 9 20533 4233 
402 21471.5 21416.1 49 20533 3914 
403 21471.5 21464.2 50 20644 3896 
404 21471.5 21149.6 9 20533 3874 
405 21471.5 21395.5 21 20533 3917 
406 21471.5 21352.1 9 20108.5 4379 
407 21471.5 21230.7 33 20108.5 3950 
408 21471.5 21429 5 20533 4014 
409 21471.5 21324.7 17 20642.3 3922 
410 21471.5 21246.2 5 20108.5 3872 
411 21471.5 21410.4 17 20108.5 3896 
412 21471.5 21386.6 13 20108.5 3922 
413 21471.5 21044.9 9 20108.5 4443 
414 21471.5 21310 17 20108.5 3901 
415 21471.5 21386.6 10 20108.5 3897 
416 21471.5 21208.7 25 20718.6 3885 
417 21471.5 20718.6 17 20642.3 3900 
418 21471.5 21045.2 5 20533 3883 
419 21471.5 21439.3 18 20533 3879 
420 21471.5 21228.8 6 20533 4054 
421 21471.5 20962.6 9 20108.5 3966 
422 21471.5 21324.3 13 20108.5 3967 
423 21471.5 21466.1 30 20108.5 3872 
424 21471.5 21191.5 5 20108.5 3922 
425 21471.5 21382.4 9 20108.5 3886 
426 21471.5 21446.7 5 20564.1 3906 
427 21471.5 21464.2 5 20108.5 4447 
428 21471.5 21407.9 6 20108.5 3982 
429 21471.5 21432.6 5 20108.5 3961 
430 21471.5 21296.5 9 20564.1 3928 
431 21471.5 21398.9 26 20108.5 3885 
432 21471.5 21445.5 17 20564.1 3929 
433 21471.5 21196.6 17 20642.3 3874 
434 21471.5 20862.1 17 20108.5 4264 
435 21471.5 21171.6 10 20108.5 3985 
436 21471.5 21245.6 45 20644 4043 
437 21471.5 21352.6 5 20108.5 4017 
438 21471.5 21217 9 20108.5 4099 
439 21471.5 21293.4 5 20533 4128 
440 21471.5 21301.9 5 20564.1 4152 
441 21471.5 21244.4 49 20108.5 4355 
442 21471.5 21462.3 33 20564.1 4095 
443 21471.5 21440.2 9 20108.5 4069 
444 21471.5 20950.5 21 20108.5 4086 
445 21471.5 21336.6 61 20108.5 4110 
446 21471.5 21432.6 9 20564.1 4080 
447 21471.5 21045.7 5 20564.1 4103 
448 21471.5 20929.8 5 20108.5 4385 
449 21471.5 21405.6 5 20108.5 4245 
450 21471.5 21290.4 5 20108.5 4132 
451 21471.5 21174.5 5 20108.5 4099 
452 21471.5 21271.9 9 20108.5 4095 
453 21471.5 21273.8 9 20108.5 4123 
454 21471.5 21425.8 9 20533 4084 
455 21471.5 21432.1 9 20108.5 4311 
456 21471.5 20781 9 20644 4186 
457 21471.5 21455.8 16 20533 4154 
458 21471.5 21171.6 22 20108.5 4047 
459 21471.5 21436.9 6 20108.5 4042 
460 21471.5 21469.2 6 20108.5 4007 
461 21471.5 21045.7 65 20564.1 4012 
462 21471.5 21421.7 5 20108.5 4389 
463 21471.5 21439.3 11 20108.5 4010 
464 21471.5 20950.5 5 20533 3895 
465 21471.5 21382.1 25 20533 3889 
466 21471.5 21310.2 5 20564.1 3955 
467 21471.5 21412.9 19 20644 3948 
468 21471.5 21397.7 15 20108.5 4446 
469 21471.5 21057.5 6 20108.5 4893 
470 21471.5 21177.4 15 20108.5 6086 
471 21471.5 21298.1 17 20533 7732 
472 21471.5 21441.1 16 20108.5 4526 
473 21471.5 21161.9 6 20108.5 4140 
474 21471.5 20936 10 20564.1 4316 
475 21471.5 21439.9 10 20533 4302 
476 21471.5 21315 41 20108.5 4255 
477 21471.5 21467 6 20108.5 4169 
478 21471.5 21446 9 20533 4372 
479 21471.5 21441.4 17 20564.1 4228 
480 21471.5 21445.5 22 20108.5 4041 
481 21471.5 21380.7 9 20108.5 3998 
482 21471.5 20644 5 20533 4118 
483 21471.5 21322.2 31 20564.1 4261 
484 21471.5 20718.6 19 20108.5 4239 
485 21471.5 21298.1 33 20564.1 4092 
486 21471.5 21402.9 5 20533 4195 
487 21471.5 21379.6 9 20564.1 4150 
488 21471.5 21290.4 17 20108.5 4182 
489 21471.5 21315 12 20533 4326 
490 21471.5 21301.9 10 20108.5 4394 
491 21471.5 21469.5 20 20108.5 4448 
492 21471.5 21449.9 25 20642.3 4132 
493 21471.5 21246.2 17 20108.5 4065 
494 21471.5 21339.3 6 20533 4449 
495 21471.5 21469.4 5 20533 4420 
496 21471.5 21466.6 26 20108.5 4624 
497 21471.5 21104.7 16 20718.6 4830 
498 21471.5 20769 10 20108.5 4157 
499 21471.5 21117.6 14 20533 4070 
500 21471.5 21045.2 25 20108.5 3996 
501 21471.5 21253.6 18 20108.5 3879 
502 21471.5 20994.4 5 20108.5 4009 
503 21471.5 21327.5 16 20108.5 4492 
504 21471.5 21359.3 18 20564.1 4112 
505 21471.5 21106.2 13 20108.5 4098 
506 21471.5 21384.6 12 20108.5 4138 
507 21471.5 21414.3 17 20533 4159 
508 21471.5 21322.1 17 20642.3 4182 
509 21471.5 20656.4 25 20108.5 4085 
510 21471.5 21209.7 14 20108.5 4550 
511 21471.5 21469.4 38 20108.5 4195 
512 21471.5 21066.7 5 20108.5 4193 
513 21471.5 21324.3 13 20108.5 4158 
514 21471.5 21376.9 5 20564.1 4222 
515 21471.5 21176.8 16 20108.5 4129 
516 21471.5 21441.1 27 20533 4122 
517 21471.5 21336.6 15 20533 4290 
518 21471.5 21171.7 15 20108.5 3973 
519 21471.5 21263.1 50 20108.5 4075 
520 21471.5 21460.1 9 20108.5 4237 
521 21471.5 21439.3 6 20108.5 4334 
522 21471.5 21413.2 13 20108.5 4346 
523 21471.5 20781 13 20642.3 4358 
524 21471.5 21288 23 20108.5 4168 
525 21471.5 21356.4 8 20108.5 4459 
526 21471.5 20734.5 5 20533 4333 
527 21471.5 21270.5 17 20642.3 4308 
528 21471.5 21330.6 5 20108.5 4209 
529 21471.5 21260.2 10 20642.3 4271 
530 21471.5 21025.3 13 20108.5 4278 
531 21471.5 21255.9 6 20533 4348 
532 21471.5 21301.9 25 20108.5 4258 
533 21471.5 21342.9 8 20108.5 4136 
534 21471.5 21359.1 14 20108.5 4159 
535 21471.5 20997.4 13 20108.5 4068 
536 21471.5 21266.7 14 20108.5 4188 
537 21471.5 20859.1 30 20564.1 4005 
538 21471.5 21359.1 9 20108.5 4185 
539 21471.5 21453 9 20108.5 4200 
540 21471.5 21471.5 14 20108.5 4523 
541 21471.5 21325.3 17 20108.5 4457 
542 21471.5 21301.9 8 20108.5 4439 
543 21471.5 21206 6 20108.5 4270 
544 21471.5 21263.1 10 20108.5 3923 
545 21471.5 21398.9 6 20533 3970 
546 21471.5 21400.1 5 20108.5 3964 
547 21471.5 20994.7 5 20108.5 3954 
548 21471.5 20108.5 13 20656.4 4009 
549 21471.5 21418.8 9 20108.5 3986 
550 21471.5 21298.3 30 20656.4 4097 
551 21471.5 21417.1 5 20642.3 4289 
552 21471.5 21267.8 5 20108.5 4226 
553 21471.5 21438 5 20642.3 4398 
554 21471.5 21290.6 5 20108.5 4167 
555 21471.5 21461.9 10 20108.5 4167 
556 21471.5 21444.4 30 20108.5 4044 
557 21471.5 21438.2 9 20108.5 4087 
558 21471.5 21422.3 9 20108.5 3955 
559 21471.5 21436.2 30 20564.1 4355 
560 21471.5 21408.4 10 20108.5 4638 
561 21471.5 21455.5 9 20656.4 4518 
562 21471.5 21323 9 20564.1 4375 
563 21471.5 21191.5 13 20564.1 4185 
564 21471.5 21105.8 66 20533 4148 
565 21471.5 21379.2 15 20108.5 4156 
566 21471.5 21444.7 32 20644 4068 
567 21471.5 21410.4 9 20642.3 4016 
568 21471.5 20859.1 17 20108.5 4134 
569 21471.5 20916.6 5 20642.3 3962 
570 21471.5 21414.3 17 20108.5 3953 
571 21471.5 21080.3 14 20108.5 4058 
572 21471.5 21416.1 6 20533 4509 
573 21471.5 21166.4 14 20108.5 4502 
574 21471.5 21111 5 20108.5 4326 
575 21471.5 21291.3 5 20108.5 4261 
576 21471.5 21436.2 5 20108.5 4133 
577 21471.5 21439.3 5 20108.5 4137 
578 21471.5 21322.2 9 20564.1 4105 
579 21471.5 20923 9 20108.5 4038 
580 21471.5 21322.2 45 20533 4761 
581 21471.5 21414.3 6 20533 3884 
582 21471.5 21463.7 5 20642.3 4209 
583 21471.5 21312.1 9 20108.5 4210 
584 21471.5 21270.5 10 20642.3 4361 
585 21471.5 21386.3 44 20533 4254 
586 21471.5 21111 17 20108.5 4527 
587 21471.5 21438.2 6 20656.4 4414 
588 21471.5 21367.5 54 20564.1 4371 
589 21471.5 21111 24 20108.5 4155 
590 21471.5 21402.9 6 20108.5 4063 
591 21471.5 21412.1 19 20533 3960 
592 21471.5 21354.9 7 20564.1 3959 
593 21471.5 21045.7 24 20533 3931 
594 21471.5 21382 23 20108.5 4283 
595 21471.5 21132.9 21 20108.5 3987 
596 21471.5 21069.9 5 20108.5 3943 
597 21471.5 21104.7 17 20108.5 3872 
598 21471.5 21148.5 13 20642.3 3927 
599 21471.5 20997.4 6 20642.3 3877 
600 21471.5 21457.3 5 20564.1 3903 
601 21471.5 20919.7 13 20533 4324 
602 21471.5 21200.7 5 20533 4243 
603 21471.5 21106.2 30 20108.5 3921 
604 21471.5 20769 20 20108.5 4052 
605 21471.5 21452.1 5 20108.5 4317 
606 21471.5 21311.4 13 20533 4689 
607 21471.5 21471.2 14 20108.5 4657 
608 21471.5 21433.9 21 20108.5 4545 
609 21471.5 21302.3 25 20533 4246 
610 21471.5 21466.1 10 20108.5 4177 
611 21471.5 21320.3 6 20533 4065 
612 21471.5 21343.3 14 20533 3997 
613 21471.5 21342.9 46 20533 4081 
614 21471.5 21290.4 9 20108.5 4211 
615 21471.5 20992.2 21 20533 4275 
616 21471.5 21307.8 18 20108.5 4117 
617 21471.5 21412.1 22 20533 4201 
618 21471.5 20737.4 9 20108.5 4044 
619 21471.5 21114.8 38 20108.5 4078 
620 21471.5 21329 12 20533 4260 
621 21471.5 20770 29 20108.5 4256 
622 21471.5 21171.6 9 20564.1 4301 
623 21471.5 21090.7 67 20108.5 5857 
624 21471.5 21253.1 10 20564.1 4843 
625 21471.5 21352.1 5 20108.5 4434 
626 21471.5 21068.4 18 20564.1 4444 
627 21471.5 20970.2 26 20108.5 4863 
628 21471.5 21117.6 5 20533 4655 
629 21471.5 21298.1 10 20656.4 4781 
630 21471.5 21466.2 18 20108.5 4233 
631 21471.5 21436 6 20108.5 4058 
632 21471.5 21315 13 20108.5 4065 
633 21471.5 21342.9 5 20564.1 4133 
634 21471.5 21441.4 39 20108.5 4280 
635 21471.5 21460.6 14 20108.5 4217 
636 21471.5 21049.5 6 20533 4239 
637 21471.5 20859.1 37 20533 4251 
638 21471.5 21466.2 12 20108.5 4017 
639 21471.5 21410.4 24 20564.1 4096 
640 21471.5 21325.3 33 20108.5 4090 
641 21471.5 21458.6 10 20108.5 4198 
642 21471.5 21442.2 6 20533 4128 
643 21471.5 21206 15 20108.5 4526 
644 21471.5 21329.9 15 20108.5 4641 
645 21471.5 21439.9 6 20533 4690 
646 21471.5 21422.3 20 20533 4672 
647 21471.5 21288 15 20108.5 4469 
648 21471.5 21090.7 33 20644 4491 
649 21471.5 21116.8 6 20108.5 4308 
650 21471.5 21405.8 6 20564.1 4216 
651 21471.5 21081.6 6 20533 4244 
652 21471.5 21185.5 6 20108.5 4252 
653 21471.5 21277.4 7 20642.3 4053 
654 21471.5 21461.1 14 20533 3957 
655 21471.5 20961.2 7 20642.3 3920 
656 21471.5 21454.4 11 20533 4316 
657 21471.5 21432.1 9 20108.5 4199 
658 21471.5 21464.2 20 20108.5 4293 
659 21471.5 20993.5 10 20108.5 4155 
660 21471.5 20757.9 6 20108.5 4087 
661 21471.5 21215.4 15 20108.5 4995 
662 21471.5 21309.2 13 20642.3 5048 
663 21471.5 21342.6 5 20533 5008 
664 21471.5 21311.4 18 20642.3 4929 
665 21471.5 21333 38 20642.3 4593 
666 21471.5 21253.6 11 20533 4326 
667 21471.5 21253.1 10 20533 4059 
668 21471.5 21372.7 6 20533 3883 
669 21471.5 21290.6 9 20533 3928 
670 21471.5 21406.6 17 20108.5 3887 
671 21471.5 21329.9 14 20108.5 4089 
672 21471.5 21468.1 40 20564.1 4447 
673 21471.5 21471.2 16 20108.5 4226 
674 21471.5 21351.9 25 20108.5 4498 
675 21471.5 21322.2 9 20108.5 4318 
676 21471.5 21401.3 5 20108.5 4371 
677 21471.5 21412.9 5 20108.5 4028 
678 21471.5 21455.8 5 20533 4149 
679 21471.5 21416.5 9 20108.5 4161 
680 21471.5 21074.8 13 20108.5 4118 
681 21471.5 21267.8 6 20533 4102 
682 21471.5 20881.6 33 20533 4104 
683 21471.5 21260 14 20108.5 4154 
684 21471.5 20970.2 5 20108.5 4157 
685 21471.5 21154 15 20564.1 4591 
686 21471.5 21460.1 7 20564.1 4243 
687 21471.5 21455.7 9 20108.5 4264 
688 21471.5 21277.7 10 20642.3 3956 
689 21471.5 21248.7 13 20642.3 3968 
690 21471.5 21076.2 10 20108.5 3900 
691 21471.5 21279.2 6 20108.5 3870 
692 21471.5 21101.6 9 20108.5 3979 
693 21471.5 21246.2 13 20108.5 4006 
694 21471.5 21271.9 5 20564.1 4102 
695 21471.5 21456.6 18 20108.5 4059 
696 21471.5 21301.9 42 20533 4106 
697 21471.5 21296.5 30 20656.4 4252 
698 21471.5 21313.9 10 20108.5 4263 
699 21471.5 21132.9 9 20108.5 4256 
700 21471.5 20923 16 20642.3 4181 
701 21471.5 21333 28 20108.5 4125 
702 21471.5 21034.4 26 20533 3925 
703 21471.5 21416.5 9 20108.5 4115 
704 21471.5 21436.9 14 20108.5 3923 
705 21471.5 21466.1 15 20533 4358 
706 21471.5 21209.7 13 20656.4 4284 
707 21471.5 21444.7 5 20564.1 4790 
708 21471.5 21253.6 6 20533 4210 
709 21471.5 21323 10 20108.5 4362 
710 21471.5 21446.5 9 20108.5 4199 
711 21471.5 21456.6 10 20564.1 4390 
712 21471.5 20962.6 13 20533 3936 
713 21471.5 21455.9 19 20564.1 4318 
714 21471.5 21259.7 5 20108.5 4075 
715 21471.5 21456.6 38 20108.5 4454 
716 21471.5 21431.1 5 20108.5 3907 
717 21471.5 21322.2 9 20108.5 4000 
718 21471.5 21466.2 9 20642.3 4190 
719 21471.5 21463.7 18 20533 4185 
720 21471.5 21471.2 9 20108.5 3942 
721 21471.5 21386.3 34 20108.5 3900 
722 21471.5 20763.8 13 20108.5 3931 
723 21471.5 21462.3 6 20533 3966 
724 21471.5 21466.2 50 20108.5 4353 
725 21471.5 21263.3 25 20108.5 3900 
726 21471.5 21386.3 67 20564.1 4063 
727 21471.5 21210.8 25 20533 4061 
728 21471.5 21444.7 6 20108.5 3944 
729 21471.5 20944.8 17 20108.5 3924 
730 21471.5 21197.7 29 20108.5 3879 
731 21471.5 21388.2 14 20564.1 4228 
732 21471.5 21379.2 5 20108.5 3970 
733 21471.5 21414.3 32 20108.5 4444 
734 21471.5 21458.6 5 20108.5 4271 
735 21471.5 21310.2 5 20533 4101 
736 21471.5 21466.6 9 20642.3 3912 
737 21471.5 21309.2 24 20108.5 4366 
738 21471.5 21400.1 6 20533 4459 
739 21471.5 21176.8 10 20644 3988 
740 21471.5 21445.6 14 20644 3930 
741 21471.5 21407.9 24 20108.5 4187 
742 21471.5 21413.4 6 20108.5 4241 
743 21471.5 21166.4 14 20564.1 4228 
744 21471.5 21357 15 20564.1 4244 
745 21471.5 20936 9 20108.5 4176 
746 21471.5 21395.9 5 20533 4662 
747 21471.5 20920.7 41 20108.5 4012 
748 21471.5 21271.7 20 20108.5 3953 
749 21471.5 21406.6 6 20533 3954 
750 21471.5 21384.6 14 20108.5 3891 
751 21471.5 21301.9 5 20533 3902 
752 21471.5 21288 5 20108.5 3904 
753 21471.5 21315 10 20108.5 3996 
754 21471.5 21290.6 13 20108.5 4024 
755 21471.5 21217 15 20564.1 4239 
756 21471.5 21235.4 34 20108.5 4219 
757 21471.5 21069.9 34 20108.5 4571 
758 21471.5 21382 30 20564.1 4392 
759 21471.5 21391.6 26 20108.5 4593 
760 21471.5 20564.1 6 20656.4 4404 
761 21471.5 21441.4 35 20108.5 4005 
762 21471.5 21310.6 24 20533 4369 
763 21471.5 21431.5 22 20533 3991 
764 21471.5 21114.8 6 20108.5 4152 
765 21471.5 21342.9 9 20108.5 4087 
766 21471.5 21386.3 6 20108.5 4297 
767 21471.5 21442.9 5 20533 4116 
768 21471.5 21422.3 34 20642.3 4387 
769 21471.5 21352.6 5 20108.5 4283 
770 21471.5 21402.9 8 20108.5 4592 
771 21471.5 21446.7 7 20108.5 4231 
772 21471.5 21436 9 20564.1 4418 
773 21471.5 21404 5 20642.3 3910 
774 21471.5 21458.6 5 20108.5 4391 
775 21471.5 21442.9 6 20108.5 4295 
776 21471.5 21346.4 6 20642.3 4345 
777 21471.5 21382.1 10 20108.5 4317 
778 21471.5 20564.1 9 20564.1 4021 
779 21471.5 21445.6 34 20108.5 4063 
780 21471.5 21327.5 6 20564.1 4092 
781 21471.5 21209.7 17 20108.5 4194 
782 21471.5 21449.9 26 20108.5 4254 
783 21471.5 21438.1 15 20108.5 4325 
784 21471.5 21296.5 18 20108.5 4077 
785 21471.5 21336.6 5 20108.5 4409 
786 21471.5 21461.1 19 20533 4043 
787 21471.5 21315 11 20644 4127 
788 21471.5 21466.6 14 20642.3 3876 
789 21471.5 21191.6 6 20564.1 3888 
790 21471.5 21254.4 30 20108.5 3903 
791 21471.5 21196.6 6 20734.5 3908 
792 21471.5 21431.7 6 20533 4311 
793 21471.5 21079.2 34 20108.5 4031 
794 21471.5 21438.1 9 20533 4445 
795 21471.5 21312.1 5 20108.5 4105 
796 21471.5 21455.4 11 20108.5 4414 
797 21471.5 20992.2 5 20108.5 4103 
798 21471.5 21412.1 5 20533 4283 
799 21471.5 20656.4 17 20564.1 4099 
800 21471.5 21166.4 14 20108.5 4513 
801 21471.5 21359.3 13 20533 4409 
802 21471.5 21467.9 5 20108.5 4280 
803 21471.5 20718.6 5 20642.3 3913 
804 21471.5 21074.8 41 20108.5 3943 
805 21471.5 21310.2 5 20108.5 4020 
806 21471.5 21329 5 20644 4002 
807 21471.5 21068.4 19 20564.1 4227 
808 21471.5 21421.7 5 20108.5 4339 
809 21471.5 20947.9 9 20533 4154 
810 21471.5 21187.1 6 20108.5 3989 
811 21471.5 21111 26 20564.1 4092 
812 21471.5 21463.7 23 20108.5 4099 
813 21471.5 21223.1 17 20108.5 4252 
814 21471.5 21408.9 18 20108.5 4099 
815 21471.5 21415.2 9 20108.5 4114 
816 21471.5 21467 22 20533 4139 
817 21471.5 20937.7 46 20108.5 4294 
818 21471.5 21462.3 21 20533 4149 
819 21471.5 21299.1 7 20108.5 4167 
820 21471.5 21388.2 10 20108.5 4354 
821 21471.5 21418.8 49 20108.5 4102 
822 21471.5 21293.4 14 20108.5 4199 
823 21471.5 21347.6 14 20108.5 4390 
824 21471.5 21471.5 6 20533 4418 
825 21471.5 21253.6 26 20108.5 4522 
826 21471.5 21191.5 10 20108.5 4458 
827 21471.5 21466.1 22 20108.5 4513 
828 21471.5 21438.2 10 20108.5 4224 
829 21471.5 21352.5 9 20108.5 4025 
830 21471.5 21266.7 17 20564.1 3985 
831 21471.5 21299.1 14 20108.5 4041 
832 21471.5 21382.4 10 20108.5 4044 
833 21471.5 21382.8 6 20644 4067 
834 21471.5 21446 5 20108.5 4146 
835 21471.5 20993.5 23 20108.5 4259 
836 21471.5 21352.6 13 20564.1 3887 
837 21471.5 21335 10 20533 4188 
838 21471.5 21425.8 5 20108.5 4181 
839 21471.5 20859.1 14 20644 4150 
840 21471.5 20961.2 5 20108.5 3928 
841 21471.5 21263.1 25 20656.4 4012 
842 21471.5 21447.6 6 20108.5 3985 
843 21471.5 21335 5 20533 3892 
844 21471.5 21169.5 5 20564.1 4292 
845 21471.5 21422.3 34 20564.1 3920 
846 21471.5 21001.2 9 20533 4425 
847 21471.5 21253.6 10 20564.1 3950 
848 21471.5 20763.8 21 20564.1 3950 
849 21471.5 21215.4 9 20564.1 3924 
850 21471.5 21403.2 10 20108.5 3908 
851 21471.5 21416.1 55 20108.5 4132 
852 21471.5 21446 4 20533 3933 
853 21471.5 21436.9 15 20564.1 4066 
854 21471.5 21382 18 20533 3930 
855 21471.5 21310.2 14 20564.1 4321 
856 21471.5 21466.6 5 20108.5 4179 
857 21471.5 21461.9 30 20533 4161 
858 21471.5 21386.5 9 20108.5 3879 
859 21471.5 20947.9 10 20533 3885 
860 21471.5 21347.7 19 20108.5 4322 
861 21471.5 21270.5 17 20108.5 3980 
862 21471.5 21381.9 65 20108.5 4039 
863 21471.5 21413.2 5 20564.1 3870 
864 21471.5 21330.6 5 20533 4089 
865 21471.5 21460.1 9 20108.5 3891 
866 21471.5 20996.7 17 20533 3891 
867 21471.5 21347.7 10 20718.6 4038 
868 21471.5 21251.4 6 20564.1 3965 
869 21471.5 21375.9 5 20108.5 3951 
870 21471.5 21412.9 19 20108.5 4144 
871 21471.5 21359.3 19 20564.1 4407 
872 21471.5 21395.9 5 20642.3 4130 
873 21471.5 21246.2 9 20108.5 4180 
874 21471.5 21166.3 6 20108.5 3946 
875 21471.5 21438.2 11 20108.5 4040 
876 21471.5 21322.1 14 20108.5 3918 
877 21471.5 21333.2 12 20108.5 3918 
878 21471.5 21320.3 10 20533 4228 
879 21471.5 21290.4 13 20564.1 4192 
880 21471.5 21428.2 6 20108.5 4180 
881 21471.5 21457.3 18 20108.5 4226 
882 21471.5 20903.6 6 20642.3 4193 
883 21471.5 21296.5 18 20108.5 3872 
884 21471.5 21423.4 17 20533 3901 
885 21471.5 21090.7 5 20108.5 3948 
886 21471.5 21372.7 5 20108.5 3951 
887 21471.5 21421.7 6 20108.5 4394 
888 21471.5 21405.8 10 20533 4387 
889 21471.5 21397.7 13 20533 4267 
890 21471.5 20644 29 20108.5 3966 
891 21471.5 21271.7 9 20108.5 4471 
892 21471.5 21384.6 5 20108.5 3906 
893 21471.5 21414.3 6 20564.1 4410 
894 21471.5 21206 22 20533 3992 
895 21471.5 21343.3 14 20108.5 4136 
896 21471.5 21471.5 9 20564.1 3981 
897 21471.5 20923 26 20533 3903 
898 21471.5 21470.5 46 20533 4054 
899 21471.5 21310 19 20533 4184 
900 21471.5 20763.8 22 20108.5 4352 
901 21471.5 21191.6 5 20533 4218 
902 21471.5 21352.1 5 20108.5 4406 
903 21471.5 21090.7 9 20108.5 3986 
904 21471.5 21384.6 17 20108.5 3896 
905 21471.5 21324.3 5 20564.1 3903 
906 21471.5 21453 56 20108.5 3901 
907 21471.5 20763.8 6 20108.5 3959 
908 21471.5 21376.9 30 20533 3971 
909 21471.5 21215.4 5 20108.5 4135 
910 21471.5 21281 4 20108.5 4265 
911 21471.5 21347.7 34 20108.5 4599 
912 21471.5 21327.5 6 20642.3 3897 
913 21471.5 21441.4 15 20108.5 4440 
914 21471.5 21105.8 9 20564.1 4164 
915 21471.5 21442.9 12 20533 4391 
916 21471.5 21433.9 5 20108.5 4052 
917 21471.5 21336.6 15 20108.5 3960 
918 21471.5 21079.2 25 20108.5 3938 
919 21471.5 21466.1 9 20533 3946 
920 21471.5 21310.6 5 20533 3956 
921 21471.5 21403.2 15 20533 3949 
922 21471.5 21446.7 26 20108.5 4167 
923 21471.5 21003.3 30 20533 4385 
924 21471.5 21471.2 17 20108.5 4170 
925 21471.5 21313.9 13 20108.5 4227 
926 21471.5 21294.2 17 20108.5 3895 
927 21471.5 21168.8 13 20533 4136 
928 21471.5 21403.2 9 20533 3964 
929 21471.5 20950.5 6 20108.5 4220 
930 21471.5 21421.7 15 20533 4511 
931 21471.5 21440.2 9 20108.5 4451 
932 21471.5 21185.5 9 20108.5 4153 
933 21471.5 21254.4 20 20564.1 4263 
934 21471.5 20644 5 20642.3 3900 
935 21471.5 21456.3 13 20533 4050 
936 21471.5 21253.6 26 20108.5 3922 
937 21471.5 21455.7 5 20108.5 4360 
938 21471.5 21114.8 18 20642.3 4143 
939 21471.5 21166 13 20108.5 4206 
940 21471.5 21069.9 11 20564.1 4435 
941 21471.5 21376.9 13 20108.5 4249 
942 21471.5 20774.8 12 20533 4426 
943 21471.5 21442.7 22 20533 4634 
944 21471.5 21445.6 17 20108.5 4631 
945 21471.5 21277.4 10 20533 4262 
946 21471.5 21352.6 13 20642.3 4329 
947 21471.5 21438 5 20108.5 4549 
948 21471.5 21313.9 14 20108.5 4373 
949 21471.5 21415.2 5 20533 4114 
950 21471.5 20997.4 5 20108.5 4141 
951 21471.5 21279.2 18 20108.5 4090 
952 21471.5 21384.7 19 20564.1 4048 
953 21471.5 21260 5 20108.5 4001 
954 21471.5 21166.3 5 20108.5 3879 
955 21471.5 21417.1 42 20564.1 4288 
956 21471.5 20881.6 9 20108.5 3896 
957 21471.5 21342.4 10 20533 4147 
958 21471.5 21455.2 18 20644 4319 
959 21471.5 21446 25 20108.5 4187 
960 21471.5 20881.6 9 20108.5 3937 
961 21471.5 21271.9 5 20108.5 3962 
962 21471.5 21428.2 34 20108.5 3984 
963 21471.5 21454.4 13 20533 4036 
964 21471.5 21404 6 20108.5 4134 
965 21471.5 21460.6 38 20108.5 4283 
966 21471.5 21079.2 44 20108.5 4356 
967 21471.5 21462.3 5 20533 4153 
968 21471.5 21463.9 25 20533 4224 
969 21471.5 21156.5 31 20108.5 4059 
970 21471.5 21255.9 5 20533 4184 
971 21471.5 21293.4 11 20533 4209 
972 21471.5 21347.6 21 20108.5 3953 
973 21471.5 21249.8 14 20108.5 4041 
974 21471.5 21422.6 5 20533 4147 
975 21471.5 21424.7 10 20108.5 4319 
976 21471.5 21432.1 38 20108.5 4265 
977 21471.5 21313.9 9 20533 4315 
978 21471.5 21397.7 6 20108.5 4336 
979 21471.5 21277.4 6 20108.5 4412 
980 21471.5 21235.4 5 20108.5 4477 
981 21471.5 21298.3 5 20108.5 4120 
982 21471.5 21259.7 5 20642.3 4210 
983 21471.5 21116.8 14 20533 3887 
984 21471.5 21469.4 17 20656.4 4114 
985 21471.5 21436.9 9 20533 3979 
986 21471.5 21161.9 10 20108.5 4091 
987 21471.5 21461.1 13 20642.3 3916 
988 21471.5 21436.2 19 20656.4 4519 
989 21471.5 21452.1 18 20108.5 4190 
990 21471.5 21471.2 9 20108.5 4232 
991 21471.5 21140.2 42 20533 3944 
992 21471.5 21422.6 21 20642.3 4083 
993 21471.5 20781 5 20108.5 4028 
994 21471.5 21350.4 5 20108.5 3985 
995 21471.5 21166.4 14 20108.5 3935 
996 21471.5 21450.7 4 20564.1 4035 
997 21471.5 21356.4 14 20108.5 3903 
998 21471.5 21342.9 21 20108.5 3982 
999 21471.5 21298.3 5 20718.6 4362 
