0 0.929765 6097.01 6097.01
1 0.846086 6097.01 6097.01
2 0.846086 6097.01 6097.01
3 0.846086 6097.01 6097.01
4 0.846086 6097.01 6097.72
5 0.846086 6096.16 6096.16
6 0.846086 6096.11 6096.11
7 0.846086 6094.62 6094.62
8 0.846086 6094.62 6094.62
9 0.846086 6094.62 6094.62
10 0.846086 6094.62 6094.62
11 0.846086 6094.62 6094.62
12 0.846086 6094.62 6094.62
13 0.846086 6094.62 6094.62
14 0.846086 6094.62 6094.9
15 0.846086 6093.15 6093.15
16 0.846086 6093.15 6093.15
17 0.846086 6093.15 6094.94
18 0.846086 6093.15 6094.94
19 0.846086 6093.15 6094.66
20 0.846086 6093.15 6094.64
21 0.846086 6093.11 6093.11
22 0.846086 6091.32 6091.32
23 0.846086 6091.21 6091.21
24 0.846086 6091 6091
25 0.846086 6091 6091
26 0.846086 6091 6091
27 0.846086 6088.55 6088.55
28 0.846086 6087.91 6087.91
29 0.846086 6087.82 6087.82
30 0.846086 6087.82 6088.04
31 0.846086 6087.82 6087.96
32 0.846086 6087.57 6087.57
33 0.846086 6087.57 6087.57
34 0.846086 6087.57 6087.57
35 0.846086 6087.57 6087.57
36 0.846086 6087.57 6087.57
37 0.846086 6087.1 6087.1
38 0.846086 6086.39 6086.39
39 0.846086 6086.39 6086.39
40 0.846086 6086.18 6086.18
41 0.846086 6086.18 6086.18
42 0.846086 6086.12 6086.12
43 0.846086 6085.58 6085.58
44 0.846086 6085.58 6088.2
45 0.846086 6085.58 6087.64
46 0.846086 6085.58 6087.64
47 0.846086 6085.58 6087.64
48 0.846086 6085.58 6087.64
49 0.846086 6085.14 6085.14
50 0.846086 6085.14 6085.14
51 0.846086 6085.14 6085.14
52 0.846086 6084.57 6084.57
53 0.846086 6084.57 6084.6
54 0.846086 6083.78 6083.78
55 0.846086 6083.78 6083.78
56 0.846086 6083.71 6083.71
57 0.846086 6083.71 6083.71
58 0.846086 6082.78 6082.78
59 0.846086 6082.78 6082.78
60 0.846086 6080.49 6080.49
61 0.846086 6069.5 6069.5
62 0.846086 6069.5 6069.5
63 0.846086 6069.5 6069.5
64 0.846086 6069.5 6069.5
65 0.846086 6069.5 6069.5
66 0.846086 6069.5 6069.5
67 0.846086 6069.5 6069.5
68 0.846086 6069.5 6069.5
69 0.846086 6068.85 6068.85
70 0.846086 6068.5 6068.5
71 0.846086 6068.5 6068.59
72 0.846086 6066.58 6066.58
73 0.846086 6066.58 6066.76
74 0.846086 6066.58 6066.64
75 0.846086 6056.39 6056.39
76 0.846086 6054.86 6054.86
77 0.846086 6054.86 6054.86
78 0.846086 6052.04 6052.04
79 0.846086 6050.33 6050.33
80 0.846086 6049.56 6049.56
81 0.846086 6049.56 6049.56
82 0.846086 6049.56 6049.56
83 0.846086 6049.56 6058.76
84 0.846086 6049.56 6056.82
85 0.846086 6049.56 6056.82
86 0.846086 6049.56 6056.48
87 0.846086 6049.56 6056.48
88 0.846086 6049.56 6056.48
89 0.846086 6049.56 6056.61
90 0.846086 6049.56 6055.23
91 0.846086 6049.56 6055.55
92 0.846086 6049.56 6055.55
93 0.846086 6049.56 6055.55
94 0.846086 6049.56 6056.09
95 0.846086 6049.56 6056.09
96 0.846086 6049.56 6056.09
97 0.846086 6049.56 6056.09
98 0.846086 6049.56 6055.54
99 0.846086 6049.56 6055.54
100 0.846086 6049.56 6053.93
101 0.846086 6049.56 6053.93
102 0.846086 6049.56 6053.93
103 0.846086 6049.56 6053.93
104 0.846086 6049.56 6053.93
105 0.846086 6049.56 6053.32
106 0.846086 6049.56 6052.65
107 0.846086 6049.56 6051.59
108 0.846086 6049.56 6050.71
109 0.846086 6049.56 6050.71
110 0.846086 6049.56 6050.71
111 0.846086 6049.56 6050.04
112 0.846086 6049.56 6050.04
113 0.846086 6049.56 6050.04
114 0.846086 6049.56 6050.04
115 0.846086 6049.56 6050.04
116 0.846086 6049.56 6050.43
117 0.846086 6049.56 6053.8
118 0.846086 6049.56 6053.8
119 0.846086 6049.56 6053.8
120 0.846086 6049.56 6053.8
121 0.846086 6049.56 6053.8
122 0.846086 6049.56 6055.4
123 0.846086 6049.56 6055.4
124 0.846086 6049.56 6055.22
125 0.846086 6049.56 6055.2
126 0.846086 6049.56 6055.25
127 0.846086 6049.56 6053.72
128 0.846086 6049.56 6053.77
129 0.846086 6049.56 6053.77
130 0.846086 6049.56 6054.04
131 0.846086 6049.56 6054.08
132 0.846086 6049.56 6053.22
133 0.846086 6049.56 6051.73
134 0.846086 6049.56 6051.86
135 0.846086 6049.56 6051.86
136 0.846086 6049.56 6051.86
137 0.846086 6049.56 6051.86
138 0.846086 6049.56 6051.86
139 0.846086 6049.56 6051.86
140 0.846086 6049.56 6051.86
141 0.846086 6049.56 6051.72
142 0.846086 6049.56 6051.72
143 0.846086 6049.56 6051.72
144 0.846086 6049.56 6050.08
145 0.846086 6048.96 6048.96
146 0.846086 6048.96 6048.96
147 0.846086 6048.96 6048.96
148 0.846086 6048.69 6048.69
149 0.846086 6048.69 6048.87
150 0.846086 6048.15 6048.15
151 0.846086 6046.83 6046.83
152 0.846086 6046.51 6046.51
153 0.846086 6046.51 6046.51
154 0.846086 6045.39 6045.39
155 0.846086 6045.39 6045.39
156 0.846086 6045.39 6045.39
157 0.846086 6045.29 6045.29
158 0.846086 6045.29 6045.29
159 0.846086 6045.29 6045.29
160 0.846086 6043.97 6043.97
161 0.846086 6042.56 6042.56
162 0.846086 6042.38 6042.38
163 0.846086 6042.38 6042.38
164 0.846086 6041.92 6041.92
165 0.846086 6041.33 6041.33
166 0.846086 6040.93 6040.93
167 0.846086 6040.54 6040.54
168 0.846086 6032.89 6032.89
169 0.846086 6032.89 6032.89
170 0.846086 6032.89 6032.89
171 0.846086 6032.89 6032.89
172 0.846086 6032.89 6032.89
173 0.846086 6032.89 6032.92
174 0.846086 6032.89 6032.92
175 0.846086 6032.89 6032.92
176 0.846086 6032.89 6032.92
177 0.846086 6032.89 6035.24
178 0.846086 6032.89 6035.24
179 0.846086 6032.89 6034.63
180 0.846086 6032.89 6034.63
181 0.846086 6032.89 6033.54
182 0.846086 6032.75 6032.75
183 0.846086 6032.43 6032.43
184 0.846086 6032.43 6032.72
185 0.846086 6032.01 6032.01
186 0.846086 6032.01 6032.01
187 0.846086 6032.01 6032.01
188 0.846086 6031.73 6031.73
189 0.846086 6031.57 6031.57
190 0.846086 6031.57 6031.57
191 0.846086 6031.4 6031.4
192 0.846086 6031.4 6031.4
193 0.846086 6028.54 6028.54
194 0.846086 6028.38 6028.38
195 0.846086 6028.38 6028.38
196 0.846086 6026.14 6026.14
197 0.846086 6025.57 6025.57
198 0.846086 6025.57 6025.68
199 0.846086 6025.57 6025.68
200 0.846086 6025.57 6026.5
201 0.846086 6025.57 6026.5
202 0.846086 6024.18 6024.18
203 0.846086 6024.18 6024.18
204 0.846086 6023.68 6023.68
205 0.846086 6022.78 6022.78
206 0.846086 6021.91 6021.91
207 0.846086 6018.52 6018.52
208 0.846086 6018.52 6019.22
209 0.846086 6018.52 6020.93
210 0.846086 6018.52 6020.99
211 0.846086 6018.52 6020.99
212 0.846086 6018.52 6020.07
213 0.846086 6018.52 6020.03
214 0.846086 6018.52 6019.92
215 0.846086 6018.52 6019.53
216 0.846086 6018.52 6019.53
217 0.846086 6018.52 6019.46
218 0.846086 6018.52 6019.8
219 0.846086 6017.48 6017.48
220 0.846086 6017.48 6017.48
221 0.846086 6017.48 6017.48
222 0.846086 6017.4 6017.4
223 0.846086 6016.63 6016.63
224 0.846086 6016.63 6016.63
225 0.846086 6016.63 6016.63
226 0.846086 6016.63 6016.63
227 0.846086 6016.59 6016.59
228 0.846086 6016.59 6016.59
229 0.846086 6016.59 6016.59
230 0.846086 6016.59 6016.59
231 0.846086 6016.59 6018.19
232 0.846086 6016.59 6018.19
233 0.846086 6015.35 6015.35
234 0.846086 6013.56 6013.56
235 0.846086 6013.56 6013.56
236 0.846086 6013.56 6013.56
237 0.846086 6012.77 6012.77
238 0.846086 6012.77 6012.77
239 0.846086 6012.08 6012.08
240 0.846086 6010.8 6010.8
241 0.846086 6010.8 6010.8
242 0.846086 6010.8 6010.8
243 0.846086 6010.73 6010.73
244 0.846086 6010.35 6010.35
245 0.846086 6010.35 6010.35
246 0.846086 6008.15 6008.15
247 0.846086 6007.07 6007.07
248 0.846086 6004.75 6004.75
249 0.846086 6004.75 6004.75
250 0.846086 6003.62 6003.62
251 0.846086 6003.62 6003.62
252 0.846086 6000.7 6000.7
253 0.846086 5999.71 5999.71
254 0.846086 5999.07 5999.07
255 0.846086 5999.07 5999.07
256 0.846086 5999.07 5999.07
257 0.846086 5999.07 5999.07
258 0.846086 5999.07 5999.07
259 0.846086 5998.4 5998.4
260 0.846086 5998.36 5998.36
261 0.846086 5998.36 5998.36
262 0.846086 5998.36 5998.37
263 0.846086 5998.36 5998.37
264 0.846086 5996.83 5996.83
265 0.846086 5996.83 5996.85
266 0.846086 5996.83 5996.85
267 0.846086 5996.83 5996.85
268 0.846086 5995.43 5995.43
269 0.846086 5995.43 5995.43
270 0.846086 5995.43 5995.43
271 0.846086 5995.25 5995.25
272 0.846086 5995.25 5995.25
273 0.846086 5993.34 5993.34
274 0.846086 5993.34 5993.34
275 0.846086 5990.89 5990.89
276 0.846086 5990.35 5990.35
277 0.846086 5988.09 5988.09
278 0.846086 5988.09 5988.09
279 0.846086 5987.65 5987.65
280 0.846086 5986.91 5986.91
281 0.846086 5984.26 5984.26
282 0.846086 5980.36 5980.36
283 0.846086 5980.36 5980.36
284 0.846086 5980.36 5980.36
285 0.846086 5979.13 5979.13
286 0.846086 5979.13 5979.27
287 0.846086 5979.13 5979.27
288 0.846086 5978.66 5978.66
289 0.846086 5978.66 5980.06
290 0.846086 5978.66 5980.05
291 0.846086 5970.08 5970.08
292 0.846086 5969.83 5969.83
293 0.846086 5969.83 5969.83
294 0.846086 5969.83 5970.17
295 0.846086 5969.83 5972.63
296 0.846086 5969.83 5972.63
297 0.846086 5969.83 5971.6
298 0.846086 5969.83 5971.22
299 0.846086 5969.83 5970.98
300 0.846086 5969.83 5970.65
301 0.846086 5969.34 5969.34
302 0.846086 5969.34 5969.34
303 0.846086 5969.34 5969.34
304 0.846086 5966.78 5966.78
305 0.846086 5966.77 5966.77
306 0.846086 5966.77 5966.77
307 0.846086 5966.4 5966.4
308 0.846086 5966.33 5966.33
309 0.846086 5966.33 5967.95
310 0.846086 5966.33 5967.95
311 0.846086 5961.64 5961.64
312 0.846086 5961.64 5961.64
313 0.846086 5961.64 5961.64
314 0.846086 5961.64 5961.74
315 0.846086 5961.59 5961.59
316 0.846086 5961.59 5961.59
317 0.846086 5959.85 5959.85
318 0.846086 5959.83 5959.83
319 0.846086 5959.83 5959.88
320 0.846086 5958.22 5958.22
321 0.846086 5956.78 5956.78
322 0.846086 5954.75 5954.75
323 0.846086 5953.35 5953.35
324 0.846086 5953.35 5953.35
325 0.846086 5953.33 5953.33
326 0.846086 5949.83 5949.83
327 0.846086 5949.79 5949.79
328 0.846086 5949.4 5949.4
329 0.846086 5947.87 5947.87
330 0.846086 5947.87 5947.87
331 0.846086 5947.87 5947.87
332 0.846086 5947.87 5947.87
333 0.846086 5947.51 5947.51
334 0.846086 5947.51 5947.51
335 0.846086 5947.51 5947.59
336 0.846086 5947.51 5947.59
337 0.846086 5946.4 5946.4
338 0.846086 5946.4 5946.4
339 0.846086 5946.23 5946.23
340 0.846086 5945.78 5945.78
341 0.846086 5944.14 5944.14
342 0.846086 5944.04 5944.04
343 0.846086 5943.48 5943.48
344 0.846086 5943.02 5943.02
345 0.846086 5943.02 5943.03
346 0.846086 5943.02 5943.03
347 0.846086 5939.98 5939.98
348 0.846086 5939.98 5939.98
349 0.846086 5939.05 5939.05
350 0.846086 5939.05 5939.05
351 0.846086 5928.69 5928.69
352 0.846086 5928.26 5928.26
353 0.846086 5927.28 5927.28
354 0.846086 5927.28 5927.28
355 0.846086 5927.28 5927.48
356 0.846086 5927.28 5927.48
357 0.846086 5927.28 5927.48
358 0.846086 5927.28 5927.48
359 0.846086 5927.28 5927.52
360 0.846086 5926.43 5926.43
361 0.846086 5926.43 5926.43
362 0.846086 5925.6 5925.6
363 0.846086 5925.6 5925.6
364 0.846086 5924.88 5924.88
365 0.846086 5924.88 5924.88
366 0.846086 5924.88 5925.27
367 0.846086 5924.88 5925.01
368 0.846086 5924.6 5924.6
369 0.846086 5924.6 5924.6
370 0.846086 5924.6 5924.6
371 0.846086 5924.11 5924.11
372 0.846086 5924.11 5924.11
373 0.846086 5924.11 5924.11
374 0.846086 5924.11 5924.11
375 0.846086 5924.05 5924.05
376 0.846086 5923.8 5923.8
377 0.846086 5915.38 5915.38
378 0.846086 5914.55 5914.55
379 0.846086 5914.31 5914.31
380 0.846086 5914.07 5914.07
381 0.846086 5914.07 5914.07
382 0.846086 5914.07 5914.2
383 0.846086 5914.07 5914.2
384 0.846086 5913.83 5913.83
385 0.846086 5912.24 5912.24
386 0.846086 5912.15 5912.15
387 0.846086 5912.15 5912.15
388 0.846086 5912.12 5912.12
389 0.846086 5912.12 5912.12
390 0.846086 5912.12 5912.12
391 0.846086 5912.12 5912.12
392 0.846086 5912.12 5912.12
393 0.846086 5910.43 5910.43
394 0.846086 5910.3 5910.3
395 0.846086 5909.7 5909.7
396 0.846086 5909.39 5909.39
397 0.846086 5909.39 5909.41
398 0.846086 5909.39 5909.41
399 0.846086 5909.39 5909.41
400 0.846086 5909.39 5909.41
401 0.846086 5908.79 5908.79
402 0.846086 5908.33 5908.33
403 0.846086 5906.18 5906.18
404 0.846086 5905.97 5905.97
405 0.846086 5905.83 5905.83
406 0.846086 5905.83 5905.83
407 0.846086 5905.83 5905.83
408 0.846086 5905.83 5905.83
409 0.846086 5905.83 5905.83
410 0.846086 5905.83 5906.08
411 0.846086 5904.1 5904.1
412 0.846086 5904.1 5904.1
413 0.846086 5904.1 5904.1
414 0.846086 5902.7 5902.7
415 0.846086 5902.57 5902.57
416 0.846086 5900.79 5900.79
417 0.846086 5900.57 5900.57
418 0.846086 5900.57 5900.57
419 0.846086 5900.57 5900.57
420 0.846086 5899.69 5899.69
421 0.846086 5895.14 5895.14
422 0.846086 5895.14 5895.14
423 0.846086 5895.14 5895.14
424 0.846086 5895.14 5895.14
425 0.846086 5895.14 5895.14
426 0.846086 5894.73 5894.73
427 0.846086 5893.62 5893.62
428 0.846086 5893.55 5893.55
429 0.846086 5893.42 5893.42
430 0.846086 5893.42 5893.42
431 0.846086 5893.42 5893.42
432 0.846086 5893.42 5893.7
433 0.846086 5893.42 5893.7
434 0.846086 5893.42 5893.7
435 0.846086 5884 5884
436 0.846086 5883.26 5883.26
437 0.846086 5883.26 5883.26
438 0.846086 5883.26 5883.26
439 0.846086 5882.84 5882.84
440 0.846086 5882.84 5882.84
441 0.846086 5882.84 5882.84
442 0.846086 5882.59 5882.59
443 0.846086 5882.59 5882.59
444 0.846086 5882.25 5882.25
445 0.846086 5882.25 5882.25
446 0.846086 5882.25 5882.25
447 0.846086 5882.11 5882.11
448 0.846086 5882.11 5882.11
449 0.846086 5882.11 5882.11
450 0.846086 5882.11 5882.11
451 0.846086 5882.11 5882.11
452 0.846086 5882.11 5882.11
453 0.846086 5882.11 5882.13
454 0.846086 5882.11 5882.22
455 0.846086 5882.11 5882.22
456 0.846086 5880.9 5880.9
457 0.846086 5880.9 5880.9
458 0.846086 5880.9 5880.9
459 0.846086 5879.62 5879.62
460 0.846086 5879.62 5879.62
461 0.846086 5877.08 5877.08
462 0.846086 5877.08 5877.08
463 0.846086 5866.62 5866.62
464 0.846086 5865.83 5865.83
465 0.846086 5865.83 5865.83
466 0.846086 5864.8 5864.8
467 0.846086 5863.59 5863.59
468 0.846086 5863.59 5863.59
469 0.846086 5863.59 5863.59
470 0.846086 5863.54 5863.54
471 0.846086 5862.81 5862.81
472 0.846086 5862.78 5862.78
473 0.846086 5862.7 5862.7
474 0.846086 5862.7 5862.7
475 0.846086 5862.46 5862.46
476 0.846086 5862.41 5862.41
477 0.846086 5862.41 5862.41
478 0.846086 5862.41 5862.41
479 0.846086 5862.41 5862.41
480 0.846086 5861.47 5861.47
481 0.846086 5861.47 5861.47
482 0.846086 5861.47 5861.47
483 0.846086 5861.47 5861.56
484 0.846086 5861.47 5861.56
485 0.846086 5861.47 5861.56
486 0.846086 5861.47 5861.56
487 0.846086 5861.47 5861.56
488 0.846086 5861.47 5861.56
489 0.846086 5861.47 5861.56
490 0.846086 5861.47 5861.56
491 0.846086 5861.47 5861.56
492 0.846086 5861.47 5861.56
493 0.846086 5861.47 5861.56
494 0.846086 5861.3 5861.3
495 0.846086 5860.42 5860.42
496 0.846086 5860.42 5860.42
497 0.846086 5860.42 5860.69
498 0.846086 5860.42 5860.69
499 0.846086 5860.39 5860.39
500 0.846086 5858.12 5858.12
501 0.846086 5858.12 5858.12
502 0.846086 5858.12 5858.12
503 0.846086 5857.67 5857.67
504 0.846086 5857.56 5857.56
505 0.846086 5857.56 5857.56
506 0.846086 5857.56 5857.56
507 0.846086 5857.56 5858.06
508 0.846086 5857.56 5857.94
509 0.846086 5856.77 5856.77
510 0.846086 5856.77 5856.97
511 0.846086 5856.77 5856.97
512 0.846086 5856.53 5856.53
513 0.846086 5856.53 5856.53
514 0.846086 5855.63 5855.63
515 0.846086 5855.63 5855.63
516 0.846086 5855.63 5856.08
517 0.846086 5855.63 5856.08
518 0.846086 5855.63 5856.24
519 0.846086 5855.63 5856.24
520 0.846086 5855.63 5855.79
521 0.846086 5855.63 5855.79
522 0.846086 5855.63 5855.79
523 0.846086 5855.63 5855.79
524 0.846086 5846.59 5846.59
525 0.846086 5846.59 5846.59
526 0.846086 5846.59 5846.59
527 0.846086 5846.59 5846.59
528 0.846086 5846.56 5846.56
529 0.846086 5846.56 5846.6
530 0.846086 5844.5 5844.5
531 0.846086 5844.5 5844.5
532 0.846086 5840.9 5840.9
533 0.846086 5840.9 5840.9
534 0.846086 5840.9 5840.9
535 0.846086 5840.9 5841.07
536 0.846086 5840.9 5841.07
537 0.846086 5840.9 5841.33
538 0.846086 5840.9 5841.33
539 0.846086 5840.9 5841.33
540 0.846086 5840.9 5841.33
541 0.846086 5840.9 5840.98
542 0.846086 5840.9 5840.98
543 0.846086 5840.9 5840.98
544 0.846086 5840.9 5840.98
545 0.846086 5840.9 5841.09
546 0.846086 5840.11 5840.11
547 0.846086 5840.11 5840.11
548 0.846086 5839.97 5839.97
549 0.846086 5839.82 5839.82
550 0.846086 5839.01 5839.01
551 0.846086 5839.01 5839.01
552 0.846086 5834.95 5834.95
553 0.846086 5834.95 5834.95
554 0.846086 5834.95 5836.67
555 0.846086 5834.95 5836.67
556 0.846086 5834.95 5835.47
557 0.846086 5834.95 5835.47
558 0.846086 5834.95 5835.47
559 0.846086 5834.95 5835.71
560 0.846086 5834.95 5835.59
561 0.846086 5834.95 5835.59
562 0.846086 5834.8 5834.8
563 0.846086 5834.8 5836.83
564 0.846086 5833.37 5833.37
565 0.846086 5830.79 5830.79
566 0.846086 5830.19 5830.19
567 0.846086 5830.19 5830.42
568 0.846086 5830.19 5830.42
569 0.846086 5830.19 5830.42
570 0.846086 5830.19 5830.42
571 0.846086 5822.73 5822.73
572 0.846086 5822.73 5822.73
573 0.846086 5822.62 5822.62
574 0.846086 5822.62 5826.61
575 0.846086 5822.62 5826.61
576 0.846086 5822.62 5826.61
577 0.846086 5822.62 5826.61
578 0.846086 5822.61 5822.61
579 0.846086 5821.41 5821.41
580 0.846086 5821.41 5821.41
581 0.846086 5821.36 5821.36
582 0.846086 5820.92 5820.92
583 0.846086 5818.55 5818.55
584 0.846086 5818.55 5818.81
585 0.846086 5818.55 5818.81
586 0.846086 5818.55 5818.81
587 0.846086 5818.55 5818.76
588 0.846086 5818.55 5819.05
589 0.846086 5818.55 5819.05
590 0.846086 5818.55 5819.05
591 0.846086 5817.72 5817.72
592 0.846086 5816.66 5816.66
593 0.846086 5816.66 5816.66
594 0.846086 5816.66 5816.66
595 0.846086 5808.43 5808.43
596 0.846086 5808.43 5808.43
597 0.846086 5808.43 5808.43
598 0.846086 5808.43 5808.82
599 0.846086 5808.43 5808.49
600 0.846086 5808.01 5808.01
601 0.846086 5808.01 5808.01
602 0.846086 5807.88 5807.88
603 0.846086 5807.14 5807.14
604 0.846086 5799.13 5799.13
605 0.846086 5799.13 5799.13
606 0.846086 5797.44 5797.44
607 0.846086 5796.04 5796.04
608 0.846086 5796.04 5796.04
609 0.846086 5796.04 5796.04
610 0.846086 5796.04 5796.04
611 0.846086 5795.81 5795.81
612 0.846086 5792.3 5792.3
613 0.846086 5792.3 5792.3
614 0.846086 5792.3 5792.3
615 0.846086 5792.13 5792.13
616 0.846086 5792.01 5792.01
617 0.846086 5790.79 5790.79
618 0.846086 5790.14 5790.14
619 0.846086 5790.14 5790.14
620 0.846086 5790.14 5790.14
621 0.846086 5790.14 5790.14
622 0.846086 5790.14 5790.16
623 0.846086 5790.14 5790.16
624 0.846086 5790.14 5790.15
625 0.846086 5790.14 5790.15
626 0.846086 5790.14 5790.15
627 0.846086 5789.5 5789.5
628 0.846086 5789.5 5789.5
629 0.846086 5789.5 5796.51
630 0.846086 5789.5 5796.51
631 0.846086 5789.5 5795.4
632 0.846086 5789.5 5795.4
633 0.846086 5789.5 5794.33
634 0.846086 5789.5 5791.96
635 0.846086 5789.5 5791.96
636 0.846086 5789.5 5791.96
637 0.846086 5789.5 5791.96
638 0.846086 5789.5 5791.64
639 0.846086 5789.5 5791.64
640 0.846086 5782.13 5782.13
641 0.846086 5781.85 5781.85
642 0.846086 5781.37 5781.37
643 0.846086 5780.72 5780.72
644 0.846086 5780.72 5780.72
645 0.846086 5780.72 5780.72
646 0.846086 5780.72 5780.77
647 0.846086 5780.72 5780.77
648 0.846086 5778.85 5778.85
649 0.846086 5778.61 5778.61
650 0.846086 5778.61 5781.09
651 0.846086 5778.61 5780.43
652 0.846086 5778.61 5780.43
653 0.846086 5778.61 5780.22
654 0.846086 5776.62 5776.62
655 0.846086 5775.71 5775.71
656 0.846086 5773.77 5773.77
657 0.846086 5772.15 5772.15
658 0.846086 5772.15 5772.24
659 0.846086 5770.15 5770.15
660 0.846086 5770.15 5770.17
661 0.846086 5770.15 5770.17
662 0.846086 5770.15 5770.17
663 0.846086 5770.15 5770.17
664 0.846086 5770.15 5770.17
665 0.846086 5770.15 5770.17
666 0.846086 5758.75 5758.75
667 0.846086 5758.75 5758.93
668 0.846086 5758.75 5758.93
669 0.846086 5758.75 5758.93
670 0.846086 5758.75 5758.93
671 0.846086 5758.75 5758.77
672 0.846086 5758.75 5758.77
673 0.846086 5758.75 5758.77
674 0.846086 5758.47 5758.47
675 0.846086 5758.09 5758.09
676 0.846086 5758.09 5758.09
677 0.846086 5758.09 5758.09
678 0.846086 5758.09 5758.09
679 0.846086 5758.09 5758.13
680 0.846086 5758.09 5758.13
681 0.846086 5757.64 5757.64
682 0.846086 5757.64 5757.87
683 0.846086 5757.64 5757.87
684 0.846086 5757.64 5757.87
685 0.846086 5757.64 5757.87
686 0.846086 5755.59 5755.59
687 0.846086 5755.59 5755.59
688 0.846086 5755.59 5755.59
689 0.846086 5755.59 5755.59
690 0.846086 5755.59 5755.59
691 0.846086 5755 5755
692 0.846086 5754.84 5754.84
693 0.846086 5754.84 5754.84
694 0.846086 5754.54 5754.54
695 0.846086 5754.54 5754.54
696 0.846086 5752.79 5752.79
697 0.846086 5752.79 5752.79
698 0.846086 5752.79 5752.79
699 0.846086 5752.73 5752.73
700 0.846086 5752.73 5752.73
701 0.846086 5752.73 5752.73
702 0.846086 5752.73 5753.08
703 0.846086 5752.73 5752.83
704 0.846086 5752.08 5752.08
705 0.846086 5751.97 5751.97
706 0.846086 5751.97 5751.97
707 0.846086 5751.97 5751.97
708 0.846086 5751.97 5751.97
709 0.846086 5751.97 5751.97
710 0.846086 5751.97 5752.03
711 0.846086 5751.97 5752.03
712 0.846086 5751.69 5751.69
713 0.846086 5751.69 5751.69
714 0.846086 5751.69 5751.75
715 0.846086 5751.14 5751.14
716 0.846086 5749.05 5749.05
717 0.846086 5748.8 5748.8
718 0.846086 5748.8 5748.8
719 0.846086 5748.8 5748.8
720 0.846086 5748.8 5748.8
721 0.846086 5744.93 5744.93
722 0.846086 5744.93 5744.93
723 0.846086 5744.51 5744.51
724 0.846086 5744.51 5745.67
725 0.846086 5744.51 5745.45
726 0.846086 5744.51 5745.45
727 0.846086 5742.58 5742.58
728 0.846086 5741.79 5741.79
729 0.846086 5741.79 5741.79
730 0.846086 5741.63 5741.63
731 0.846086 5741.63 5741.63
732 0.846086 5741.63 5741.63
733 0.846086 5741.36 5741.36
734 0.846086 5741.36 5741.36
735 0.846086 5741.36 5750.27
736 0.846086 5741.36 5751.56
737 0.846086 5741.36 5751.53
738 0.846086 5741.36 5750.77
739 0.846086 5741.36 5750.8
740 0.846086 5741.36 5749.77
741 0.846086 5741.36 5748.25
742 0.846086 5741.36 5748.25
743 0.846086 5741.36 5747.56
744 0.846086 5741.36 5747.56
745 0.846086 5741.36 5747.56
746 0.846086 5741.36 5747.56
747 0.846086 5741.36 5742.82
748 0.846086 5741.36 5742.82
749 0.846086 5741.36 5742.67
750 0.846086 5741.36 5742.67
751 0.846086 5741.36 5742.72
752 0.846086 5741.36 5742.72
753 0.846086 5741.36 5742.55
754 0.846086 5741.36 5742.55
755 0.846086 5741.36 5742.52
756 0.846086 5741.36 5742.52
757 0.846086 5741.36 5742.69
758 0.846086 5741.36 5741.78
759 0.846086 5738.88 5738.88
760 0.846086 5738.88 5738.88
761 0.846086 5738.73 5738.73
762 0.846086 5738.73 5738.73
763 0.846086 5737.98 5737.98
764 0.846086 5736.51 5736.51
765 0.846086 5736.51 5736.51
766 0.846086 5736.51 5736.51
767 0.846086 5736.51 5736.51
768 0.846086 5736.51 5736.51
769 0.846086 5736.51 5736.51
770 0.846086 5735.37 5735.37
771 0.846086 5733.71 5733.71
772 0.846086 5732.41 5732.41
773 0.846086 5729.79 5729.79
774 0.846086 5729.79 5729.9
775 0.846086 5729.79 5729.9
776 0.846086 5729.79 5729.9
777 0.846086 5729.79 5729.9
778 0.846086 5729.79 5729.9
779 0.846086 5729.79 5729.9
780 0.846086 5729.79 5729.9
781 0.846086 5729.79 5729.9
782 0.846086 5729.79 5733.08
783 0.846086 5729.79 5732.12
784 0.846086 5722.98 5722.98
785 0.846086 5722.13 5722.13
786 0.846086 5722.13 5722.14
787 0.846086 5721.86 5721.86
788 0.846086 5717.86 5717.86
789 0.846086 5717.36 5717.36
790 0.846086 5717.36 5717.36
791 0.846086 5717.36 5717.36
792 0.846086 5716.92 5716.92
793 0.846086 5716.66 5716.66
794 0.846086 5716.66 5716.66
795 0.846086 5716.66 5716.66
796 0.846086 5716.66 5716.66
797 0.846086 5716.4 5716.4
798 0.846086 5716.29 5716.29
799 0.846086 5716.29 5716.29
800 0.846086 5716.29 5716.29
801 0.846086 5716.29 5716.29
802 0.846086 5716.29 5716.32
803 0.846086 5716.29 5716.32
804 0.846086 5716.29 5716.32
805 0.846086 5716.02 5716.02
806 0.846086 5716.02 5717.92
807 0.846086 5714.9 5714.9
808 0.846086 5713.59 5713.59
809 0.846086 5713.59 5713.62
810 0.846086 5713.59 5713.62
811 0.846086 5713.59 5713.62
812 0.846086 5713.37 5713.37
813 0.846086 5713.37 5713.37
814 0.846086 5712.63 5712.63
815 0.846086 5712.63 5712.63
816 0.846086 5712.63 5712.63
817 0.846086 5712.63 5712.63
818 0.846086 5712.09 5712.09
819 0.846086 5711.91 5711.91
820 0.846086 5711.91 5711.91
821 0.846086 5711.91 5711.91
822 0.846086 5711.91 5711.91
823 0.846086 5711.91 5711.91
824 0.846086 5710.64 5710.64
825 0.846086 5710.64 5710.8
826 0.846086 5710.64 5710.8
827 0.846086 5710.64 5710.8
828 0.846086 5710.64 5710.8
829 0.846086 5710.09 5710.09
830 0.846086 5710.09 5710.29
831 0.846086 5710.09 5710.29
832 0.846086 5709.59 5709.59
833 0.846086 5709.59 5709.59
834 0.846086 5709.59 5709.59
835 0.846086 5709.59 5709.59
836 0.846086 5709.59 5709.59
837 0.846086 5709.59 5709.59
838 0.846086 5709.59 5709.59
839 0.846086 5709.59 5709.59
840 0.846086 5709.45 5709.45
841 0.846086 5709.45 5710.47
842 0.846086 5709.45 5710.47
843 0.846086 5709.45 5710.43
844 0.846086 5709.45 5710.43
845 0.846086 5709.45 5710.44
846 0.846086 5709.45 5710.44
847 0.846086 5709.45 5710.41
848 0.846086 5709.45 5710.24
849 0.846086 5709.45 5710.24
850 0.846086 5709.45 5710.24
851 0.846086 5709.45 5709.58
852 0.846086 5709.45 5709.58
853 0.846086 5709.13 5709.13
854 0.846086 5709.13 5709.13
855 0.846086 5707.27 5707.27
856 0.846086 5705.55 5705.55
857 0.846086 5705.55 5705.55
858 0.846086 5704.23 5704.23
859 0.846086 5704.06 5704.06
860 0.846086 5701.81 5701.81
861 0.846086 5701.71 5701.71
862 0.846086 5697.96 5697.96
863 0.846086 5697.42 5697.42
864 0.846086 5697.42 5697.42
865 0.846086 5696.52 5696.52
866 0.846086 5696.52 5696.52
867 0.846086 5696.52 5696.52
868 0.846086 5696.52 5696.52
869 0.846086 5696.52 5696.52
870 0.846086 5696.52 5696.52
871 0.846086 5695.84 5695.84
872 0.846086 5695.84 5695.84
873 0.846086 5693.99 5693.99
874 0.846086 5693.99 5693.99
875 0.846086 5693.99 5694.36
876 0.846086 5693.63 5693.63
877 0.846086 5690.85 5690.85
878 0.846086 5690.85 5690.85
879 0.846086 5690.8 5690.8
880 0.846086 5690.8 5693.87
881 0.846086 5690.8 5693.87
882 0.846086 5690.8 5695.14
883 0.846086 5690.8 5694.52
884 0.846086 5690.8 5694.21
885 0.846086 5688.18 5688.18
886 0.846086 5688.18 5688.18
887 0.846086 5688.18 5688.87
888 0.846086 5688.18 5688.4
889 0.846086 5688.18 5688.4
890 0.846086 5687.77 5687.77
891 0.846086 5687.77 5687.77
892 0.846086 5687.77 5687.77
893 0.846086 5687.77 5687.77
894 0.846086 5687.77 5687.77
895 0.846086 5687.77 5687.77
896 0.846086 5687.77 5687.77
897 0.846086 5687.13 5687.13
898 0.846086 5687.13 5687.13
899 0.846086 5687.13 5687.13
900 0.846086 5687.13 5687.13
901 0.846086 5683.53 5683.53
902 0.846086 5683.17 5683.17
903 0.846086 5683.17 5683.17
904 0.846086 5682.25 5682.25
905 0.846086 5682.25 5682.25
906 0.846086 5682.21 5682.21
907 0.846086 5682.21 5682.21
908 0.846086 5682.21 5682.21
909 0.846086 5682.21 5682.21
910 0.846086 5682.21 5682.21
911 0.846086 5682.21 5682.21
912 0.846086 5682.21 5682.38
913 0.846086 5682.21 5682.38
914 0.846086 5673.57 5673.57
915 0.846086 5671.02 5671.02
916 0.846086 5671.02 5671.02
917 0.846086 5671.02 5671.02
918 0.846086 5671.02 5671.02
919 0.846086 5671.02 5671.02
920 0.846086 5671.02 5671.02
921 0.846086 5671.02 5671.02
922 0.846086 5671.02 5671.02
923 0.846086 5671.02 5671.02
924 0.846086 5671.02 5671.02
925 0.846086 5671.02 5671.02
926 0.846086 5671.02 5671.02
927 0.846086 5670.83 5670.83
928 0.846086 5670.08 5670.08
929 0.846086 5670.08 5670.08
930 0.846086 5670.08 5670.08
931 0.846086 5670.08 5670.08
932 0.846086 5669.89 5669.89
933 0.846086 5667.69 5667.69
934 0.846086 5667.69 5668.59
935 0.846086 5667.69 5668.59
936 0.846086 5665.59 5665.59
937 0.846086 5665.59 5665.59
938 0.846086 5665.59 5665.59
939 0.846086 5665.59 5665.59
940 0.846086 5664.24 5664.24
941 0.846086 5662.89 5662.89
942 0.846086 5662.13 5662.13
943 0.846086 5661.16 5661.16
944 0.846086 5652.98 5652.98
945 0.846086 5652.79 5652.79
946 0.846086 5652.68 5652.68
947 0.846086 5652.68 5652.68
948 0.846086 5652.68 5652.68
949 0.846086 5650.57 5650.57
950 0.846086 5650.57 5650.57
951 0.846086 5650.51 5650.51
952 0.846086 5650.51 5650.51
953 0.846086 5648.09 5648.09
954 0.846086 5648.09 5648.16
955 0.846086 5648.09 5648.16
956 0.846086 5648.09 5648.16
957 0.846086 5648.09 5648.16
958 0.846086 5648.09 5648.16
959 0.846086 5641.54 5641.54
960 0.846086 5641.54 5641.54
961 0.846086 5641.48 5641.48
962 0.846086 5641.48 5641.48
963 0.846086 5641.42 5641.42
964 0.846086 5641.42 5641.42
965 0.846086 5639.79 5639.79
966 0.846086 5632.78 5632.78
967 0.846086 5632.78 5632.78
968 0.846086 5632.78 5632.78
969 0.846086 5632.78 5632.78
970 0.846086 5632.78 5632.83
971 0.846086 5632.78 5632.83
972 0.846086 5631.66 5631.66
973 0.846086 5631.37 5631.37
974 0.846086 5630.19 5630.19
975 0.846086 5630.13 5630.13
976 0.846086 5630.13 5630.13
977 0.846086 5628.39 5628.39
978 0.846086 5628.39 5628.82
979 0.846086 5627.15 5627.15
980 0.846086 5626.85 5626.85
981 0.846086 5626.85 5626.85
982 0.846086 5626.85 5626.85
983 0.846086 5626.85 5626.9
984 0.846086 5626.85 5626.9
985 0.846086 5626.84 5626.84
986 0.846086 5619.77 5619.77
987 0.846086 5619.77 5619.77
988 0.846086 5619.77 5619.77
989 0.846086 5619.77 5619.77
990 0.846086 5618.39 5618.39
991 0.846086 5618.39 5618.39
992 0.846086 5618.39 5618.39
993 0.846086 5618.39 5618.48
994 0.846086 5618.39 5618.48
995 0.846086 5614.14 5614.14
996 0.846086 5614.14 5614.37
997 0.846086 5614.14 5614.37
998 0.846086 5614.14 5614.37
999 0.846086 5614.14 5614.37
