0 1138.42 1138.42 4.22462e-05
1 1129.68 1129.68 4.22462e-05
2 1123.36 1123.36 4.22462e-05
3 1087.13 1087.13 4.22462e-05
4 1183.28 1183.28 4.22462e-05
5 1136.97 1136.97 4.22462e-05
6 1127.56 1127.56 4.22462e-05
7 1129.11 1129.11 4.22462e-05
8 1144.1 1144.1 4.22462e-05
9 1090.53 1090.53 4.22462e-05
10 1152.57 1152.57 4.22462e-05
11 1113.19 1113.19 4.22462e-05
12 1089.75 1089.75 4.22462e-05
13 1082.02 1082.02 4.22462e-05
14 1046.66 1046.66 4.22462e-05
15 1098.43 1098.43 4.22462e-05
16 1074.45 1074.45 4.22462e-05
17 1146.81 1146.81 4.22462e-05
18 1166.05 1166.05 4.22462e-05
19 1140.16 1140.16 4.22462e-05
20 1100.74 1100.74 4.22462e-05
21 1095.18 1095.18 4.22462e-05
22 1107.98 1107.98 4.22462e-05
23 1086.51 1086.51 4.22462e-05
24 1166.13 1166.13 4.22462e-05
25 1095.65 1095.65 4.22462e-05
26 1119.73 1119.73 4.22462e-05
27 1174.01 1174.01 4.22462e-05
28 1117.19 1117.19 4.22462e-05
29 1107.09 1107.09 4.22462e-05
30 1094.67 1094.67 4.22462e-05
31 1113.41 1113.41 4.22462e-05
32 1102.14 1102.14 4.22462e-05
33 1134 1134 4.22462e-05
34 1123.09 1123.09 4.22462e-05
35 1106.04 1106.04 4.22462e-05
36 1093.09 1093.09 4.22462e-05
37 1068.94 1068.94 4.22462e-05
38 1093.66 1093.66 4.22462e-05
39 1113.92 1113.92 4.22462e-05
40 1137.23 1137.23 4.22462e-05
41 1137.78 1137.78 4.22462e-05
42 1071.33 1071.33 4.22462e-05
43 1093.27 1093.27 4.22462e-05
44 1083.85 1083.85 4.22462e-05
45 1152.41 1152.41 4.22462e-05
46 1154.54 1154.54 4.22462e-05
47 1126.16 1126.16 4.22462e-05
48 1101.08 1101.08 4.22462e-05
49 1072.48 1072.48 4.22462e-05
