0 319.03
1 316.182
2 322.272
3 322.323
4 323.011
5 320.25
6 323.44
7 311.234
8 321.47
9 320.817
10 326.961
11 331.235
12 317.14
13 314.517
14 324.095
15 323.199
16 330.683
17 320.921
18 320.495
19 326.497
20 320.801
21 317.163
22 324.651
23 323.851
24 321.906
25 319.637
26 324.839
27 317.053
28 320.556
29 308.659
30 320.974
31 320.323
32 321.463
33 319.077
34 325.564
35 324.838
36 316.59
37 315.818
38 311.363
39 314.825
40 319.947
41 317.931
42 300.017
43 326.142
44 324.502
45 319.236
46 320.23
47 319.297
48 311.148
49 311.044
