0 18352.6 18348.8
20 18348.8 18237.4
25 18237.4 18236.2
31 18236.2 18147.1
36 18147.1 18128.3
42 18128.3 17790
44 17790 17597.3
48 17597.3 17327.5
50 17327.5 17304.3
55 17304.3 17255.9
58 17255.9 17147.1
63 17147.1 17034.7
65 17034.7 16991
75 16991 16847.9
76 16847.9 16809.9
80 16809.9 16694
97 16694 16632.2
100 16632.2 16595.1
110 16595.1 16388.7
111 16388.7 16199.6
126 16199.6 15996.1
130 15996.1 15986.2
169 15986.2 15978.6
170 15978.6 15847.2
179 15847.2 15829.1
202 15829.1 15700.2
213 15700.2 15690.8
214 15690.8 15681.8
215 15681.8 15043.6
223 15043.6 15001
226 15001 14914
227 14914 14689.7
239 14689.7 14628.3
242 14628.3 14476.8
258 14476.8 13985.3
281 13985.3 13615.9
282 13615.9 13531.2
288 13531.2 13518.7
293 13518.7 13294.2
294 13294.2 13087.7
323 13087.7 12998.6
349 12998.6 12994
364 12994 12986.1
390 12986.1 12959.8
416 12959.8 12842.9
428 12842.9 12754.8
433 12754.8 12194.5
454 12194.5 12165.4
490 12165.4 12150.4
505 12150.4 12097.2
516 12097.2 12071.2
519 12071.2 11942.5
550 11942.5 11834.2
553 11834.2 11829.5
578 11829.5 11803.7
598 11803.7 11723.4
610 11723.4 11418.2
625 11418.2 11392.6
638 11392.6 11251.5
673 11251.5 11221.3
677 11221.3 11124.7
750 11124.7 11034.7
756 11034.7 11024.3
787 11024.3 10870.6
823 10870.6 10862.1
853 10862.1 10770
855 10770 10697.6
913 10697.6 10697.6
916 10697.6 10694.6
921 10694.6 10678.3
986 10678.3 10666.8
988 10666.8 10623.3
1038 10623.3 10603.1
1072 10603.1 10601.1
1180 10601.1 10563.7
1210 10563.7 10291.3
1297 10291.3 10162.6
1313 10162.6 10141.9
1335 10141.9 10122.5
1364 10122.5 9862.95
1506 9862.95 9862.95
1588 9862.95 9526.68
1619 9526.68 9459.28
1727 9459.28 9235.49
1857 9235.49 9189.55
1983 9189.55 9189.55
2157 9189.55 9051.03
2201 9051.03 9039.8
2408 9039.8 8958.41
2477 8958.41 8952.29
2507 8952.29 8943.37
2626 8943.37 8857.18
2656 8857.18 8857.05
2695 8857.05 8842.73
2736 8842.73 8840.75
2872 8840.75 8821
3003 8821 8788.09
3031 8788.09 8720.26
3186 8720.26 8703.27
3297 8703.27 8697.74
3300 8697.74 8643.75
3333 8643.75 8561.08
3343 8561.08 8559.62
3507 8559.62 8532.52
3634 8532.52 8532.52
4034 8532.52 8524.7
4587 8524.7 8522.38
4800 8522.38 8500.87
5006 8500.87 8491.63
5054 8491.63 8490.31
5917 8490.31 8477.53
5943 8477.53 8451.54
6176 8451.54 8406.71
6502 8406.71 8406.71
7503 17133.4 16809.5
7505 16809.5 16730.9
7510 16730.9 16712.6
7512 16712.6 16677.9
7515 16677.9 16677.4
7522 16677.4 16663
7528 16663 16643.1
7532 16643.1 16619.5
7537 16619.5 16579.3
7538 16579.3 16578.6
7552 16578.6 16397.2
7554 16397.2 16348.5
7556 16348.5 15961.6
7557 15961.6 15953.2
7559 15953.2 15946
7567 15946 15594.8
7572 15594.8 15558.3
7575 15558.3 15538.1
7586 15538.1 15361.4
7600 15361.4 15031.2
7602 15031.2 15010.5
7610 15010.5 15009.9
7623 15009.9 15003.4
7656 15003.4 14879.7
7660 14879.7 14876.3
7661 14876.3 14861.7
7699 14861.7 14707.5
7709 14707.5 14696.3
7720 14696.3 14686.6
7735 14686.6 14676.8
7746 14676.8 14673.8
7750 14673.8 14436.9
7753 14436.9 14304.2
7761 14304.2 14234.6
7783 14234.6 14202.8
7806 14202.8 13908.5
7832 13908.5 13631.4
7837 13631.4 13631.1
7840 13631.1 12708.9
7842 12708.9 12667.6
7860 12667.6 12524.3
7896 12524.3 12523.6
7898 12523.6 12510
7920 12510 12328.5
7922 12328.5 12212.7
7937 12212.7 12141.1
7941 12141.1 11441.5
7966 11441.5 10961.4
7971 10961.4 10924.5
7974 10924.5 10865.9
7981 10865.9 10820.6
8048 10820.6 10808.4
8091 10808.4 10732.2
8144 10732.2 10674.5
8193 10674.5 10548.7
8208 10548.7 10465.4
8217 10465.4 10300.2
8243 10300.2 10242.1
8295 10242.1 10193.5
8314 10193.5 10178.7
8376 10178.7 10037.6
8421 10037.6 9788.99
8507 9788.99 9730.96
8594 9730.96 9717.16
8648 9717.16 9479.43
8815 9479.43 9358.82
8817 9358.82 9276.53
8823 9276.53 9204.65
8840 9204.65 9199.12
8847 9199.12 9169.27
8975 9169.27 9024.94
8980 9024.94 8999.59
9381 8999.59 8920.52
9538 8920.52 8787.05
9867 8787.05 8753.13
10158 8753.13 8651.68
10837 8651.68 8631.52
10866 8631.52 8631.52
11867 16222.9 15899.3
11869 15899.3 15834.8
11874 15834.8 15781.2
11878 15781.2 15720.6
11892 15720.6 15698.5
11904 15698.5 15561.7
11906 15561.7 15478.3
11911 15478.3 15373.4
11930 15373.4 15373.4
11938 15373.4 15091.3
11939 15091.3 15041.9
11942 15041.9 15029.1
11945 15029.1 14889.4
11946 14889.4 14737.7
11963 14737.7 14594.1
11969 14594.1 14346.3
11975 14346.3 14279.9
11994 14279.9 14276.8
11996 14276.8 14097.8
12000 14097.8 14074.7
12006 14074.7 13936
12010 13936 13858.3
12015 13858.3 13847.8
12020 13847.8 13554.8
12024 13554.8 13241.6
12033 13241.6 13241.6
12036 13241.6 13228.5
12039 13228.5 13200.3
12061 13200.3 12697.4
12073 12697.4 12562.7
12099 12562.7 12542.4
12102 12542.4 12408.9
12119 12408.9 12392.8
12138 12392.8 12290.9
12150 12290.9 11935.7
12151 11935.7 11826
12154 11826 11697
12167 11697 11632.8
12176 11632.8 11619.6
12188 11619.6 11493
12270 11493 11486.6
12332 11486.6 11471.8
12338 11471.8 11297.8
12366 11297.8 11282.7
12368 11282.7 10817.9
12374 10817.9 10663.3
12379 10663.3 10586.4
12496 10586.4 10387.8
12497 10387.8 10283.3
12548 10283.3 9902.52
12589 9902.52 9681.89
12622 9681.89 9674
12641 9674 9673.44
12644 9673.44 9670.68
12675 9670.68 9668.44
12688 9668.44 9620.05
12694 9620.05 9550.57
12723 9550.57 9541.32
12865 9541.32 9417.19
12911 9417.19 9233.68
13001 9233.68 9231.7
13013 9231.7 9231.41
13089 9231.41 9189.6
13285 9189.6 9186.87
13294 9186.87 9018.63
13307 9018.63 8891.15
13348 8891.15 8881.81
13362 8881.81 8862.69
13733 8862.69 8672.01
13802 8672.01 8671.34
13881 8671.34 8649.84
13900 8649.84 8636.02
13948 8636.02 8631.88
14201 8631.88 8617.53
14432 8617.53 8617.53
14955 8617.53 8561.83
15383 8561.83 8546.3
16304 8546.3 8516.57
16698 8516.57 8516.57
17699 19484.6 19255.6
17700 19255.6 19066.2
17704 19066.2 18614.2
17705 18614.2 18547.8
17715 18547.8 17770.9
17729 17770.9 17720.4
17734 17720.4 17451.4
17748 17451.4 17336.1
17750 17336.1 17220.8
17762 17220.8 16562.4
17768 16562.4 16398.1
17784 16398.1 16392.3
17785 16392.3 16155.2
17786 16155.2 15948.4
17817 15948.4 15873
17837 15873 15338.3
17841 15338.3 15248.6
17848 15248.6 15212.6
17850 15212.6 14518.9
17857 14518.9 14448.9
17861 14448.9 14441.1
17876 14441.1 14416.3
17879 14416.3 14131.8
17884 14131.8 14061.3
17907 14061.3 13975.9
17910 13975.9 13774.5
17922 13774.5 13672.8
17923 13672.8 13314.3
17929 13314.3 13313.9
17956 13313.9 13263
17972 13263 13152.4
17978 13152.4 13082
17982 13082 13079.5
17987 13079.5 12869.7
17991 12869.7 12845
18023 12845 12838.9
18065 12838.9 12721.1
18076 12721.1 12701.7
18099 12701.7 12672.2
18100 12672.2 12553.3
18104 12553.3 12529.3
18115 12529.3 12464.5
18130 12464.5 12331.1
18155 12331.1 12315.6
18163 12315.6 12036.3
18185 12036.3 11594.4
18186 11594.4 11552.3
18215 11552.3 11481.7
18280 11481.7 11433.6
18299 11433.6 11376.1
18376 11376.1 11363.4
18447 11363.4 11222.8
18496 11222.8 11189.9
18520 11189.9 11124.4
18595 11124.4 11075.7
18664 11075.7 10975.2
18678 10975.2 10903.3
18682 10903.3 10895.8
18809 10895.8 10873.7
18821 10873.7 10853.5
18893 10853.5 10853.5
18931 10853.5 10350.1
18962 10350.1 10298.2
18969 10298.2 9995.75
18972 9995.75 9962.68
18990 9962.68 9909.84
19017 9909.84 9907.54
19053 9907.54 9853.33
19194 9853.33 9844.46
19230 9844.46 9725.2
19271 9725.2 9703.87
19333 9703.87 9666.77
19337 9666.77 9508.53
19425 9508.53 9476.71
19452 9476.71 9476.71
19475 9476.71 9372.7
19541 9372.7 9270.8
19610 9270.8 8985.92
19619 8985.92 8981.91
19648 8981.91 8978.92
19665 8978.92 8932.37
19738 8932.37 8920.46
20076 8920.46 8782
20391 8782 8760.49
20393 8760.49 8730.77
20406 8730.77 8711.76
20602 8711.76 8691.78
20792 8691.78 8601.98
20803 8601.98 8518.6
20863 8518.6 8494.48
20873 8494.48 8488.96
20904 8488.96 8349.62
21084 8349.62 8247.77
21392 8247.77 8238.48
21513 8238.48 8235.82
21661 8235.82 8194.84
21872 8194.84 8187.79
22441 8187.79 8096.69
22572 8096.69 8096.03
22998 8096.03 8089.94
23099 8089.94 8065.41
23174 8065.41 8007.69
23765 8007.69 7997.75
23993 7997.75 7997.75
24994 17229.9 17077.5
25000 17077.5 17055.3
25006 17055.3 16900.8
25015 16900.8 16860.4
25038 16860.4 16822.2
25039 16822.2 16693.9
25040 16693.9 16650.8
25044 16650.8 16297.9
25047 16297.9 15817.6
25048 15817.6 15731.9
25058 15731.9 15663.1
25061 15663.1 15661.5
25063 15661.5 15471.7
25078 15471.7 15426.7
25081 15426.7 15398
25085 15398 15390.3
25092 15390.3 15255.3
25096 15255.3 15104.2
25101 15104.2 15060.9
25108 15060.9 15020.4
25110 15020.4 14862
25128 14862 14675.4
25129 14675.4 14646.2
25144 14646.2 14586
25149 14586 14228.3
25165 14228.3 14031.4
25168 14031.4 14017.9
25173 14017.9 13927.7
25187 13927.7 13613.4
25194 13613.4 13608.1
25211 13608.1 13522.9
25212 13522.9 13497.4
25281 13497.4 13480.9
25283 13480.9 13429.8
25300 13429.8 13367.9
25303 13367.9 13354.1
25311 13354.1 13202.6
25325 13202.6 13052.7
25338 13052.7 13041.7
25363 13041.7 12893.3
25370 12893.3 12686.2
25373 12686.2 12652.3
25389 12652.3 12592.6
25396 12592.6 12589.6
25413 12589.6 12495
25417 12495 12473.1
25473 12473.1 12462.3
25496 12462.3 12462.2
25532 12462.2 12399.5
25537 12399.5 12207.8
25538 12207.8 12053.4
25542 12053.4 11954.7
25547 11954.7 11561.4
25551 11561.4 11544.3
25553 11544.3 11381.9
25574 11381.9 11265.2
25584 11265.2 11096
25600 11096 10963.3
25603 10963.3 10932
25606 10932 10929.3
25624 10929.3 10761.3
25657 10761.3 10607.5
25808 10607.5 10591.7
25821 10591.7 10489.8
25829 10489.8 10489.8
25893 10489.8 10489.8
25908 10489.8 10335.3
25948 10335.3 10314.9
26031 10314.9 10310.6
26128 10310.6 10129
26198 10129 10040.6
26297 10040.6 10030.7
26324 10030.7 10020
26394 10020 9878.99
26437 9878.99 9704.03
26516 9704.03 9634.96
26518 9634.96 9580.93
26547 9580.93 9566.69
26583 9566.69 9483.5
26635 9483.5 9477.07
26643 9477.07 9475.61
26790 9475.61 9475.61
27035 9475.61 9461.29
27238 9461.29 9431.68
27329 9431.68 9418.81
27429 9418.81 9353.33
27712 9353.33 9319.41
27746 9319.41 9130.06
27847 9130.06 9115.95
27886 9115.95 9082.94
27981 9082.94 9071.9
28317 9071.9 9022.93
28357 9022.93 8852.03
28569 8852.03 8773.99
28695 8773.99 8756.58
28757 8756.58 8742.02
28851 8742.02 8696.07
28903 8696.07 8696.07
29052 8696.07 8621.22
29161 8621.22 8411.41
29525 8411.41 8332.34
29618 8332.34 8310.83
29732 8310.83 8310.83
30733 16687 16655.5
30751 16655.5 16369.2
30759 16369.2 15994.7
30765 15994.7 15781.3
30766 15781.3 15596.9
30767 15596.9 15389.4
30768 15389.4 15384.2
30779 15384.2 15229
30780 15229 15017.7
30795 15017.7 14966.1
30796 14966.1 14946.9
30804 14946.9 14587.9
30818 14587.9 13921.3
30821 13921.3 13896
30830 13896 13860.5
30850 13860.5 13777.6
30852 13777.6 13565.9
30878 13565.9 13554.7
30887 13554.7 13528.7
30892 13528.7 13525.2
30906 13525.2 13307
30950 13307 13299.1
30965 13299.1 13191.3
30968 13191.3 13136.7
30977 13136.7 12810
30995 12810 12635.6
30999 12635.6 12635.3
31010 12635.3 12609.3
31011 12609.3 12542.5
31014 12542.5 12304.1
31032 12304.1 12298.6
31091 12298.6 12286.8
31106 12286.8 12284.8
31148 12284.8 12059.3
31162 12059.3 11993.8
31172 11993.8 11377.4
31208 11377.4 11334.4
31239 11334.4 11320.9
31251 11320.9 11225.2
31292 11225.2 10960.3
31295 10960.3 10922.9
31301 10922.9 10920
31319 10920 10884.1
31366 10884.1 10753.1
31379 10753.1 10530.1
31387 10530.1 10480.7
31470 10480.7 10466.4
31509 10466.4 10460.7
31554 10460.7 10449.7
31596 10449.7 10381.7
31630 10381.7 10297.6
31635 10297.6 10226.2
31640 10226.2 10082.8
31644 10082.8 10082.8
31713 10082.8 10060.2
31794 10060.2 9832.47
31795 9832.47 9827.07
31878 9827.07 9826.55
31911 9826.55 9569.76
31948 9569.76 9473.03
31974 9473.03 9468.69
31999 9468.69 9434.89
32007 9434.89 9434.89
32153 9434.89 9404.11
32178 9404.11 9030.77
32240 9030.77 9024.48
32321 9024.48 9001.1
32359 9001.1 8925.43
32493 8925.43 8814.93
32541 8814.93 8805.63
32557 8805.63 8768.35
32661 8768.35 8726.1
32716 8726.1 8707.68
32818 8707.68 8642.48
33390 8642.48 8524.85
33599 8524.85 8254.27
33839 8254.27 8103.73
34073 8103.73 8103.73
34106 8103.73 8103.73
35107 19464.8 19362.2
35108 19362.2 19342.8
35109 19342.8 19245
35113 19245 19236.7
35119 19236.7 19117.7
35122 19117.7 19101.1
35124 19101.1 19095.2
35130 19095.2 18666.2
35134 18666.2 18546.4
35138 18546.4 18336.9
35141 18336.9 17978
35153 17978 17565.4
35161 17565.4 17564
35164 17564 17554.8
35188 17554.8 17174.1
35190 17174.1 17150.2
35191 17150.2 17031.7
35192 17031.7 16447.5
35197 16447.5 16368.3
35199 16368.3 16286.9
35203 16286.9 16284
35220 16284 16237.7
35237 16237.7 16219.4
35244 16219.4 15914.2
35251 15914.2 15913.9
35260 15913.9 15902.9
35280 15902.9 15864.2
35295 15864.2 15730.7
35302 15730.7 15603.5
35307 15603.5 15571
35332 15571 15187.4
35338 15187.4 15181.9
35343 15181.9 15156.2
35347 15156.2 15061.4
35354 15061.4 14956.4
35364 14956.4 14828.1
35368 14828.1 14294.5
35373 14294.5 14198.8
35404 14198.8 14190.4
35416 14190.4 14136.4
35417 14136.4 14132.8
35422 14132.8 14116.3
35438 14116.3 14076.2
35439 14076.2 14026.7
35446 14026.7 13946.9
35464 13946.9 13930.7
35470 13930.7 13834.9
35474 13834.9 13739.3
35482 13739.3 13737.9
35502 13737.9 13700.1
35512 13700.1 13598.2
35533 13598.2 13589.2
35542 13589.2 13497.5
35565 13497.5 13469.2
35595 13469.2 13152.2
35615 13152.2 13148.6
35645 13148.6 13061.4
35673 13061.4 13052.6
35744 13052.6 12914.5
35765 12914.5 12832.8
35781 12832.8 12755.4
35790 12755.4 12709
35800 12709 12558.8
35843 12558.8 12341.9
35884 12341.9 12340.5
35917 12340.5 12168.1
36071 12168.1 12059.7
36077 12059.7 11967.9
36122 11967.9 11957.8
36145 11957.8 11831.4
36175 11831.4 11822.7
36188 11822.7 11769.8
36249 11769.8 11509.6
36252 11509.6 11430.5
36291 11430.5 11027.7
36296 11027.7 10890.2
36390 10890.2 10890.2
36419 10890.2 10827.4
36630 10827.4 10748
36681 10748 10735.9
36686 10735.9 10638.3
36691 10638.3 10586.2
36698 10586.2 10395.9
36878 10395.9 10359.7
36935 10359.7 10079.5
37058 10079.5 9536.37
37103 9536.37 9510.38
37162 9510.38 9338.87
37200 9338.87 9200.53
37441 9200.53 8775.42
37555 8775.42 8646.01
37717 8646.01 8449.61
37805 8449.61 8440.63
37811 8440.63 8350.82
38171 8350.82 8341.57
38200 8341.57 8341.28
39106 8341.28 8339.3
39414 8339.3 8339.3
39522 8339.3 8339.3
40523 18094.8 17760
40524 17760 17694.9
40528 17694.9 17383.5
40531 17383.5 17315.3
40532 17315.3 17166.1
40553 17166.1 16954.3
40559 16954.3 16848
40567 16848 16764.8
40570 16764.8 16368.3
40578 16368.3 15144.3
40585 15144.3 15035.4
40624 15035.4 14428.9
40633 14428.9 14379.3
40637 14379.3 14323.6
40665 14323.6 14228.8
40674 14228.8 14213.4
40676 14213.4 14131.8
40737 14131.8 14109.9
40738 14109.9 14020.7
40739 14020.7 13941.8
40741 13941.8 13876
40778 13876 13738.2
40779 13738.2 13635.9
40782 13635.9 13417.2
40786 13417.2 13364.2
40802 13364.2 13221.4
40820 13221.4 13169.4
40841 13169.4 13163.3
40844 13163.3 13016.8
40878 13016.8 12964.6
40893 12964.6 12784.5
40900 12784.5 12721
40921 12721 12515.1
40942 12515.1 12504.4
40972 12504.4 12482.5
40973 12482.5 11958.2
40975 11958.2 11687.7
40999 11687.7 11594.9
41021 11594.9 11344.7
41042 11344.7 11339.6
41060 11339.6 11303.2
41126 11303.2 11299.5
41128 11299.5 11294.8
41135 11294.8 11220.1
41162 11220.1 11167.1
41196 11167.1 11144
41203 11144 11091.9
41215 11091.9 11033.7
41325 11033.7 10603.9
41330 10603.9 10570.8
41381 10570.8 10568
41387 10568 10519.1
41465 10519.1 10510.7
41542 10510.7 10475.1
41681 10475.1 10218.3
41729 10218.3 10211.7
41773 10211.7 10209.3
41806 10209.3 10173.4
41899 10173.4 10108.4
41918 10108.4 10029.4
41932 10029.4 9948.05
42142 9948.05 9913.52
42260 9913.52 9912.06
42302 9912.06 9811.77
42331 9811.77 9749.72
42343 9749.72 9749.72
42676 9749.72 9512.69
42702 9512.69 9344.48
42721 9344.48 9335.4
43258 9335.4 9220.09
43377 9220.09 9173.95
44272 9173.95 9152.44
44619 9152.44 9146.74
45008 9146.74 9143.45
45220 9143.45 9120.51
45581 9120.51 9106.7
45725 9106.7 9099.41
45986 9099.41 9099.41
46987 16595.2 16418.8
46995 16418.8 16158.5
47000 16158.5 16134.5
47017 16134.5 16118.8
47027 16118.8 16107.9
47038 16107.9 16103.2
47049 16103.2 16074.4
47051 16074.4 15994.4
47073 15994.4 15865.9
47080 15865.9 15819.3
47086 15819.3 15813.1
47096 15813.1 15786.2
47117 15786.2 15646.7
47119 15646.7 15643.3
47135 15643.3 15574
47136 15574 15530.1
47144 15530.1 15439.7
47159 15439.7 15411.2
47162 15411.2 15394.7
47167 15394.7 15359.6
47169 15359.6 15270.7
47175 15270.7 15070.3
47183 15070.3 14935
47185 14935 14781.2
47189 14781.2 14417.3
47204 14417.3 14380
47227 14380 14368.8
47321 14368.8 14303.5
47332 14303.5 14270.1
47335 14270.1 14248.6
47346 14248.6 14245.6
47347 14245.6 14110.4
47348 14110.4 13879.1
47378 13879.1 13747
47390 13747 13717.8
47396 13717.8 13667.9
47430 13667.9 13603.6
47437 13603.6 13574.2
47445 13574.2 13546.1
47463 13546.1 13357.8
47464 13357.8 13194.8
47467 13194.8 12778.2
47480 12778.2 12639.7
47496 12639.7 12634.9
47532 12634.9 12301.2
47542 12301.2 12236.7
47552 12236.7 12210.3
47579 12210.3 12188.2
47585 12188.2 12002.8
47590 12002.8 11995
47594 11995 11883.3
47623 11883.3 11869.3
47641 11869.3 11852.3
47662 11852.3 11826.8
47669 11826.8 11763.1
47671 11763.1 11725.9
47675 11725.9 11603.1
47687 11603.1 11592.9
47699 11592.9 11276.9
47710 11276.9 11202.5
47736 11202.5 11195.2
47745 11195.2 11149.3
47750 11149.3 11077.3
47777 11077.3 10996
47779 10996 10723.7
47842 10723.7 10513.5
47887 10513.5 10425.2
47937 10425.2 10366.4
47951 10366.4 10198.2
47984 10198.2 10103.1
47999 10103.1 9899.41
48100 9899.41 9836.42
48110 9836.42 9836.42
48137 9836.42 9825.27
48183 9825.27 9765.25
48226 9765.25 9739.25
48296 9739.25 9738.52
48323 9738.52 9718.52
48330 9718.52 9716.05
48369 9716.05 9690.54
48445 9690.54 9664.79
48499 9664.79 9635.01
48509 9635.01 9567.91
48694 9567.91 9501.71
48761 9501.71 9501.71
49762 18071.2 17972
49775 17972 17962.9
49780 17962.9 17947
49790 17947 17942.2
49794 17942.2 17928.8
49797 17928.8 17547.1
49798 17547.1 17510.7
49799 17510.7 17313.9
49802 17313.9 17302.3
49810 17302.3 17107.4
49820 17107.4 17024.3
49824 17024.3 16999.9
49829 16999.9 16957.5
49830 16957.5 16739.5
49837 16739.5 16675.3
49840 16675.3 16523.9
49844 16523.9 16454.8
49848 16454.8 15194.1
49862 15194.1 14705.4
49869 14705.4 14628.1
49873 14628.1 14600.6
49875 14600.6 14475.2
49878 14475.2 14394.6
49880 14394.6 14057
49903 14057 14035
49927 14035 14024.5
49941 14024.5 13535.2
49954 13535.2 13525.4
49968 13525.4 13509.2
49983 13509.2 13471.2
50020 13471.2 13092.4
50021 13092.4 13035.2
50025 13035.2 13020.5
50055 13020.5 12916
50072 12916 12896.9
50076 12896.9 12820.4
50097 12820.4 12811.6
50101 12811.6 12717.2
50113 12717.2 12457
50114 12457 12388
50133 12388 12345.7
50159 12345.7 12153.8
50162 12153.8 12032.7
50175 12032.7 11969.4
50177 11969.4 11950.2
50239 11950.2 11920.8
50254 11920.8 11879.6
50276 11879.6 11750.1
50319 11750.1 11749.6
50320 11749.6 11717.6
50321 11717.6 11675.7
50335 11675.7 11502.3
50338 11502.3 11391
50346 11391 11353.4
50363 11353.4 11283.4
50364 11283.4 11276
50385 11276 11262.9
50390 11262.9 11010.7
50420 11010.7 10961.3
50426 10961.3 10889.2
50427 10889.2 10756.5
50451 10756.5 10620.8
50467 10620.8 10554.6
50505 10554.6 10246.6
50524 10246.6 9731.95
50571 9731.95 9721.72
50694 9721.72 9620.52
50707 9620.52 9591.1
50710 9591.1 9462.91
50733 9462.91 9458.8
50780 9458.8 9361.11
50782 9361.11 9330.54
50849 9330.54 9301.49
50866 9301.49 9277.14
51032 9277.14 9107.05
51041 9107.05 9077.32
51109 9077.32 9077.32
51713 9077.32 8905.67
51808 8905.67 8903.63
51821 8903.63 8872.74
51860 8872.74 8807.73
52088 8807.73 8709.72
52129 8709.72 8709.72
52220 8709.72 8684.19
52376 8684.19 8684.19
52379 8684.19 8678.1
52504 8678.1 8556.22
52556 8556.22 8260.32
52894 8260.32 8206.12
53073 8206.12 8194.63
53272 8194.63 8173.13
53706 8173.13 8168.04
54257 8168.04 8147.5
54550 8147.5 8054.2
55227 8054.2 8046.71
55824 8046.71 8046.71
56825 16506.8 16462.4
56826 16462.4 16452.1
56828 16452.1 16363.2
56830 16363.2 16142.3
56831 16142.3 16005.7
56832 16005.7 15911.8
56843 15911.8 15658.4
56853 15658.4 15421.6
56857 15421.6 15285.1
56859 15285.1 15103.5
56865 15103.5 15098.1
56868 15098.1 15064.7
56870 15064.7 14872.6
56873 14872.6 14860.5
56875 14860.5 14823
56877 14823 14643.6
56883 14643.6 14623.8
56885 14623.8 14484
56886 14484 14416.6
56918 14416.6 14412.4
56925 14412.4 14363.6
56932 14363.6 13960.8
56946 13960.8 13942
56954 13942 13596.9
56960 13596.9 13593.9
56973 13593.9 13441
56993 13441 13238
57006 13238 13228
57018 13228 13142.7
57024 13142.7 13105.5
57038 13105.5 13068.4
57042 13068.4 13068
57055 13068 13040.9
57085 13040.9 13028.5
57093 13028.5 13028.4
57098 13028.4 13013.4
57102 13013.4 12905.1
57125 12905.1 12757
57136 12757 12588.5
57187 12588.5 12534.2
57199 12534.2 12129.2
57212 12129.2 12121.2
57243 12121.2 12081.1
57258 12081.1 11204.8
57263 11204.8 11128.9
57297 11128.9 11085.6
57315 11085.6 11085.3
57323 11085.3 10856.5
57329 10856.5 10736.2
57352 10736.2 10631.8
57429 10631.8 10629.9
57452 10629.9 10624.3
57488 10624.3 10604.2
57497 10604.2 10573.7
57552 10573.7 10505.2
57615 10505.2 10490.5
57616 10490.5 10469.7
57625 10469.7 10468.2
57640 10468.2 10296.7
57665 10296.7 10287.5
57803 10287.5 10256.9
57814 10256.9 10113.2
57878 10113.2 10096.5
57911 10096.5 10064.6
58007 10064.6 9999.97
58135 9999.97 9876.16
58203 9876.16 9838.63
58231 9838.63 9824.7
58305 9824.7 9554.22
58318 9554.22 9547.15
58398 9547.15 9407.64
58414 9407.64 9396.3
58457 9396.3 9383.12
58459 9383.12 9318.1
58482 9318.1 9004.1
58519 9004.1 8983.55
58601 8983.55 8884.61
58757 8884.61 8850.69
59029 8850.69 8771.67
59035 8771.67 8726.58
59184 8726.58 8712.23
59351 8712.23 8701.2
59404 8701.2 8686.14
59577 8686.14 8230.98
59692 8230.98 8144.79
59721 8144.79 8136.52
59867 8136.52 8106.8
60015 8106.8 8049.13
60024 8049.13 8035.48
60089 8035.48 8035.48
61090 18907.3 18849.6
61100 18849.6 18658
61101 18658 18598.4
61104 18598.4 18261
61105 18261 18168
61111 18168 17396.6
61114 17396.6 17350.7
61118 17350.7 17169.1
61120 17169.1 16925.3
61132 16925.3 16882.3
61137 16882.3 16866.8
61139 16866.8 16528
61140 16528 16521.7
61142 16521.7 16486.2
61153 16486.2 16132.9
61157 16132.9 15749.4
61167 15749.4 15695.7
61170 15695.7 15530.9
61172 15530.9 15424.6
61177 15424.6 15325.9
61178 15325.9 15209.1
61191 15209.1 15169.5
61196 15169.5 15018.7
61199 15018.7 14805.4
61204 14805.4 14792
61223 14792 14780.1
61229 14780.1 14651.3
61230 14651.3 14642.6
61245 14642.6 14626.7
61291 14626.7 14617.6
61297 14617.6 14499.2
61301 14499.2 14401
61318 14401 14389.3
61330 14389.3 14089.1
61350 14089.1 14001
61359 14001 13532.6
61383 13532.6 13513.5
61401 13513.5 13435.8
61403 13435.8 13338
61409 13338 13334.6
61410 13334.6 13190.4
61420 13190.4 13065.5
61421 13065.5 13013.9
61423 13013.9 13011.8
61425 13011.8 12438.4
61427 12438.4 12422
61436 12422 12214.7
61441 12214.7 12210
61454 12210 12057.8
61461 12057.8 12057.1
61466 12057.1 11932.4
61478 11932.4 11897.5
61479 11897.5 11879.3
61489 11879.3 11733
61494 11733 11708.9
61505 11708.9 11571.4
61515 11571.4 11128.8
61626 11128.8 10913.3
61637 10913.3 10684.7
61672 10684.7 10631.7
61759 10631.7 10631
61783 10631 10484.2
61784 10484.2 10410.2
61785 10410.2 10408.9
61805 10408.9 9901.13
61819 9901.13 9880.64
61887 9880.64 9831.74
61948 9831.74 9803.72
62032 9803.72 9664.65
62053 9664.65 9659.56
62150 9659.56 9344.42
62178 9344.42 9339.12
62278 9339.12 9232.4
62417 9232.4 9142.6
62523 9142.6 8967.63
62650 8967.63 8962.37
62722 8962.37 8897.79
62748 8897.79 8853.92
62763 8853.92 8802.65
62785 8802.65 8769.6
63070 8769.6 8764.51
63207 8764.51 8744.35
63290 8744.35 8737.33
63370 8737.33 8517.89
63419 8517.89 8494.95
63575 8494.95 8474.41
63996 8474.41 8391.43
64153 8391.43 8390.29
64270 8390.29 8384.82
64284 8384.82 8149.37
64894 8149.37 8138.33
64939 8138.33 8138.33
65940 18846.6 18348.2
65942 18348.2 18091.1
65952 18091.1 18012.2
65958 18012.2 17990.9
65965 17990.9 17662.4
65982 17662.4 17568.7
65983 17568.7 17440.3
65999 17440.3 17435.7
66000 17435.7 17422.1
66006 17422.1 17353
66008 17353 17047
66018 17047 16983
66030 16983 16982.7
66042 16982.7 16982.7
66048 16982.7 16962.4
66053 16962.4 16685.5
66066 16685.5 16506.1
66078 16506.1 16452.3
66080 16452.3 16376.6
66089 16376.6 16376.5
66110 16376.5 16280.4
66112 16280.4 16126
66114 16126 16121.2
66121 16121.2 15871.5
66136 15871.5 15681.5
66140 15681.5 15675.2
66147 15675.2 15502.4
66148 15502.4 15424.1
66154 15424.1 15401.8
66166 15401.8 15020.8
66178 15020.8 14923.2
66194 14923.2 14750.9
66200 14750.9 14688.5
66201 14688.5 14476.6
66218 14476.6 14449.8
66231 14449.8 14189.3
66243 14189.3 14183
66248 14183 14112
66252 14112 13781.9
66260 13781.9 13252.4
66263 13252.4 12815.1
66272 12815.1 12645.1
66335 12645.1 12380.5
66352 12380.5 12276.7
66357 12276.7 12262
66373 12262 12130.7
66380 12130.7 11953.2
66381 11953.2 11926
66401 11926 11924.2
66402 11924.2 11817.9
66442 11817.9 11684.6
66454 11684.6 11545.5
66462 11545.5 11494.3
66526 11494.3 11162.9
66566 11162.9 11134.1
66606 11134.1 11064.8
66617 11064.8 11021.1
66637 11021.1 10975.6
66657 10975.6 10965
66661 10965 10788.9
66698 10788.9 10658.5
66708 10658.5 10621.5
66739 10621.5 10600
66813 10600 10295.7
66855 10295.7 10239.8
66936 10239.8 10239.8
67010 10239.8 10204.9
67018 10204.9 10185.8
67029 10185.8 10173.2
67044 10173.2 10114.9
67059 10114.9 10111.7
67063 10111.7 10072.5
67114 10072.5 10050.9
67177 10050.9 9986.12
67225 9986.12 9980.01
67338 9980.01 9888.35
67432 9888.35 9718.72
67556 9718.72 9592.95
67621 9592.95 9510.97
67632 9510.97 9353.46
67724 9353.46 9351.15
67742 9351.15 9328.68
67748 9328.68 9293.25
67876 9293.25 9113.36
67889 9113.36 9109.07
68354 9109.07 9106.96
68421 9106.96 9056.7
68442 9056.7 9012.92
68757 9012.92 9011.46
69646 9011.46 8989.96
69959 8989.96 8989.66
70928 8989.66 8989.66
71929 18708.2 18597
71933 18597 18535.5
71940 18535.5 18415.9
71952 18415.9 18325.3
71956 18325.3 18301.7
71957 18301.7 18272.6
71962 18272.6 18078.4
71965 18078.4 17847.5
71970 17847.5 17771.5
71972 17771.5 17755.2
71976 17755.2 17655
71977 17655 17498.6
72004 17498.6 17171.7
72008 17171.7 16708.6
72010 16708.6 16517
72017 16517 15620.3
72022 15620.3 15413.3
72024 15413.3 15368.5
72026 15368.5 15091
72034 15091 15075.7
72068 15075.7 15028
72083 15028 14601.8
72108 14601.8 14466.7
72120 14466.7 14376.1
72171 14376.1 14261.8
72189 14261.8 14118.8
72196 14118.8 14054.8
72200 14054.8 14047.8
72207 14047.8 14042.4
72209 14042.4 14036
72210 14036 13947.3
72226 13947.3 13885.4
72243 13885.4 13766.1
72259 13766.1 13732.7
72326 13732.7 13570.8
72330 13570.8 13409.9
72403 13409.9 13268.5
72405 13268.5 13208.4
72426 13208.4 13206.8
72435 13206.8 13195.9
72437 13195.9 13157.7
72446 13157.7 13123.1
72457 13123.1 13063.8
72479 13063.8 12996.1
72507 12996.1 12920.9
72520 12920.9 12858.9
72525 12858.9 12815.2
72535 12815.2 12782.1
72567 12782.1 12509.6
72597 12509.6 12398.2
72634 12398.2 12351.7
72643 12351.7 12301.3
72648 12301.3 12160.9
72673 12160.9 12091.5
72686 12091.5 11939.4
72700 11939.4 11709
72730 11709 11668.4
72773 11668.4 11640
72774 11640 11577.5
72780 11577.5 11544.1
72788 11544.1 11407.8
72807 11407.8 11403.1
72821 11403.1 11262.5
72823 11262.5 11226.9
72925 11226.9 11108.6
72961 11108.6 10974.9
72964 10974.9 10647.4
72978 10647.4 10641.8
73014 10641.8 10606.7
73036 10606.7 10599.3
73060 10599.3 10585.2
73061 10585.2 10552.2
73117 10552.2 10541.2
73159 10541.2 10503.8
73165 10503.8 10420.3
73172 10420.3 10391.9
73197 10391.9 10186.6
73243 10186.6 10147.8
73268 10147.8 9870.96
73282 9870.96 9779.51
73299 9779.51 9626.71
73384 9626.71 9469.19
73662 9469.19 9468.9
73781 9468.9 9352.18
73839 9352.18 9326.54
74197 9326.54 9171.75
74628 9171.75 9152.62
74711 9152.62 8895.35
74846 8895.35 8895.35
75159 8895.35 8889.83
75416 8889.83 8851.6
75653 8851.6 8728.33
75914 8728.33 8437.04
76120 8437.04 8382.83
76136 8382.83 8382.83
77137 17545.4 17541
77140 17541 17512.7
77147 17512.7 17296.4
77157 17296.4 17286.8
77163 17286.8 16154.4
77168 16154.4 15610.7
77170 15610.7 15559.5
77171 15559.5 15361
77172 15361 15337.6
77183 15337.6 15141.5
77189 15141.5 15139.1
77192 15139.1 15128
77194 15128 15106.5
77200 15106.5 15101.1
77202 15101.1 14701.2
77203 14701.2 14510
77221 14510 14359.3
77242 14359.3 14356.2
77245 14356.2 14180.1
77262 14180.1 14177
77269 14177 14172.9
77270 14172.9 14142.2
77271 14142.2 13666.1
77292 13666.1 13646.1
77329 13646.1 13565.9
77333 13565.9 13561.8
77340 13561.8 13542.3
77341 13542.3 13533.2
77342 13533.2 13444.3
77369 13444.3 13427
77377 13427 13287.3
77379 13287.3 13009
77382 13009 13002.5
77385 13002.5 13002.5
77386 13002.5 12841.2
77400 12841.2 12819
77406 12819 12801.5
77407 12801.5 12776.8
77413 12776.8 12763.1
77445 12763.1 12708.6
77455 12708.6 12421.5
77474 12421.5 12383.5
77484 12383.5 12383
77514 12383 12370.8
77524 12370.8 12273.8
77527 12273.8 12240.4
77534 12240.4 12207.6
77566 12207.6 12104.1
77600 12104.1 12000.4
77609 12000.4 11956.8
77637 11956.8 11881.6
77657 11881.6 11831.8
77676 11831.8 11821.2
77688 11821.2 11667
77705 11667 11576.8
77709 11576.8 11550.8
77721 11550.8 11531.4
77759 11531.4 11449.4
77766 11449.4 11364.6
77795 11364.6 11327.9
77820 11327.9 11002.7
77895 11002.7 10907.2
77917 10907.2 10889.9
77922 10889.9 10861.3
78018 10861.3 10855.8
78034 10855.8 10823.3
78052 10823.3 10794.5
78068 10794.5 10744.6
78121 10744.6 10610.6
78133 10610.6 10291.2
78180 10291.2 10260
78195 10260 10244.9
78203 10244.9 10188.6
78204 10188.6 10103.6
78211 10103.6 10051.6
78243 10051.6 9970.18
78257 9970.18 9950.51
78266 9950.51 9633.03
78445 9633.03 9633.03
78578 9633.03 9576.47
78589 9576.47 9435.91
78646 9435.91 9329.79
78660 9329.79 9303.92
78695 9303.92 9277.85
78797 9277.85 9246.02
78905 9246.02 9236.85
79049 9236.85 9227.99
79247 9227.99 9039.4
79260 9039.4 8912.01
79294 8912.01 8904.9
79317 8904.9 8900.61
79328 8900.61 8899.15
79341 8899.15 8877.64
80015 8877.64 8836.44
80119 8836.44 8791.61
80814 8791.61 8719.04
80955 8719.04 8689.31
81245 8689.31 8611.49
81874 8611.49 8593.98
82100 8593.98 8588.35
82344 8588.35 8588.35
83345 17796.6 17612.6
83346 17612.6 17561.8
83357 17561.8 17516.5
83358 17516.5 17436.7
83382 17436.7 17338.2
83385 17338.2 17323
83399 17323 17273
83401 17273 17176.4
83414 17176.4 17025.6
83421 17025.6 17003.9
83423 17003.9 16912.6
83425 16912.6 16273.2
83430 16273.2 16200.4
83432 16200.4 16175.8
83433 16175.8 16003.6
83436 16003.6 15919.5
83457 15919.5 15900.4
83460 15900.4 15801.6
83474 15801.6 15793.9
83475 15793.9 15743.1
83499 15743.1 15708.2
83524 15708.2 15678.9
83535 15678.9 15604.1
83538 15604.1 15364.1
83547 15364.1 15150.8
83548 15150.8 15089.2
83562 15089.2 14994
83563 14994 14871.6
83571 14871.6 14770.9
83573 14770.9 14739.7
83583 14739.7 14734.1
83585 14734.1 14698.3
83597 14698.3 14676.5
83602 14676.5 14667.7
83612 14667.7 14583.8
83626 14583.8 14270
83629 14270 14220.7
83665 14220.7 14046.6
83692 14046.6 14023.5
83694 14023.5 14008.4
83696 14008.4 14003.2
83704 14003.2 13762
83706 13762 13726.5
83708 13726.5 13572.7
83714 13572.7 13346.3
83736 13346.3 13222.9
83739 13222.9 12904.6
83741 12904.6 12730
83750 12730 12648.9
83776 12648.9 12644.5
83784 12644.5 12492.7
83791 12492.7 12373.9
83829 12373.9 12369
83836 12369 12330.9
83846 12330.9 12182.5
83868 12182.5 12168.1
83881 12168.1 11525.2
83908 11525.2 11454.4
83912 11454.4 11302.9
83920 11302.9 11196.3
83930 11196.3 11167
83942 11167 11070.6
83945 11070.6 10917
83973 10917 10917
83988 10917 10914.6
83989 10914.6 10711.9
84007 10711.9 10290.3
84027 10290.3 10256.6
84067 10256.6 10233.4
84146 10233.4 10143.6
84191 10143.6 10055.8
84285 10055.8 10055.2
84342 10055.2 10055.2
84368 10055.2 10007.6
84439 10007.6 10000
84468 10000 9981.27
84598 9981.27 9957.1
84748 9957.1 9779.83
84795 9779.83 9703.65
84933 9703.65 9667.97
84974 9667.97 9650.61
85094 9650.61 9643.11
85163 9643.11 9638.06
85174 9638.06 9561.9
85177 9561.9 9546.89
85182 9546.89 9546.16
85189 9546.16 9494.1
85316 9494.1 9376.25
85361 9376.25 9327.97
85378 9327.97 9327.97
85443 9327.97 9327.47
85481 9327.47 9112.2
85556 9112.2 9072.67
85632 9072.67 9036.23
85776 9036.23 9025.19
86177 9025.19 8976.35
86451 8976.35 8903.61
86669 8903.61 8872.55
86743 8872.55 8872.55
86944 8872.55 8587.67
87048 8587.67 8587.67
88049 19101.5 18858.7
88053 18858.7 18697
88064 18697 18582.8
88066 18582.8 18577.4
88070 18577.4 18472.6
88078 18472.6 18472.6
88083 18472.6 17702.9
88088 17702.9 17699.6
88089 17699.6 16797.2
88094 16797.2 16214.7
88095 16214.7 15996.3
88107 15996.3 15935.1
88121 15935.1 15853.6
88145 15853.6 15766.4
88147 15766.4 15634.9
88152 15634.9 15630.8
88158 15630.8 14610.3
88159 14610.3 14602.2
88167 14602.2 14559.8
88171 14559.8 14543.3
88188 14543.3 14538.9
88189 14538.9 14253.3
88196 14253.3 14227.5
88207 14227.5 14106.9
88211 14106.9 14038.4
88214 14038.4 13871.7
88250 13871.7 13765.7
88261 13765.7 13668.7
88267 13668.7 13603.8
88283 13603.8 13575.4
88287 13575.4 13366.2
88306 13366.2 13252.9
88311 13252.9 13199.9
88322 13199.9 13104.9
88330 13104.9 12883.5
88339 12883.5 12735.7
88353 12735.7 12649.9
88356 12649.9 12585
88357 12585 12540.6
88419 12540.6 12111
88440 12111 12036.1
88467 12036.1 12023.9
88557 12023.9 12001.7
88582 12001.7 11915.3
88611 11915.3 11832.3
88615 11832.3 11436.6
88626 11436.6 11378.6
88684 11378.6 11312.2
88714 11312.2 11273.6
88753 11273.6 11273.6
88766 11273.6 10983.6
88807 10983.6 10976.7
88814 10976.7 10953.2
88864 10953.2 10814.9
88867 10814.9 10699.7
88964 10699.7 10680.2
89009 10680.2 10665.8
89010 10665.8 10661.9
89017 10661.9 10645.5
89096 10645.5 10505
89131 10505 10502.9
89140 10502.9 10463.4
89155 10463.4 10434.3
89174 10434.3 9979.79
89181 9979.79 9979.79
89182 9979.79 9953.75
89192 9953.75 9939.28
89240 9939.28 9887.55
89383 9887.55 9609
89480 9609 9551.33
89534 9551.33 9368.21
89537 9368.21 9242.43
89614 9242.43 9113.13
89893 9113.13 9094.58
89987 9094.58 9093.01
90005 9093.01 9085.36
90073 9085.36 9074.54
90212 9074.54 8988.16
90403 8988.16 8800.77
90409 8800.77 8690.06
90545 8690.06 8311.43
90694 8311.43 8206.92
90824 8206.92 8143.78
90923 8143.78 8138.25
91080 8138.25 8059.23
91434 8059.23 7981.55
91513 7981.55 7905.69
92424 7905.69 7905.69
93425 19361.1 18826.2
93427 18826.2 18747.3
93430 18747.3 18587.2
93432 18587.2 18451
93440 18451 18223.9
93441 18223.9 18207
93445 18207 18178.4
93447 18178.4 17802.1
93451 17802.1 17747.4
93463 17747.4 17726.9
93470 17726.9 17689.5
93472 17689.5 17619.5
93478 17619.5 17511.1
93481 17511.1 17493.7
93491 17493.7 17480.1
93503 17480.1 17477.2
93508 17477.2 17403.8
93509 17403.8 17113.8
93523 17113.8 16984
93530 16984 16961.7
93550 16961.7 16924.9
93553 16924.9 16796.7
93554 16796.7 16787.3
93559 16787.3 16676.6
93568 16676.6 16543.2
93573 16543.2 16442.4
93590 16442.4 16136.5
93594 16136.5 16099.2
93620 16099.2 15909.9
93627 15909.9 15736.6
93635 15736.6 15606.6
93662 15606.6 15519.5
93672 15519.5 15041.9
93679 15041.9 14982.7
93682 14982.7 14960.5
93712 14960.5 14699.7
93747 14699.7 14415.4
93754 14415.4 14273.6
93769 14273.6 14152.8
93770 14152.8 13923.7
93772 13923.7 13915.1
93778 13915.1 13873.4
93779 13873.4 13825.1
93781 13825.1 13183
93790 13183 13063.6
93801 13063.6 13041
93826 13041 12939.4
93877 12939.4 12900.5
93928 12900.5 12721.2
93939 12721.2 12686.6
93954 12686.6 12684.6
93956 12684.6 12606.7
93967 12606.7 12173.7
93971 12173.7 12127.1
94027 12127.1 12122.1
94062 12122.1 12077.4
94083 12077.4 12069.6
94133 12069.6 12067.2
94140 12067.2 12045.4
94143 12045.4 12019.7
94205 12019.7 12014.8
94249 12014.8 11966.9
94355 11966.9 11887.1
94428 11887.1 11843.9
94435 11843.9 11833.4
94442 11833.4 11790.6
94443 11790.6 11710.7
94447 11710.7 11695.9
94456 11695.9 11631.7
94491 11631.7 11340.7
94500 11340.7 11269.9
94520 11269.9 11211.5
94576 11211.5 11178.5
94613 11178.5 11165.1
94707 11165.1 10984
94731 10984 10918.9
94761 10918.9 10891.7
94773 10891.7 10833.4
94824 10833.4 10832.6
94874 10832.6 10626.7
94904 10626.7 10605
94931 10605 10481.1
94932 10481.1 10420.2
94950 10420.2 10413.3
95015 10413.3 10401.3
95176 10401.3 10371.8
95213 10371.8 10321.8
95221 10321.8 10151
95238 10151 10090.3
95312 10090.3 9995.32
95315 9995.32 9471.67
95334 9471.67 9460.33
95389 9460.33 9443.3
95470 9443.3 9434
95491 9434 9304.7
95583 9304.7 9227.76
95659 9227.76 9193.04
95932 9193.04 9164.4
95936 9164.4 9026.56
96070 9026.56 8882.23
96080 8882.23 8761.18
96192 8761.18 8741.86
96216 8741.86 8614.37
96390 8614.37 8535.3
96481 8535.3 8528.3
97435 8528.3 8449.28
97481 8449.28 8449.28
98482 16412 16285.6
98484 16285.6 16234.4
98487 16234.4 16056.4
98490 16056.4 15916
98494 15916 15736.1
98496 15736.1 15646.2
98497 15646.2 15499.2
98501 15499.2 15462.6
98510 15462.6 15428.1
98512 15428.1 15359.3
98513 15359.3 15344.6
98518 15344.6 15344.5
98542 15344.5 15030.2
98543 15030.2 14904.2
98546 14904.2 14863
98550 14863 14860.4
98555 14860.4 14761.9
98557 14761.9 14665.1
98564 14665.1 14593.6
98575 14593.6 14069.9
98594 14069.9 14053.6
98608 14053.6 13994.1
98616 13994.1 13632.3
98632 13632.3 13566.1
98638 13566.1 13562.3
98683 13562.3 13243.5
98705 13243.5 12885.5
98711 12885.5 12796.3
98718 12796.3 12794.6
98739 12794.6 12658.2
98745 12658.2 12620.4
98750 12620.4 12564
98783 12564 12514.9
98789 12514.9 12340.8
98812 12340.8 12273.6
98838 12273.6 12273.6
98858 12273.6 12226.5
98861 12226.5 12213.2
98876 12213.2 12049.4
98898 12049.4 12020.1
98937 12020.1 12014.8
98945 12014.8 11902.2
98964 11902.2 11773.6
98967 11773.6 11612.8
99051 11612.8 11610.2
99075 11610.2 11518.6
99140 11518.6 11276.8
99145 11276.8 11276.8
99175 11276.8 11243.8
99177 11243.8 11197.5
99185 11197.5 11107.1
99236 11107.1 11006.4
99238 11006.4 10941.7
99264 10941.7 10715.5
99307 10715.5 10537.9
99328 10537.9 10429.4
99332 10429.4 10400.1
99385 10400.1 10319.1
99395 10319.1 10303.2
99408 10303.2 10275.8
99412 10275.8 10243.4
99454 10243.4 10114.2
99510 10114.2 10065.8
99584 10065.8 10016.9
99597 10016.9 10012.9
99655 10012.9 9885.44
99677 9885.44 9876.55
99792 9876.55 9842.88
99798 9842.88 9830.02
