0 346.163 346.036
452 346.036 346.024
541 346.024 345.274
553 345.274 345.218
558 345.218 345.124
810 345.124 345.094
822 345.094 344.936
1165 344.936 344.758
1690 344.758 344.636
2113 344.636 344.494
2194 344.494 344.484
2331 344.484 344.423
2823 344.423 344.383
2961 344.383 344.336
3157 344.336 343.93
3654 343.93 343.765
3931 343.765 343.69
3990 343.69 343.65
4454 343.65 343.6
4603 343.6 343.529
4888 343.529 343.437
4921 343.437 343.393
4985 343.393 343.381
5489 343.381 343.333
5701 343.333 343.239
5951 343.239 343.219
6016 343.219 343.139
6346 343.139 343.096
6371 343.096 343.068
6732 343.068 343.057
6924 343.057 343.055
7015 343.055 342.997
7183 342.997 342.989
7273 342.989 342.986
7445 342.986 342.963
7523 342.963 342.921
7701 342.921 342.869
7760 342.869 342.594
7838 342.594 342.559
8377 342.559 342.518
8466 342.518 342.468
8530 342.468 342.323
8564 342.323 342.263
8733 342.263 342.232
8739 342.232 342.131
9132 342.131 342.113
9311 342.113 342.03
9575 342.03 341.977
9606 341.977 341.803
9637 341.803 341.754
9755 341.754 341.733
10013 341.733 341.585
10310 341.585 341.484
10425 341.484 341.475
10540 341.475 341.451
10815 341.451 341.382
10839 341.382 340.705
10895 340.705 340.401
10906 340.401 340.388
11127 340.388 340.383
11480 340.383 340.014
11604 340.014 339.955
12133 339.955 339.901
12424 339.901 339.689
12767 339.689 339.658
13276 339.658 339.606
13315 339.606 339.606
13586 339.606 339.579
13658 339.579 339.56
13739 339.56 339.482
13799 339.482 339.452
14076 339.452 339.441
14143 339.441 339.415
14174 339.415 339.375
14214 339.375 339.276
14259 339.276 339.266
14615 339.266 339.246
14948 339.246 339.244
15639 339.244 339.106
16116 339.106 339.094
16160 339.094 339.037
16878 339.037 338.99
16929 338.99 338.951
17154 338.951 338.911
17274 338.911 338.894
17363 338.894 338.888
17438 338.888 338.865
17727 338.865 338.711
17785 338.711 338.685
18675 338.685 338.66
18948 338.66 338.653
19364 338.653 338.474
19854 338.474 338.474
20855 336.512 336.461
20979 336.461 336.396
21043 336.396 336.317
21174 336.317 336.186
21441 336.186 336.084
21640 336.084 336.074
21949 336.074 336.056
22581 336.056 336.051
22685 336.051 335.958
22991 335.958 335.955
23172 335.955 335.949
23227 335.949 335.905
23336 335.905 335.886
23341 335.886 335.795
23700 335.795 335.745
23751 335.745 335.732
23900 335.732 335.71
24372 335.71 335.667
24487 335.667 335.588
24566 335.588 335.559
24827 335.559 335.442
25307 335.442 335.418
25929 335.418 335.269
26073 335.269 335.249
26431 335.249 335.209
26812 335.209 335.196
26847 335.196 335.183
27021 335.183 334.938
27274 334.938 334.829
27684 334.829 334.766
27779 334.766 334.749
27780 334.749 334.704
28233 334.704 334.69
28345 334.69 334.566
28632 334.566 334.56
29119 334.56 334.379
29120 334.379 334.377
29467 334.377 334.314
29857 334.314 334.149
30109 334.149 333.897
30252 333.897 333.857
30258 333.857 333.749
30408 333.749 333.726
30615 333.726 333.469
30730 333.469 333.456
30884 333.456 333.452
31042 333.452 333.45
31138 333.45 333.409
31143 333.409 333.118
31921 333.118 333.087
31934 333.087 332.515
32143 332.515 332.482
32254 332.482 332.408
32371 332.408 332.218
32462 332.218 332.096
32996 332.096 331.733
33217 331.733 331.722
33409 331.722 331.718
33514 331.718 331.702
34091 331.702 331.702
34775 331.702 331.117
34799 331.117 331.105
34850 331.105 331.066
34905 331.066 330.877
35052 330.877 330.723
35234 330.723 330.695
35462 330.695 330.678
35597 330.678 330.675
35701 330.675 330.624
35790 330.624 330.606
36207 330.606 330.527
36386 330.527 330.517
36418 330.517 330.485
36731 330.485 330.481
36941 330.481 330.073
37000 330.073 330.012
37231 330.012 329.83
37252 329.83 329.824
37419 329.824 329.743
37533 329.743 329.352
37645 329.352 329.075
37782 329.075 328.591
37832 328.591 328.528
37884 328.528 328.392
37902 328.392 328.31
38160 328.31 328.299
38417 328.299 328.244
38457 328.244 328.184
38641 328.184 328.183
38711 328.183 328.047
38956 328.047 327.789
39135 327.789 327.701
39145 327.701 327.615
39154 327.615 327.581
39201 327.581 327.467
39328 327.467 327.455
39620 327.455 327.221
39946 327.221 327.208
40117 327.208 327.132
40120 327.132 327.113
40126 327.113 327.111
40339 327.111 327.108
40384 327.108 327.035
40530 327.035 326.618
40654 326.618 326.579
40748 326.579 326.516
40781 326.516 326.493
41296 326.493 326.429
41754 326.429 326.318
41867 326.318 326.299
41871 326.299 326.273
41949 326.273 326.27
42492 326.27 326.145
42666 326.145 326.012
43014 326.012 325.931
43071 325.931 325.856
43212 325.856 325.79
43254 325.79 325.749
43334 325.749 325.716
43356 325.716 325.61
43411 325.61 325.54
44293 325.54 325.143
44776 325.143 325.074
45411 325.074 324.982
45497 324.982 324.673
45587 324.673 324.671
45724 324.671 324.667
45878 324.667 324.634
46196 324.634 324.621
46458 324.621 324.593
46527 324.593 324.521
47183 324.521 324.518
47227 324.518 324.333
47275 324.333 324.097
47285 324.097 324.065
47582 324.065 323.963
47646 323.963 323.921
48389 323.921 323.758
48406 323.758 323.753
48547 323.753 323.751
48813 323.751 323.744
49036 323.744 323.719
49189 323.719 323.456
49362 323.456 323.339
49364 323.339 323.254
49375 323.254 323.206
50135 323.206 323.164
50258 323.164 323.134
50582 323.134 323.014
51384 323.014 323.002
51817 323.002 322.998
52062 322.998 322.934
52088 322.934 322.786
52227 322.786 322.774
52244 322.774 322.621
52364 322.621 322.579
52506 322.579 322.5
52516 322.5 322.492
52633 322.492 321.772
52894 321.772 321.588
52928 321.588 321.428
52974 321.428 321.372
53353 321.372 321.255
53527 321.255 321.175
53604 321.175 321.161
53798 321.161 321.059
53842 321.059 321.059
53910 321.059 321.035
53940 321.035 320.954
54208 320.954 320.937
54785 320.937 320.885
54909 320.885 320.841
54913 320.841 320.801
54982 320.801 320.785
55585 320.785 320.781
55639 320.781 320.745
55913 320.745 320.631
55966 320.631 320.357
56138 320.357 320.275
56324 320.275 320.247
56430 320.247 320.111
56563 320.111 320.054
56570 320.054 320.045
56591 320.045 319.614
56618 319.614 319.574
57005 319.574 319.504
57459 319.504 319.493
57778 319.493 319.433
58216 319.433 319.386
58244 319.386 319.081
58366 319.081 319.076
58438 319.076 319.011
58490 319.011 319.004
58647 319.004 318.978
58999 318.978 318.958
59080 318.958 318.952
59104 318.952 318.888
59860 318.888 318.851
60439 318.851 318.751
60906 318.751 318.694
61305 318.694 318.552
61659 318.552 318.463
61736 318.463 318.441
62250 318.441 318.431
62454 318.431 318.419
62775 318.419 318.384
63022 318.384 318.305
63201 318.305 318.284
63435 318.284 318.265
63721 318.265 318.265
63799 318.265 318.23
64115 318.23 318.224
64377 318.224 318.106
64388 318.106 318.101
64585 318.101 318.092
64718 318.092 318.056
64899 318.056 318.027
65231 318.027 318.005
65502 318.005 317.903
65545 317.903 317.89
65594 317.89 317.804
65687 317.804 317.779
65770 317.779 317.767
65775 317.767 317.739
65900 317.739 317.713
65968 317.713 317.667
66070 317.667 317.435
66180 317.435 317.42
66895 317.42 317.373
67025 317.373 317.322
67118 317.322 317.22
67832 317.22 317.201
68456 317.201 317.137
68689 317.137 317.065
68701 317.065 317.055
68782 317.055 317.03
68890 317.03 316.971
68917 316.971 316.713
68989 316.713 316.678
69040 316.678 316.603
69411 316.603 316.071
69597 316.071 316.006
69836 316.006 315.956
70042 315.956 315.899
70246 315.899 315.865
70793 315.865 315.786
71481 315.786 315.615
71756 315.615 315.594
71941 315.594 315.513
72096 315.513 315.508
72191 315.508 315.398
72333 315.398 315.389
72446 315.389 315.377
72538 315.377 315.342
72899 315.342 315.184
72964 315.184 315.165
73012 315.165 315.157
73032 315.157 315.014
73529 315.014 314.962
73983 314.962 314.903
74665 314.903 314.868
75435 314.868 314.856
75665 314.856 314.814
76008 314.814 314.786
76099 314.786 314.781
76331 314.781 314.776
76520 314.776 314.713
76576 314.713 314.713
77577 346.025 346.013
77609 346.013 345.883
77734 345.883 345.882
77935 345.882 345.825
77943 345.825 341.032
77951 341.032 341.03
78019 341.03 340.748
78373 340.748 340.682
78422 340.682 340.67
79284 340.67 340.598
79795 340.598 340.495
79819 340.495 340.493
79961 340.493 340.474
79979 340.474 340.446
80347 340.446 340.037
80435 340.037 340.028
80448 340.028 339.901
80631 339.901 339.87
80677 339.87 339.866
81184 339.866 339.863
81457 339.863 339.696
81751 339.696 339.692
81787 339.692 336.406
82090 336.406 336.368
82193 336.368 336.035
82201 336.035 336.002
82308 336.002 335.985
82668 335.985 335.951
83424 335.951 335.857
83455 335.857 335.778
83544 335.778 335.631
83646 335.631 335.52
83763 335.52 335.455
83801 335.455 335.375
83876 335.375 335.362
84117 335.362 335.309
84905 335.309 335.26
84978 335.26 335.199
85187 335.199 335.132
85262 335.132 334.99
85274 334.99 334.833
85349 334.833 334.756
85653 334.756 334.694
85719 334.694 334.685
85869 334.685 334.583
86135 334.583 334.359
86450 334.359 334.162
86626 334.162 334.132
86858 334.132 334.062
87060 334.062 334.045
87064 334.045 333.957
87205 333.957 333.91
87714 333.91 333.851
88376 333.851 333.841
88563 333.841 333.586
88712 333.586 333.41
88742 333.41 333.347
89448 333.347 333.209
89640 333.209 333.15
89979 333.15 332.303
90113 332.303 332.151
90490 332.151 332.146
90628 332.146 332.101
90684 332.101 332.052
91071 332.052 332.031
91414 332.031 332.02
91680 332.02 332.004
91765 332.004 332.001
92028 332.001 331.907
92051 331.907 331.871
92400 331.871 331.845
92610 331.845 331.713
92865 331.713 331.385
93217 331.385 331.29
93958 331.29 331.063
94137 331.063 331.017
94142 331.017 330.968
94228 330.968 330.896
94659 330.896 330.796
94694 330.796 330.73
94937 330.73 330.717
95079 330.717 330.655
95319 330.655 330.569
95361 330.569 330.516
95563 330.516 330.513
96085 330.513 330.151
96303 330.151 330.089
96775 330.089 330.036
96894 330.036 330.009
96924 330.009 329.984
96991 329.984 329.972
97247 329.972 329.956
97481 329.956 329.895
98174 329.895 329.789
98626 329.789 329.611
99009 329.611 329.602
99132 329.602 329.544
99191 329.544 329.471
99291 329.471 329.442
99326 329.442 329.431
99753 329.431 329.371
99794 329.371 329.274
99853 329.274 329.265
