0 17482.3 17388.5
2 17388.5 17356.9
34 17356.9 17308.1
47 17308.1 17296.2
51 17296.2 17259.1
81 17259.1 17221.8
87 17221.8 17212.5
91 17212.5 17049.1
97 17049.1 16953.6
98 16953.6 16953.4
143 16953.4 16855.5
182 16855.5 16699.2
223 16699.2 16671.3
252 16671.3 16615.8
258 16615.8 16488.9
263 16488.9 16470.4
268 16470.4 16285.2
274 16285.2 16250.8
291 16250.8 16148.7
304 16148.7 16132.8
310 16132.8 16099.6
322 16099.6 16023.8
370 16023.8 16020.2
393 16020.2 16006.3
407 16006.3 15970.9
436 15970.9 15940.5
438 15940.5 15940
465 15940 15896.4
535 15896.4 15783.8
543 15783.8 15773.2
630 15773.2 15753.6
676 15753.6 15709.8
706 15709.8 15709.4
728 15709.4 15705.8
734 15705.8 15682
757 15682 15477.9
775 15477.9 15417.1
785 15417.1 15411.7
849 15411.7 15400.9
863 15400.9 15399.7
880 15399.7 15393.2
907 15393.2 15367.8
940 15367.8 15333
973 15333 15299.9
1005 15299.9 15295.4
1021 15295.4 15261.4
1092 15261.4 15244.6
1100 15244.6 15222.4
1102 15222.4 15187.6
1112 15187.6 15168
1121 15168 15123.8
1172 15123.8 15093.3
1173 15093.3 15035
1180 15035 14960.3
1199 14960.3 14829.1
1236 14829.1 14825.6
1261 14825.6 14794.4
1271 14794.4 14754.1
1278 14754.1 14685.4
1280 14685.4 14679.1
1303 14679.1 14533.3
1330 14533.3 14532.8
1341 14532.8 14529.7
1367 14529.7 14420.1
1376 14420.1 14381.4
1410 14381.4 14008.7
1417 14008.7 14002.9
1441 14002.9 13983.4
1468 13983.4 13974.3
1476 13974.3 13829
1520 13829 13816.8
1540 13816.8 13755.5
1555 13755.5 13715.3
1566 13715.3 13706.9
1583 13706.9 13705.5
1594 13705.5 13635.8
1714 13635.8 13570.6
1717 13570.6 13546.6
1719 13546.6 13517.9
1723 13517.9 13516.4
1776 13516.4 13419
1828 13419 13394.5
1876 13394.5 13336.4
1900 13336.4 13300.3
1960 13300.3 13267
1994 13267 13264.2
2007 13264.2 13260.7
2073 13260.7 13250
2113 13250 13239.2
2115 13239.2 13192.2
2172 13192.2 13189.5
2216 13189.5 13152.7
2266 13152.7 13042.8
2280 13042.8 12955.8
2281 12955.8 12954.6
2381 12954.6 12899.2
2407 12899.2 12857.5
2466 12857.5 12841.7
2470 12841.7 12840.5
2492 12840.5 12792.3
2523 12792.3 12777.1
2595 12777.1 12771.1
2664 12771.1 12760.6
2699 12760.6 12753.7
2708 12753.7 12732.9
2739 12732.9 12668.9
2876 12668.9 12655.2
2877 12655.2 12617.1
2882 12617.1 12575.7
2891 12575.7 12537
2897 12537 12480
2904 12480 12373
2930 12373 12228.1
2934 12228.1 12219.3
2965 12219.3 12206.8
3062 12206.8 12157.5
3067 12157.5 12110.9
3209 12110.9 12030.4
3213 12030.4 11974.5
3267 11974.5 11949.3
3273 11949.3 11941.6
3352 11941.6 11809.6
3391 11809.6 11777.1
3462 11777.1 11765.9
3480 11765.9 11759
3481 11759 11697.1
3641 11697.1 11695.1
3669 11695.1 11648.5
3683 11648.5 11590.5
3686 11590.5 11559.3
3825 11559.3 11558
3892 11558 11524.5
4075 11524.5 11524.1
4156 11524.1 11454.8
4207 11454.8 11402.9
4372 11402.9 11390.6
4416 11390.6 11237.7
4522 11237.7 11204.3
4602 11204.3 11194.7
4643 11194.7 11188.9
4645 11188.9 11132.7
4658 11132.7 11088.9
4664 11088.9 11061.7
4667 11061.7 10964.4
4706 10964.4 10887.1
4736 10887.1 10875.9
4781 10875.9 10869.6
4863 10869.6 10847.2
4886 10847.2 10822
4951 10822 10778.7
4959 10778.7 10752.6
4961 10752.6 10689.5
5005 10689.5 10681
5130 10681 10661.7
5160 10661.7 10647.7
5230 10647.7 10595.4
5490 10595.4 10567.4
5498 10567.4 10565.2
5560 10565.2 10562.5
5825 10562.5 10561.4
5950 10561.4 10514.2
5989 10514.2 10498
6152 10498 10483.2
6202 10483.2 10309.6
6225 10309.6 10260
6420 10260 10243.9
6539 10243.9 10154.2
6633 10154.2 10141.6
6643 10141.6 10121
6828 10121 10052.9
6967 10052.9 9974.48
6992 9974.48 9942.72
7056 9942.72 9924.83
7125 9924.83 9916.47
7148 9916.47 9908.98
7209 9908.98 9795.36
7313 9795.36 9782.45
7802 9782.45 9746.41
8273 9746.41 9693.12
8322 9693.12 9672.94
8416 9672.94 9600.39
8425 9600.39 9585.09
8494 9585.09 9583.36
8768 9583.36 9560.14
9330 9560.14 9533.09
9803 9533.09 9516.42
10107 9516.42 9514.74
10215 9514.74 9418.5
10486 9418.5 9418.5
11487 16189.6 16188.9
11492 16188.9 16130.3
11497 16130.3 16121
11501 16121 16120.8
11519 16120.8 16112.1
11532 16112.1 16073.5
11541 16073.5 16061.9
11621 16061.9 16039.9
11636 16039.9 15943.9
11748 15943.9 15872.5
11795 15872.5 15867.6
11911 15867.6 15846.7
11922 15846.7 15584.6
11930 15584.6 15562.2
11953 15562.2 15552.1
11960 15552.1 15520.8
11984 15520.8 15351
12030 15351 15302.5
12073 15302.5 15291.4
12103 15291.4 15222.8
12108 15222.8 15151.4
12192 15151.4 15151.1
12206 15151.1 15094.6
12258 15094.6 15060.6
12260 15060.6 14824.2
12300 14824.2 14798
12307 14798 14750.1
12317 14750.1 14725.6
12327 14725.6 14702.8
12350 14702.8 14698.9
12381 14698.9 14641.5
12434 14641.5 14392.7
12480 14392.7 14362.7
12537 14362.7 14340
12568 14340 14300.2
12578 14300.2 14298.8
12586 14298.8 14237.7
12657 14237.7 14173.4
12661 14173.4 14153.6
12736 14153.6 14071.5
12883 14071.5 14001
12884 14001 13962.9
12951 13962.9 13797.9
12953 13797.9 13789.6
12992 13789.6 13685.2
13023 13685.2 13581
13094 13581 13577
13141 13577 13530.3
13239 13530.3 13431
13284 13431 13403.6
13359 13403.6 13353.4
13372 13353.4 13283.4
13427 13283.4 13278.1
13439 13278.1 13232.7
13475 13232.7 12960.6
13544 12960.6 12922
13550 12922 12806.5
13556 12806.5 12806.1
13596 12806.1 12756.9
13650 12756.9 12705.3
13919 12705.3 12679.1
14040 12679.1 12669.2
14102 12669.2 12630.5
14147 12630.5 12551.4
14171 12551.4 12392.3
14180 12392.3 12378.2
14260 12378.2 12367.3
14278 12367.3 12313.1
14281 12313.1 12261.9
14283 12261.9 12239
14296 12239 12205
14307 12205 12105.6
14427 12105.6 12021.7
14460 12021.7 11994
14682 11994 11977.7
14723 11977.7 11960.4
14746 11960.4 11909.1
14774 11909.1 11877.5
14943 11877.5 11836.7
14981 11836.7 11804.1
15045 11804.1 11746.6
15177 11746.6 11710
15180 11710 11671.7
15228 11671.7 11639.8
15240 11639.8 11613.3
15328 11613.3 11595.5
15347 11595.5 11583.9
15361 11583.9 11565.7
15429 11565.7 11473.6
15530 11473.6 11436.6
15624 11436.6 11417.9
15729 11417.9 11394.7
15946 11394.7 11389.4
15956 11389.4 11327
15962 11327 11291.6
15982 11291.6 11201.1
15996 11201.1 11185.9
16033 11185.9 11158.1
16171 11158.1 11099.5
16311 11099.5 11078.5
16317 11078.5 11062.9
16342 11062.9 10958.4
16467 10958.4 10958
16571 10958 10906
16575 10906 10843.5
16603 10843.5 10720.5
16653 10720.5 10709.5
16846 10709.5 10683.6
17036 10683.6 10592
17040 10592 10578.1
17116 10578.1 10564.6
17300 10564.6 10535.8
17364 10535.8 10502.6
17686 10502.6 10448
17904 10448 10423.4
18008 10423.4 10384.5
18023 10384.5 10331.6
18048 10331.6 10266.9
18229 10266.9 10247.5
18427 10247.5 10234.6
18697 10234.6 10215.6
18771 10215.6 10214.1
18823 10214.1 10211.8
18975 10211.8 10186.6
19184 10186.6 10182
19698 10182 10178.1
19903 10178.1 10165.5
20219 10165.5 10163
20328 10163 10162.9
20582 10162.9 10148
20633 10148 10142
20658 10142 10062.3
20675 10062.3 9958.09
20677 9958.09 9924.85
20691 9924.85 9852.47
20866 9852.47 9751.75
21042 9751.75 9698.85
21130 9698.85 9580.5
21148 9580.5 9514.09
21181 9514.09 9493.53
21356 9493.53 9448.93
21452 9448.93 9441.27
21469 9441.27 9322.31
21563 9322.31 9252.03
22010 9252.03 9178.21
22124 9178.21 9176.96
22421 9176.96 9176.96
22476 9176.96 9133.26
22996 9133.26 9131.72
23187 9131.72 9007.42
23558 9007.42 8982.18
23618 8982.18 8965.73
23630 8965.73 8916.11
23922 8916.11 8876.18
23980 8876.18 8748.22
24423 8748.22 8715.47
24898 8715.47 8684.49
25009 8684.49 8644.98
25398 8644.98 8625.48
25986 8625.48 8604.34
26049 8604.34 8604.12
26272 8604.12 8604.12
26580 8604.12 8568.05
26989 8568.05 8546.77
27095 8546.77 8535.9
27142 8535.9 8528.97
27226 8528.97 8419.38
27309 8419.38 8374.83
27341 8374.83 8367.91
27690 8367.91 8338.65
28048 8338.65 8324.57
28049 8324.57 8260.13
28866 8260.13 8258.5
29043 8258.5 8243.76
29376 8243.76 8242.83
29499 8242.83 8227.06
29644 8227.06 8219.38
30396 8219.38 8196.04
30550 8196.04 8166.41
30858 8166.41 8143.58
30881 8143.58 8143.58
31097 8143.58 8143.58
32098 16725 16723.6
32125 16723.6 16589.4
32190 16589.4 16556.4
32191 16556.4 16528.2
32214 16528.2 16507.4
32234 16507.4 16397.7
32275 16397.7 16395.5
32276 16395.5 16366.9
32306 16366.9 16335.4
32338 16335.4 16321.9
32349 16321.9 16262.1
32380 16262.1 16259.3
32382 16259.3 16251
32449 16251 16246
32496 16246 16190.7
32503 16190.7 16190.7
32526 16190.7 16184.7
32541 16184.7 16166.4
32553 16166.4 16147.1
32580 16147.1 16083.2
32597 16083.2 15935
32655 15935 15888.8
32680 15888.8 15777.7
32694 15777.7 15568.7
32699 15568.7 15547.5
32733 15547.5 15471
32803 15471 15468.6
32873 15468.6 15418.2
32882 15418.2 15313.6
32897 15313.6 15203.6
32963 15203.6 15141.3
32975 15141.3 15089.8
33102 15089.8 15010.5
33181 15010.5 14960.9
33212 14960.9 14955.7
33220 14955.7 14865.4
33307 14865.4 14830.9
33352 14830.9 14805.5
33358 14805.5 14747.1
33377 14747.1 14743.7
33383 14743.7 14684.2
33391 14684.2 14653.8
33394 14653.8 14651.1
33397 14651.1 14623.2
33458 14623.2 14502.6
33470 14502.6 14470
33548 14470 14284.8
33553 14284.8 14283.3
33595 14283.3 14242.7
33653 14242.7 14162.8
33722 14162.8 14162.2
33751 14162.2 14133.8
33771 14133.8 14132.6
33860 14132.6 14132.3
33902 14132.3 14129.5
33966 14129.5 14094.2
33991 14094.2 14083.7
34039 14083.7 14014.6
34089 14014.6 13982.8
34095 13982.8 13949.1
34110 13949.1 13940.3
34184 13940.3 13933.5
34195 13933.5 13932.3
34261 13932.3 13583.1
34281 13583.1 13529.6
34384 13529.6 13462
34386 13462 13426
34409 13426 13302.1
34501 13302.1 13231.8
34503 13231.8 13220.9
34558 13220.9 13212.4
34563 13212.4 13170.6
34624 13170.6 13083.7
34637 13083.7 12991.8
34653 12991.8 12906
34846 12906 12860.7
34853 12860.7 12734.1
34941 12734.1 12694.5
35083 12694.5 12648.8
35100 12648.8 12637.3
35137 12637.3 12626.4
35160 12626.4 12380.1
35198 12380.1 12374.2
35260 12374.2 12369.2
35271 12369.2 12350
35371 12350 12321.5
35376 12321.5 12310.9
35400 12310.9 12300.6
35508 12300.6 12205
35511 12205 12201.4
35551 12201.4 12181.1
35559 12181.1 12166
35572 12166 12163.5
35641 12163.5 12142.4
35648 12142.4 12118.7
35732 12118.7 12107.5
35773 12107.5 11926.3
35789 11926.3 11914.5
35828 11914.5 11905.2
35841 11905.2 11898
35842 11898 11791.4
35859 11791.4 11681.6
35891 11681.6 11645.7
35923 11645.7 11645
35968 11645 11481.8
36324 11481.8 11456.6
36344 11456.6 11385.4
36396 11385.4 11326.8
36425 11326.8 11262.2
36435 11262.2 11252.4
36595 11252.4 11236.4
36625 11236.4 11198.4
36662 11198.4 11181.4
36663 11181.4 11117.7
36696 11117.7 11114
36720 11114 11092.7
36778 11092.7 11059.5
37089 11059.5 11042.5
37136 11042.5 10918.2
37162 10918.2 10868.9
37228 10868.9 10844.7
37315 10844.7 10833.6
37327 10833.6 10783.4
37422 10783.4 10780.1
37625 10780.1 10742
37627 10742 10712.5
37629 10712.5 10677.2
37655 10677.2 10647.2
37676 10647.2 10607.4
37804 10607.4 10545.5
37899 10545.5 10496.6
38015 10496.6 10458.5
38055 10458.5 10422.9
38296 10422.9 10331
38391 10331 10320.6
38428 10320.6 10317.5
38439 10317.5 10263.7
38469 10263.7 10190.9
38616 10190.9 10179.2
38743 10179.2 10126.9
38748 10126.9 10092.8
38819 10092.8 10051.8
38851 10051.8 9998.53
38901 9998.53 9891.15
39176 9891.15 9887.88
39261 9887.88 9887.88
39324 9887.88 9882.82
39331 9882.82 9866.88
39558 9866.88 9843.41
39575 9843.41 9833.95
39794 9833.95 9823.46
39892 9823.46 9792.99
39958 9792.99 9774.2
40036 9774.2 9767.59
40081 9767.59 9736.39
40127 9736.39 9708.41
40361 9708.41 9695.3
40672 9695.3 9695.07
40685 9695.07 9652.8
40711 9652.8 9618.82
40886 9618.82 9594.06
41038 9594.06 9582.43
41041 9582.43 9581.28
41074 9581.28 9547.77
41223 9547.77 9447.88
41379 9447.88 9423.39
41581 9423.39 9398.32
42040 9398.32 9374.49
42097 9374.49 9327.24
42260 9327.24 9325.3
42826 9325.3 9321.61
42838 9321.61 9311.89
43042 9311.89 9302.68
43276 9302.68 9301.76
43400 9301.76 9301.76
43494 9301.76 9249.29
43559 9249.29 9179.79
43608 9179.79 9118.23
43701 9118.23 9109.79
43782 9109.79 9109.79
44783 17304.5 17297.8
44821 17297.8 17281.8
44835 17281.8 17247.2
44837 17247.2 17208.8
44847 17208.8 17047.9
44850 17047.9 16967.5
44891 16967.5 16802.2
44895 16802.2 16795.6
44942 16795.6 16692.8
44989 16692.8 16580.1
45000 16580.1 16532.9
45010 16532.9 16509.1
45051 16509.1 16499.8
45067 16499.8 16428.4
45070 16428.4 16390.7
45078 16390.7 16381
45092 16381 16265.3
45107 16265.3 16249.6
45149 16249.6 16231.4
45179 16231.4 16085.1
45193 16085.1 16047.6
45203 16047.6 16031.7
45237 16031.7 15986.7
45248 15986.7 15969.4
45252 15969.4 15887.4
45282 15887.4 15814.8
45328 15814.8 15627.6
45357 15627.6 15590.6
45390 15590.6 15579.9
45472 15579.9 15435.7
45475 15435.7 15414
45528 15414 15361
45551 15361 15359.6
45563 15359.6 15354.5
45595 15354.5 15294.1
45614 15294.1 15266.8
45678 15266.8 15234.2
45692 15234.2 15192.1
45713 15192.1 15119.1
45716 15119.1 15115.4
45808 15115.4 15107.7
45824 15107.7 14982.8
45826 14982.8 14920.9
45837 14920.9 14862.9
45846 14862.9 14780.3
45881 14780.3 14759
45892 14759 14758.8
45904 14758.8 14757.2
45964 14757.2 14705
46010 14705 14678.3
46014 14678.3 14593.6
46032 14593.6 14587.9
46052 14587.9 14571.2
46080 14571.2 14473.5
46085 14473.5 14419.8
46090 14419.8 14389.6
46112 14389.6 14338.3
46114 14338.3 14258.8
46118 14258.8 14231
46137 14231 14032.8
46147 14032.8 14000.9
46153 14000.9 13966.2
46254 13966.2 13923.4
46257 13923.4 13911.6
46282 13911.6 13873.5
46372 13873.5 13772.7
46475 13772.7 13751.8
46489 13751.8 13713.9
46505 13713.9 13692.9
46517 13692.9 13684.9
46588 13684.9 13438.4
46607 13438.4 13431.1
46673 13431.1 13370.9
46702 13370.9 13333.7
46710 13333.7 13320.6
46752 13320.6 13265.6
46801 13265.6 13176.5
46888 13176.5 13110.5
46890 13110.5 13063.8
47013 13063.8 13050.9
47087 13050.9 13028.3
47099 13028.3 13014.7
47407 13014.7 12971.7
47419 12971.7 12964.7
47421 12964.7 12907.7
47512 12907.7 12875.9
47597 12875.9 12875.4
47599 12875.4 12828.5
47603 12828.5 12809.2
47616 12809.2 12747
47621 12747 12700.8
47630 12700.8 12691.4
47662 12691.4 12688.5
47762 12688.5 12664.4
47794 12664.4 12663.2
47796 12663.2 12638.4
47813 12638.4 12579.2
48015 12579.2 12535.7
48045 12535.7 12533.2
48058 12533.2 12529
48085 12529 12487.3
48111 12487.3 12416.7
48175 12416.7 12409.9
48324 12409.9 12384.9
48328 12384.9 12359.2
48330 12359.2 12343.1
48348 12343.1 12342.1
48429 12342.1 12248.6
48495 12248.6 12247.8
48563 12247.8 12243.2
48576 12243.2 12220.1
48722 12220.1 12129.9
48806 12129.9 12119.1
48882 12119.1 12055
48927 12055 11973.5
48929 11973.5 11968.5
49255 11968.5 11951.6
49274 11951.6 11925.7
49391 11925.7 11922.8
49510 11922.8 11893.3
49517 11893.3 11835.7
49628 11835.7 11805.7
49702 11805.7 11712.1
49740 11712.1 11674.3
49962 11674.3 11610.5
50060 11610.5 11608.7
50098 11608.7 11577.8
50100 11577.8 11557.9
50120 11557.9 11538.7
50242 11538.7 11532
50278 11532 11516
50309 11516 11466
50329 11466 11459.2
50359 11459.2 11416.2
50534 11416.2 11372
50556 11372 11343.8
50608 11343.8 11335.5
50701 11335.5 11286.5
50776 11286.5 11276.5
50783 11276.5 11226.6
50992 11226.6 11211.6
51121 11211.6 11186.9
51268 11186.9 11138
51422 11138 11110.3
51500 11110.3 11103.6
51582 11103.6 11057.9
51593 11057.9 10954.5
51734 10954.5 10945.1
51795 10945.1 10888.5
51925 10888.5 10885.5
52024 10885.5 10842.2
52035 10842.2 10837.2
52207 10837.2 10814.2
52259 10814.2 10800.3
52368 10800.3 10786.8
52559 10786.8 10784.6
52569 10784.6 10755.4
52644 10755.4 10692.2
52695 10692.2 10653.1
52754 10653.1 10639.3
52898 10639.3 10621.4
52993 10621.4 10529.6
53183 10529.6 10508.4
53348 10508.4 10437.8
53363 10437.8 10417.6
53413 10417.6 10398.9
53543 10398.9 10322.3
53885 10322.3 10322.1
53936 10322.1 10301
53942 10301 10270
54118 10270 10242.6
54470 10242.6 10221.4
54523 10221.4 10196.8
54587 10196.8 10117.6
54597 10117.6 10114.5
54750 10114.5 9965.41
55135 9965.41 9905.52
55152 9905.52 9860.48
55319 9860.48 9857.13
55700 9857.13 9801.58
55710 9801.58 9783.4
56129 9783.4 9753.79
56191 9753.79 9746.26
56277 9746.26 9738.36
56313 9738.36 9737.91
56416 9737.91 9735.7
56435 9735.7 9671.7
57218 9671.7 9643.55
57463 9643.55 9631.12
57464 9631.12 9613.29
57554 9613.29 9596.97
57657 9596.97 9506.51
57743 9506.51 9502.34
57840 9502.34 9437.99
58159 9437.99 9383.53
58670 9383.53 9357.74
58674 9357.74 9290.24
59099 9290.24 9281.91
59173 9281.91 9259.53
59235 9259.53 9241.27
59237 9241.27 9195.91
59246 9195.91 9174.87
59419 9174.87 9102.81
59964 9102.81 9071.42
60043 9071.42 8994.25
60161 8994.25 8984.51
60473 8984.51 8977.9
61226 8977.9 8969.9
61242 8969.9 8966.87
61300 8966.87 8964.23
61499 8964.23 8964.23
62500 17083.1 17017.3
62527 17017.3 16997.8
62528 16997.8 16991.8
62538 16991.8 16952.8
62555 16952.8 16910.8
62584 16910.8 16904.8
62585 16904.8 16832.8
62632 16832.8 16593.3
62639 16593.3 16580.8
62640 16580.8 16553.9
62646 16553.9 16511.2
62654 16511.2 16455.5
62656 16455.5 16430.9
62663 16430.9 16409.8
62683 16409.8 16393.7
62687 16393.7 16388.7
62724 16388.7 16331.5
62735 16331.5 16313.2
62749 16313.2 16258.2
62767 16258.2 16149.7
62773 16149.7 16108.5
62818 16108.5 16041.4
62873 16041.4 15839.5
62879 15839.5 15773.3
62995 15773.3 15616.2
62996 15616.2 15608.5
63004 15608.5 15476.6
63013 15476.6 15427.1
63053 15427.1 15404.1
63070 15404.1 15377.2
63136 15377.2 15316.8
63206 15316.8 15273
63228 15273 15190.7
63323 15190.7 15188.2
63330 15188.2 15172.7
63346 15172.7 15129.5
63414 15129.5 15126.5
63415 15126.5 15050
63495 15050 14938.4
63554 14938.4 14909.4
63557 14909.4 14895.6
63560 14895.6 14870
63594 14870 14845.8
63637 14845.8 14621.7
63651 14621.7 14491.6
63694 14491.6 14439
63723 14439 14429.6
63757 14429.6 14308.2
63775 14308.2 14247.1
63795 14247.1 14001.3
63815 14001.3 13985.8
63843 13985.8 13969.9
63845 13969.9 13947.9
63850 13947.9 13778.6
63889 13778.6 13777.4
63891 13777.4 13770.6
63922 13770.6 13682.9
63983 13682.9 13605.4
64013 13605.4 13594.7
64107 13594.7 13570.3
64147 13570.3 13486
64219 13486 13317.3
64228 13317.3 13172.6
64247 13172.6 13150.4
64357 13150.4 13121
64368 13121 13078.9
64392 13078.9 13038
64563 13038 12985.6
64595 12985.6 12941.5
64607 12941.5 12906.6
64653 12906.6 12880.9
64664 12880.9 12866.6
64683 12866.6 12626.4
64690 12626.4 12541.7
64767 12541.7 12507.7
64787 12507.7 12458.6
64812 12458.6 12448.4
64817 12448.4 12412.8
64822 12412.8 12378
64874 12378 12373.6
64986 12373.6 12373.6
64990 12373.6 12278.5
65037 12278.5 12252.2
65074 12252.2 12183.7
65106 12183.7 12172.9
65177 12172.9 12111.2
65202 12111.2 12016.1
65228 12016.1 11984.3
65267 11984.3 11923.7
65306 11923.7 11907.7
65396 11907.7 11883
65406 11883 11843.7
65438 11843.7 11769.9
65502 11769.9 11725.1
65686 11725.1 11700.7
65786 11700.7 11640.5
65788 11640.5 11634.3
65801 11634.3 11514.3
65832 11514.3 11474.2
65851 11474.2 11392.6
66001 11392.6 11385.7
66016 11385.7 11363.5
66227 11363.5 11269.8
66249 11269.8 11247.2
66283 11247.2 11219.1
66488 11219.1 11148.4
66562 11148.4 11103
66701 11103 11102.1
66787 11102.1 11100
66819 11100 11071.2
66894 11071.2 11023.2
66919 11023.2 11008.4
66934 11008.4 10987.8
66982 10987.8 10977.6
67020 10977.6 10910.4
67057 10910.4 10896.9
67070 10896.9 10879.9
67189 10879.9 10876.5
67191 10876.5 10856
67257 10856 10849.3
67297 10849.3 10794.6
67328 10794.6 10737.2
67339 10737.2 10728.5
67377 10728.5 10696.7
67536 10696.7 10688.8
67613 10688.8 10620.1
67653 10620.1 10597.8
67750 10597.8 10559.6
67972 10559.6 10491.7
68080 10491.7 10462.7
68205 10462.7 10432.2
68449 10432.2 10418.9
68540 10418.9 10346.6
68655 10346.6 10330.1
68667 10330.1 10326.9
68790 10326.9 10247.1
68794 10247.1 10211.7
68848 10211.7 10203.3
68872 10203.3 10148.4
68946 10148.4 10086.2
69096 10086.2 10084.5
69361 10084.5 10041.1
69498 10041.1 10000.7
69728 10000.7 9947.89
69731 9947.89 9914.8
69974 9914.8 9912.97
70095 9912.97 9854.97
70354 9854.97 9844.65
70406 9844.65 9786.29
70491 9786.29 9703.73
70997 9703.73 9695.41
71071 9695.41 9688.86
71177 9688.86 9652.96
71230 9652.96 9646.78
71590 9646.78 9504.23
71658 9504.23 9492.55
71816 9492.55 9450.35
71859 9450.35 9438.64
71913 9438.64 9384.11
71986 9384.11 9347.09
72081 9347.09 9296.82
72129 9296.82 9273.61
72508 9273.61 9271.59
72545 9271.59 9201.84
72634 9201.84 9200.05
72776 9200.05 9192.7
73204 9192.7 9182.42
73419 9182.42 9174.2
74056 9174.2 9154.47
74247 9154.47 9116.39
74376 9116.39 9040.35
74517 9040.35 9007.2
74670 9007.2 8960.43
75286 8960.43 8897.71
75430 8897.71 8744.19
75659 8744.19 8700.82
75907 8700.82 8700.82
76246 8700.82 8679.83
76535 8679.83 8665.3
76564 8665.3 8656.11
76621 8656.11 8571.39
76915 8571.39 8571.39
76933 8571.39 8541.89
77017 8541.89 8539.14
77121 8539.14 8514.63
77527 8514.63 8471.04
77618 8471.04 8471.04
78619 18497.2 18488.5
78633 18488.5 18472.4
78638 18472.4 18313.1
78689 18313.1 18311.2
78694 18311.2 18132.5
78700 18132.5 18049
78708 18049 17714.4
78767 17714.4 17614.1
78809 17614.1 17470.7
78918 17470.7 17384.8
78942 17384.8 17369.2
78967 17369.2 17132.7
78980 17132.7 17050.1
78983 17050.1 17046.3
78994 17046.3 16985.8
78995 16985.8 16952.3
79030 16952.3 16952.1
79035 16952.1 16870.4
79037 16870.4 16868.1
79073 16868.1 16834.1
79088 16834.1 16820.9
79114 16820.9 16799.8
79130 16799.8 16799.8
79150 16799.8 16784.2
79181 16784.2 16783
79183 16783 16778.5
79188 16778.5 16742.4
79204 16742.4 16733.7
79213 16733.7 16713.8
79229 16713.8 16491.6
79243 16491.6 16406.6
79253 16406.6 16324.6
79261 16324.6 16123.6
79303 16123.6 16120.1
79304 16120.1 16104
79307 16104 15867.1
79308 15867.1 15859.8
79314 15859.8 15796.4
79326 15796.4 15786.3
79384 15786.3 15776.6
79409 15776.6 15754.5
79417 15754.5 15743.7
79449 15743.7 15660.3
79461 15660.3 15652
79516 15652 15503.2
79531 15503.2 15394.9
79539 15394.9 15333.3
79569 15333.3 15298.1
79586 15298.1 15283.7
79587 15283.7 15254.9
79602 15254.9 15234.4
79605 15234.4 15231.9
79618 15231.9 15223.9
79641 15223.9 15189
79645 15189 15184.4
79652 15184.4 15116.4
79658 15116.4 14872.8
79682 14872.8 14765.9
79726 14765.9 14753
79753 14753 14710.8
79763 14710.8 14563.7
79789 14563.7 14546.3
79817 14546.3 14476.7
79834 14476.7 14433
79848 14433 14340.5
79892 14340.5 14332.3
79908 14332.3 14233.5
80023 14233.5 14126.7
80049 14126.7 14057.9
80107 14057.9 13988.6
80126 13988.6 13957.2
80152 13957.2 13955.8
80155 13955.8 13927.9
80233 13927.9 13884.1
80298 13884.1 13862.3
80335 13862.3 13826.3
80546 13826.3 13825.8
80605 13825.8 13656
80640 13656 13620.7
80722 13620.7 13603.5
80781 13603.5 13592
80795 13592 13454.9
80819 13454.9 13425.8
80840 13425.8 13389.8
80862 13389.8 13314.4
80903 13314.4 13189.6
80907 13189.6 13106.8
80980 13106.8 13008.6
81046 13008.6 12998.7
81052 12998.7 12965.1
81126 12965.1 12902.5
81216 12902.5 12866
81232 12866 12827
81380 12827 12821.8
81427 12821.8 12807.8
81470 12807.8 12698.3
81578 12698.3 12668.6
81613 12668.6 12666.8
81705 12666.8 12563
81877 12563 12548.2
81904 12548.2 12514.4
82020 12514.4 12491.5
82036 12491.5 12475.6
82180 12475.6 12416.4
82194 12416.4 12298.8
82212 12298.8 12286.9
82237 12286.9 12264.3
82275 12264.3 12206.5
82312 12206.5 12181
82341 12181 12177.3
82431 12177.3 12174.1
82456 12174.1 12167.1
82472 12167.1 12160
82487 12160 12154.5
82493 12154.5 12110.4
82529 12110.4 12090.8
82590 12090.8 11959.9
82666 11959.9 11958.7
82697 11958.7 11838.1
82795 11838.1 11739.6
82931 11739.6 11724.7
82954 11724.7 11631.6
82990 11631.6 11612.7
83006 11612.7 11587.2
83285 11587.2 11552.2
83437 11552.2 11512.5
83456 11512.5 11512.5
83558 11512.5 11511.2
83673 11511.2 11348.8
83693 11348.8 11321.2
83695 11321.2 11185.9
83701 11185.9 11184.9
83928 11184.9 11112.6
84010 11112.6 11037.5
84054 11037.5 10989.5
84166 10989.5 10915.8
84278 10915.8 10911.6
84343 10911.6 10900.3
84349 10900.3 10896.8
84406 10896.8 10868.3
84470 10868.3 10861.9
84578 10861.9 10840.1
84657 10840.1 10808.1
84686 10808.1 10730.3
84695 10730.3 10701.2
84890 10701.2 10658.4
84892 10658.4 10599.5
84893 10599.5 10591.7
84941 10591.7 10579.3
84952 10579.3 10576.2
85008 10576.2 10528.5
85110 10528.5 10491.5
85123 10491.5 10478.5
85220 10478.5 10475.5
85221 10475.5 10464.9
85456 10464.9 10442.6
85532 10442.6 10427.7
85593 10427.7 10416.8
85631 10416.8 10363.7
85750 10363.7 10250.9
85862 10250.9 10248.9
85872 10248.9 10243.7
86043 10243.7 10240.6
86129 10240.6 10215.5
86220 10215.5 10144.9
86388 10144.9 10124.5
86571 10124.5 10098.2
86757 10098.2 9980.4
86761 9980.4 9965.55
86774 9965.55 9945.03
86868 9945.03 9919.68
86929 9919.68 9894.93
87144 9894.93 9816.64
87249 9816.64 9710.1
87297 9710.1 9690.8
87435 9690.8 9628.9
87653 9628.9 9620.41
87713 9620.41 9531.73
87834 9531.73 9527.93
87836 9527.93 9475.1
87895 9475.1 9466.73
87950 9466.73 9461.9
87979 9461.9 9418.2
88188 9418.2 9364.55
88313 9364.55 9356.43
88511 9356.43 9315.56
88704 9315.56 9297.39
88882 9297.39 9289.06
88968 9289.06 9285.07
89096 9285.07 9281.23
89153 9281.23 9259.24
89456 9259.24 9255.68
89463 9255.68 9205.12
89536 9205.12 9139.56
89697 9139.56 9138.65
89778 9138.65 9133.9
90066 9133.9 9121.86
90378 9121.86 9063.45
90398 9063.45 9049.18
90734 9049.18 9049.18
91735 17524 17493.4
91743 17493.4 17441.5
91798 17441.5 17397.5
91830 17397.5 17351.4
91861 17351.4 17262
91878 17262 17245.5
91900 17245.5 17195.5
91934 17195.5 17147.9
91954 17147.9 17104
92000 17104 17094.6
92009 17094.6 17085.9
92028 17085.9 17068.5
92033 17068.5 16980.2
92035 16980.2 16916.5
92038 16916.5 16844.7
92048 16844.7 16810.9
92064 16810.9 16743
92082 16743 16702.9
92104 16702.9 16615.1
92132 16615.1 16606.3
92157 16606.3 16597.8
92186 16597.8 16576.6
92202 16576.6 16507.6
92233 16507.6 16389.2
92234 16389.2 16375
92253 16375 16242.8
92255 16242.8 16231.1
92265 16231.1 16228.2
92291 16228.2 16153.1
92301 16153.1 16133
92306 16133 16129.1
92316 16129.1 16010.1
92351 16010.1 15975.1
92364 15975.1 15884.8
92382 15884.8 15839.8
92420 15839.8 15788.9
92445 15788.9 15655.2
92458 15655.2 15652.2
92519 15652.2 15645.8
92544 15645.8 15611.5
92603 15611.5 15600.1
92605 15600.1 15458.6
92612 15458.6 15399.9
92618 15399.9 15330.9
92651 15330.9 15304.3
92698 15304.3 15304.1
92737 15304.1 15168.1
92769 15168.1 15140.9
92775 15140.9 15125.7
92849 15125.7 15024.3
92906 15024.3 15023.5
92912 15023.5 14960.5
92953 14960.5 14953.8
92979 14953.8 14711.6
93058 14711.6 14646.1
93146 14646.1 14615.5
93178 14615.5 14608.3
93216 14608.3 14554.6
93243 14554.6 14514.1
93258 14514.1 14358.8
93390 14358.8 14305.9
93421 14305.9 14284.9
93455 14284.9 14275.6
93460 14275.6 14117.7
93489 14117.7 14102.2
93554 14102.2 14082
93556 14082 14060.3
93565 14060.3 14057.7
93592 14057.7 14000.7
93614 14000.7 13995.2
93626 13995.2 13985.2
93663 13985.2 13983.2
93707 13983.2 13974.1
93757 13974.1 13887.8
93816 13887.8 13880.4
93846 13880.4 13818.2
93904 13818.2 13808.4
93956 13808.4 13740.3
93965 13740.3 13702
94014 13702 13690
94046 13690 13441.9
94049 13441.9 13440.1
94060 13440.1 13429.2
94162 13429.2 13415.7
94230 13415.7 13389.7
94242 13389.7 13350.3
94298 13350.3 13346.3
94299 13346.3 13275.7
94357 13275.7 13220.9
94364 13220.9 13191.7
94372 13191.7 13187.4
94540 13187.4 13180.2
94640 13180.2 13139.9
94644 13139.9 13116.8
94675 13116.8 13107.1
94699 13107.1 13104
94741 13104 13093.9
94793 13093.9 13080.1
94809 13080.1 13061.9
94842 13061.9 13056.9
94906 13056.9 13048.4
94909 13048.4 12970.2
94979 12970.2 12969.1
94997 12969.1 12916.7
95017 12916.7 12842.1
95224 12842.1 12677.8
95229 12677.8 12628.1
95251 12628.1 12608.4
95306 12608.4 12598.7
95307 12598.7 12425.9
95389 12425.9 12356
95494 12356 12290.1
95554 12290.1 12216.5
95577 12216.5 12153
95590 12153 12135.1
95658 12135.1 12104.4
95737 12104.4 12104.4
95919 12104.4 12076.2
96041 12076.2 12038
96055 12038 12020.2
96060 12020.2 11956.3
96250 11956.3 11739.6
96311 11739.6 11691.2
96477 11691.2 11672.8
96548 11672.8 11583.1
96600 11583.1 11568.7
96749 11568.7 11540.3
96857 11540.3 11501.1
96950 11501.1 11494.3
97041 11494.3 11425.5
97062 11425.5 11375.9
97063 11375.9 11351
97107 11351 11332.6
97544 11332.6 11271.5
97555 11271.5 11172.3
97599 11172.3 11140.2
97633 11140.2 11117.6
97690 11117.6 11050.4
97692 11050.4 11013.9
97755 11013.9 10995.9
97791 10995.9 10989.2
97924 10989.2 10902.9
98021 10902.9 10876.8
98273 10876.8 10719.3
98297 10719.3 10701.7
98467 10701.7 10649.1
98537 10649.1 10638.8
98644 10638.8 10606.7
98664 10606.7 10571.8
98793 10571.8 10559.3
98832 10559.3 10559.3
98938 10559.3 10447.7
99176 10447.7 10430.6
99197 10430.6 10389.5
99222 10389.5 10372.4
99306 10372.4 10363.9
99540 10363.9 10328
99614 10328 10311.9
99636 10311.9 10293.3
99716 10293.3 10237
99751 10237 10153.8
99862 10153.8 10100
