0 3075.7 3129.57
1 3120.06 3248.88
2 3147.78 3365.68
3 3217.69 3480.34
4 3272.15 3598.86
5 3280.89 3711.53
6 3283.47 3802.07
7 3302.77 3874.01
8 3318.78 3933.04
9 3357.14 3998.45
10 3400.94 4049.26
11 3490.52 4116.99
12 3512.01 4161.13
13 3513.69 4199
14 3537.11 4244.85
15 3544.07 4268.2
16 3616.81 4292.44
17 3619.89 4313.27
18 3629.44 4333.6
19 3640.16 4353.6
20 3658.19 4381.6
21 3732.72 4393.4
22 3745.43 4415.51
23 3752.39 4415.65
24 3772 4416.63
25 3800.7 4423.72
26 3839.1 4436.75
27 3864.96 4444
28 3888.79 4446.72
29 3901.95 4446.72
30 3909.56 4446.72
31 3913.42 4446.72
32 3927.94 4446.72
33 3931.63 4446.72
34 3954.49 4447.4
35 3962.01 4452.35
36 3974.28 4452.35
37 3976.19 4456.14
38 4002.94 4456.14
39 4004.79 4456.14
40 4030.73 4456.14
41 4074.59 4456.14
42 4094.91 4456.14
43 4098.92 4456.14
44 4128.89 4456.14
45 4157.69 4456.14
46 4174.21 4456.14
47 4178.25 4456.14
48 4181.8 4456.14
49 4182.02 4456.14
50 4183.76 4456.14
51 4191.32 4456.14
52 4202.23 4456.14
53 4208.2 4456.14
54 4211.41 4456.14
55 4212.8 4456.14
56 4217.31 4456.14
57 4236.18 4456.14
58 4236.63 4456.14
59 4237.4 4456.14
60 4251.61 4456.14
61 4252.23 4456.14
62 4269.61 4456.14
63 4274 4456.14
64 4280.02 4456.14
65 4282.34 4456.14
66 4285.74 4456.14
67 4287.73 4456.14
68 4306.71 4456.14
69 4332.51 4456.14
70 4386.5 4456.14
71 4410.84 4456.14
72 4410.84 4456.14
73 4423.91 4456.14
74 4424.68 4456.14
75 4441.2 4456.14
76 4454.53 4456.14
77 4460.64 4456.14
78 4473.1 4456.14
79 4473.1 4456.14
80 4473.1 4456.14
81 4473.1 4456.14
82 4473.1 4456.14
83 4473.1 4456.14
84 4473.1 4456.14
85 4473.1 4456.14
86 4473.1 4456.14
87 4473.1 4456.14
88 4473.1 4456.14
89 4473.1 4456.14
90 4473.1 4456.14
91 4473.1 4456.14
92 4473.1 4456.14
93 4473.1 4456.14
94 4473.1 4456.14
95 4473.1 4456.14
96 4473.1 4456.14
97 4473.1 4456.14
98 4473.1 4456.14
99 4473.1 4456.14
100 4473.1 4456.14
101 4473.1 4456.14
102 4473.1 4456.14
103 4473.1 4456.14
104 4473.1 4456.14
105 4473.1 4456.14
106 4473.1 4456.14
107 4473.1 4456.14
108 4473.1 4456.14
109 4473.1 4456.14
110 4473.1 4456.14
111 4473.1 4456.14
112 4473.1 4456.14
113 4473.1 4456.14
114 4473.1 4456.14
115 4473.1 4456.14
116 4473.1 4456.14
117 4473.1 4456.14
118 4473.1 4456.14
119 4473.1 4456.14
120 4473.1 4456.14
121 4473.1 4456.14
122 4473.1 4456.14
123 4473.1 4456.14
124 4473.1 4456.14
125 4473.1 4456.14
126 4473.1 4456.14
127 4473.1 4456.14
128 4473.1 4456.14
129 4473.1 4456.14
130 4473.1 4456.14
131 4473.1 4456.14
132 4473.1 4456.14
133 4473.1 4456.14
134 4473.1 4456.14
135 4473.1 4456.14
136 4473.1 4456.14
137 4473.1 4456.14
138 4473.1 4456.14
139 4473.1 4456.14
140 4473.1 4456.14
141 4473.1 4456.14
142 4473.1 4456.14
143 4473.1 4456.14
144 4473.1 4456.14
145 4473.1 4456.14
146 4473.1 4456.14
147 4473.1 4456.14
148 4473.1 4456.14
149 4473.1 4456.14
150 4473.1 4456.14
151 4473.1 4456.14
152 4473.1 4456.14
153 4473.1 4456.14
154 4473.1 4456.14
155 4473.1 4456.14
156 4473.1 4456.14
157 4473.1 4456.14
158 4473.1 4456.14
159 4473.1 4456.14
160 4473.1 4456.14
161 4473.1 4456.14
162 4473.1 4456.14
163 4473.1 4456.14
164 4473.1 4456.14
165 4473.1 4456.14
166 4473.1 4456.14
167 4473.1 4456.14
168 4473.1 4456.14
169 4473.1 4456.14
170 4473.1 4456.14
171 4473.1 4456.14
172 4473.1 4456.14
173 4473.1 4456.14
174 4473.1 4456.14
175 4473.1 4456.14
176 4473.1 4456.14
177 4473.1 4456.14
178 4473.1 4456.14
179 4473.1 4456.14
180 4473.1 4456.14
181 4473.1 4456.14
182 4473.1 4456.14
183 4473.1 4456.14
184 4473.1 4456.14
185 4473.1 4456.14
186 4473.1 4456.14
187 4473.1 4456.14
188 4473.1 4456.14
189 4473.1 4456.14
190 4473.1 4456.14
191 4473.1 4456.14
192 4473.1 4456.14
193 4473.1 4456.14
194 4473.1 4456.14
195 4473.1 4456.14
196 4473.1 4456.14
197 4473.1 4456.14
198 4473.1 4456.14
199 4473.1 4456.14
200 4473.1 4456.14
201 4473.1 4456.14
202 4473.1 4456.14
203 4473.1 4456.14
204 4473.1 4456.14
205 4473.1 4456.14
206 4473.1 4456.14
207 4473.1 4456.14
208 4473.1 4456.14
209 4473.1 4456.14
210 4473.1 4456.14
211 4473.1 4456.14
212 4473.1 4456.14
213 4473.1 4456.14
214 4473.1 4456.14
215 4473.1 4456.14
216 4473.1 4456.14
217 4473.1 4456.14
218 4473.1 4456.14
219 4473.1 4456.14
220 4473.1 4456.14
221 4473.1 4456.14
222 4473.1 4456.14
223 4473.1 4456.14
224 4473.1 4456.14
225 4473.1 4456.14
226 4473.1 4456.14
227 4473.1 4456.14
228 4473.1 4456.14
229 4473.1 4456.14
230 4473.1 4456.14
231 4473.1 4456.14
232 4473.1 4456.14
233 4473.1 4456.14
234 4473.1 4456.14
235 4473.1 4456.14
236 4473.1 4456.14
237 4473.1 4456.14
238 4473.1 4456.14
239 4473.1 4456.14
240 4473.1 4456.14
241 4473.1 4456.14
242 4473.1 4456.14
243 4473.1 4456.14
244 4473.1 4456.14
245 4473.1 4456.14
246 4473.1 4456.14
247 4473.1 4456.14
248 4473.1 4456.14
249 4473.1 4456.14
250 4473.1 4456.14
251 4473.1 4456.14
252 4473.1 4456.14
253 4473.1 4456.14
254 4473.1 4456.14
255 4473.1 4456.14
256 4473.1 4456.14
257 4473.1 4456.14
258 4473.1 4456.14
259 4473.1 4456.14
260 4473.1 4456.14
261 4473.1 4456.14
262 4473.1 4456.14
263 4473.1 4456.14
264 4473.1 4456.14
265 4473.1 4456.14
266 4473.1 4456.14
267 4473.1 4456.14
268 4473.1 4456.14
269 4473.1 4456.14
270 4473.1 4456.14
271 4473.1 4456.14
272 4473.1 4456.14
273 4473.1 4456.14
274 4473.1 4456.14
275 4473.1 4456.14
276 4473.1 4456.14
277 4473.1 4456.14
278 4473.1 4456.14
279 4473.1 4456.14
280 4473.1 4456.14
281 4473.1 4456.14
282 4473.1 4456.14
283 4473.1 4456.14
284 4473.1 4456.14
285 4473.1 4456.14
286 4473.1 4456.14
287 4473.1 4456.14
288 4473.1 4456.14
289 4473.1 4456.14
290 4473.1 4456.14
291 4473.1 4456.14
292 4473.1 4456.14
293 4473.1 4456.14
294 4473.1 4456.14
295 4473.1 4456.14
296 4473.1 4456.14
297 4473.1 4456.14
298 4473.1 4456.14
299 4473.1 4456.14
300 4473.1 4456.14
301 4473.1 4456.14
302 4473.1 4456.14
303 4473.1 4456.14
304 4473.1 4456.14
305 4473.1 4456.14
306 4473.1 4456.14
307 4473.1 4456.14
308 4473.1 4456.14
309 4473.1 4456.14
310 4473.1 4456.14
311 4473.1 4456.14
312 4473.1 4456.14
313 4473.1 4456.14
314 4473.1 4456.14
315 4473.1 4456.14
316 4473.1 4456.14
317 4473.1 4456.14
318 4473.1 4456.14
319 4473.1 4456.14
320 4473.1 4456.14
321 4473.1 4456.14
322 4473.1 4456.14
323 4473.1 4456.14
324 4473.1 4456.14
325 4473.1 4456.14
326 4473.1 4456.14
327 4473.1 4456.14
328 4473.1 4456.14
329 4473.1 4456.14
330 4473.1 4456.14
331 4473.1 4456.14
332 4473.1 4456.14
333 4473.1 4456.14
334 4473.1 4456.14
335 4473.1 4456.14
336 4473.1 4456.14
337 4473.1 4456.14
338 4473.1 4456.14
339 4473.1 4456.14
340 4473.1 4456.14
341 4473.1 4456.14
342 4473.1 4456.14
343 4473.1 4456.14
344 4473.1 4456.14
345 4473.1 4456.14
346 4473.1 4456.14
347 4473.1 4456.14
348 4473.1 4456.14
349 4473.1 4456.14
350 4473.1 4456.14
351 4473.1 4456.14
352 4473.1 4456.14
353 4473.1 4456.14
354 4473.1 4456.14
355 4473.1 4456.14
356 4473.1 4456.14
357 4473.1 4456.14
358 4473.1 4456.14
359 4473.1 4456.14
360 4473.1 4456.14
361 4473.1 4456.14
362 4473.1 4456.14
363 4473.1 4456.14
364 4473.1 4456.14
365 4473.1 4456.14
366 4473.1 4456.14
367 4473.1 4456.14
368 4473.1 4456.14
369 4473.1 4456.14
370 4473.1 4456.14
371 4473.1 4456.14
372 4473.1 4456.14
373 4473.1 4456.14
374 4473.1 4456.14
375 4473.1 4456.14
376 4473.1 4456.14
377 4473.1 4456.14
378 4473.1 4456.14
379 4473.1 4456.14
380 4473.1 4456.14
381 4473.1 4456.14
382 4473.1 4456.14
383 4473.1 4456.14
384 4473.1 4456.14
385 4473.1 4456.14
386 4473.1 4456.14
387 4473.1 4456.14
388 4473.1 4456.14
389 4473.1 4456.14
390 4473.1 4456.14
391 4473.1 4456.14
392 4473.1 4456.14
393 4473.1 4456.14
394 4473.1 4456.14
395 4473.1 4456.14
396 4473.1 4456.14
397 4473.1 4456.14
398 4473.1 4456.14
399 4473.1 4456.14
400 4473.1 4456.14
401 4473.1 4456.14
402 4473.1 4456.14
403 4473.1 4456.14
404 4473.1 4456.14
405 4473.1 4456.14
406 4473.1 4456.14
407 4473.1 4456.14
408 4473.1 4456.14
409 4473.1 4456.14
410 4473.1 4456.14
411 4473.1 4456.14
412 4473.1 4456.14
413 4473.1 4456.14
414 4473.1 4456.14
415 4473.1 4456.14
416 4473.1 4456.14
417 4473.1 4456.14
418 4473.1 4456.14
419 4473.1 4456.14
420 4473.1 4456.14
421 4473.1 4456.14
422 4473.1 4456.14
423 4473.1 4456.14
424 4473.1 4456.14
425 4473.1 4456.14
426 4473.1 4456.14
427 4473.1 4456.14
428 4473.1 4456.14
429 4473.1 4456.14
430 4473.1 4456.14
431 4473.1 4456.14
432 4473.1 4456.14
433 4473.1 4456.14
434 4473.1 4456.14
435 4473.1 4456.14
436 4473.1 4456.14
437 4473.1 4456.14
438 4473.1 4456.14
439 4473.1 4456.14
440 4473.1 4456.14
441 4473.1 4456.14
442 4473.1 4456.14
443 4473.1 4456.14
444 4473.1 4456.14
445 4473.1 4456.14
446 4473.1 4456.14
447 4473.1 4456.14
448 4473.1 4456.14
449 4473.1 4456.14
450 4473.1 4456.14
451 4473.1 4456.14
452 4473.1 4456.14
453 4473.1 4456.14
454 4473.1 4456.14
455 4473.1 4456.14
456 4473.1 4456.14
457 4473.1 4456.14
458 4473.1 4456.14
459 4473.1 4456.14
460 4473.1 4456.14
461 4473.1 4456.14
462 4473.1 4456.14
463 4473.1 4456.14
464 4473.1 4456.14
465 4473.1 4456.14
466 4473.1 4456.14
467 4473.1 4456.14
468 4473.1 4456.14
469 4473.1 4456.14
470 4473.1 4456.14
471 4473.1 4456.14
472 4473.1 4456.14
473 4473.1 4456.14
474 4473.1 4456.14
475 4473.1 4456.14
476 4473.1 4456.14
477 4473.1 4456.14
478 4473.1 4456.14
479 4473.1 4456.14
480 4473.1 4456.14
481 4473.1 4456.14
482 4473.1 4456.14
483 4473.1 4456.14
484 4473.1 4456.14
485 4473.1 4456.14
486 4473.1 4456.14
487 4473.1 4456.14
488 4473.1 4456.14
489 4473.1 4456.14
490 4473.1 4456.14
491 4473.1 4456.14
492 4473.1 4456.14
493 4473.1 4456.14
494 4473.1 4456.14
495 4473.1 4456.14
496 4473.1 4456.14
497 4473.1 4456.14
498 4473.1 4456.14
499 4473.1 4456.14
500 4473.1 4456.14
501 4473.1 4456.14
502 4473.1 4456.14
503 4473.1 4456.14
504 4473.1 4456.14
505 4473.1 4456.14
506 4473.1 4456.14
507 4473.1 4456.14
508 4473.1 4456.14
509 4473.1 4456.14
510 4473.1 4456.14
511 4473.1 4456.14
512 4473.1 4456.14
513 4473.1 4456.14
514 4473.1 4456.14
515 4473.1 4456.14
516 4473.1 4456.14
517 4473.1 4456.14
518 4473.1 4456.14
519 4473.1 4456.14
520 4473.1 4456.14
521 4473.1 4456.14
522 4473.1 4456.14
523 4473.1 4456.14
524 4473.1 4456.14
525 4473.1 4456.14
526 4473.1 4456.14
527 4473.1 4456.14
528 4473.1 4456.14
529 4473.1 4456.14
530 4473.1 4456.14
531 4473.1 4456.14
532 4473.1 4456.14
533 4473.1 4456.14
534 4473.1 4456.14
535 4473.1 4456.14
536 4473.1 4456.14
537 4473.1 4456.14
538 4473.1 4456.14
539 4473.1 4456.14
540 4473.1 4456.14
541 4473.1 4456.14
542 4473.1 4456.14
543 4473.1 4456.14
544 4473.1 4456.14
545 4473.1 4456.14
546 4473.1 4456.14
547 4473.1 4456.14
548 4473.1 4456.14
549 4473.1 4456.14
550 4473.1 4456.14
551 4473.1 4456.14
552 4473.1 4456.14
553 4473.1 4456.14
554 4473.1 4456.14
555 4473.1 4456.14
556 4473.1 4456.14
557 4473.1 4456.14
558 4473.1 4456.14
559 4473.1 4456.14
560 4473.1 4456.14
561 4473.1 4456.14
562 4473.1 4456.14
563 4473.1 4456.14
564 4473.1 4456.14
565 4473.1 4456.14
566 4473.1 4456.14
567 4473.1 4456.14
568 4473.1 4456.14
569 4473.1 4456.14
570 4473.1 4456.14
571 4473.1 4456.14
572 4473.1 4456.14
573 4473.1 4456.14
574 4473.1 4456.14
575 4473.1 4456.14
576 4473.1 4456.14
577 4473.1 4456.14
578 4473.1 4456.14
579 4473.1 4456.14
580 4473.1 4456.14
581 4473.1 4456.14
582 4473.1 4456.14
583 4473.1 4456.14
584 4473.1 4456.14
585 4473.1 4456.14
586 4473.1 4456.14
587 4473.1 4456.14
588 4473.1 4456.14
589 4473.1 4456.14
590 4473.1 4456.14
591 4473.1 4456.14
592 4473.1 4456.14
593 4473.1 4456.14
594 4473.1 4456.14
595 4473.1 4456.14
596 4473.1 4456.14
597 4473.1 4456.14
598 4473.1 4456.14
599 4473.1 4456.14
600 4473.1 4456.14
601 4473.1 4456.14
602 4473.1 4456.14
603 4473.1 4456.14
604 4473.1 4456.14
605 4473.1 4456.14
606 4473.1 4456.14
607 4473.1 4456.14
608 4473.1 4456.14
609 4473.1 4456.14
610 4473.1 4456.14
611 4473.1 4456.14
612 4473.1 4456.14
613 4473.1 4456.14
614 4473.1 4456.14
615 4473.1 4456.14
616 4473.1 4456.14
617 4473.1 4456.14
618 4473.1 4456.14
619 4473.1 4456.14
620 4473.1 4456.14
621 4473.1 4456.14
622 4473.1 4456.14
623 4473.1 4456.14
624 4473.1 4456.14
625 4473.1 4456.14
626 4473.1 4456.14
627 4473.1 4456.14
628 4473.1 4456.14
629 4473.1 4456.14
630 4473.1 4456.14
631 4473.1 4456.14
632 4473.1 4456.14
633 4473.1 4456.14
634 4473.1 4456.14
635 4473.1 4456.14
636 4473.1 4456.14
637 4473.1 4456.14
638 4473.1 4456.14
639 4473.1 4456.14
640 4473.1 4456.14
641 4473.1 4456.14
642 4473.1 4456.14
643 4473.1 4456.14
644 4473.1 4456.14
645 4473.1 4456.14
646 4473.1 4456.14
647 4473.1 4456.14
648 4473.1 4456.14
649 4473.1 4456.14
650 4473.1 4456.14
651 4473.1 4456.14
652 4473.1 4456.14
653 4473.1 4456.14
654 4473.1 4456.14
655 4473.1 4456.14
656 4473.1 4456.14
657 4473.1 4456.14
658 4473.1 4456.14
659 4473.1 4456.14
660 4473.1 4456.14
661 4473.1 4456.14
662 4473.1 4456.14
663 4473.1 4456.14
664 4473.1 4456.14
665 4473.1 4456.14
666 4473.1 4456.14
667 4473.1 4456.14
668 4473.1 4456.14
669 4473.1 4456.14
670 4473.1 4456.14
671 4473.1 4456.14
672 4473.1 4456.14
673 4473.1 4456.14
674 4473.1 4456.14
675 4473.1 4456.14
676 4473.1 4456.14
677 4473.1 4456.14
678 4473.1 4456.14
679 4473.1 4456.14
680 4473.1 4456.14
681 4473.1 4456.14
682 4473.1 4456.14
683 4473.1 4456.14
684 4473.1 4456.14
685 4473.1 4456.14
686 4473.1 4456.14
687 4473.1 4456.14
688 4473.1 4456.14
689 4473.1 4456.14
690 4473.1 4456.14
691 4473.1 4456.14
692 4473.1 4456.14
693 4473.1 4456.14
694 4473.1 4456.14
695 4473.1 4456.14
696 4473.1 4456.14
697 4473.1 4456.14
698 4473.1 4456.14
699 4473.1 4456.14
700 4473.1 4456.14
701 4473.1 4456.14
702 4473.1 4456.14
703 4473.1 4456.14
704 4473.1 4456.14
705 4473.1 4456.14
706 4473.1 4456.14
707 4473.1 4456.14
708 4473.1 4456.14
709 4473.1 4456.14
710 4473.1 4456.14
711 4473.1 4456.14
712 4473.1 4456.14
713 4473.1 4456.14
714 4473.1 4456.14
715 4473.1 4456.14
716 4473.1 4456.14
717 4473.1 4456.14
718 4473.1 4456.14
719 4473.1 4456.14
720 4473.1 4456.14
721 4473.1 4456.14
722 4473.1 4456.14
723 4473.1 4456.14
724 4473.1 4456.14
725 4473.1 4456.14
726 4473.1 4456.14
727 4473.1 4456.14
728 4473.1 4456.14
729 4473.1 4456.14
730 4473.1 4456.14
731 4473.1 4456.14
732 4473.1 4456.14
733 4473.1 4456.14
734 4473.1 4456.14
735 4473.1 4456.14
736 4473.1 4456.14
737 4473.1 4456.14
738 4473.1 4456.14
739 4473.1 4456.14
740 4473.1 4456.14
741 4473.1 4456.14
742 4473.1 4456.14
743 4473.1 4456.14
744 4473.1 4456.14
745 4473.1 4456.14
746 4473.1 4456.14
747 4473.1 4456.14
748 4473.1 4456.14
749 4473.1 4456.14
750 4473.1 4456.14
751 4473.1 4456.14
752 4473.1 4456.14
753 4473.1 4456.14
754 4473.1 4456.14
755 4473.1 4456.14
756 4473.1 4456.14
757 4473.1 4456.14
758 4473.1 4456.14
759 4473.1 4456.14
760 4473.1 4456.14
761 4473.1 4456.14
762 4473.1 4456.14
763 4473.1 4456.14
764 4473.1 4456.14
765 4473.1 4456.14
766 4473.1 4456.14
767 4473.1 4456.14
768 4473.1 4456.14
769 4473.1 4456.14
770 4473.1 4456.14
771 4473.1 4456.14
772 4473.1 4456.14
773 4473.1 4456.14
774 4473.1 4456.14
775 4473.1 4456.14
776 4473.1 4456.14
777 4473.1 4456.14
778 4473.1 4456.14
779 4473.1 4456.14
780 4473.1 4456.14
781 4473.1 4456.14
782 4473.1 4456.14
783 4473.1 4456.14
784 4473.1 4456.14
785 4473.1 4456.14
786 4473.1 4456.14
787 4473.1 4456.14
788 4473.1 4456.14
789 4473.1 4456.14
790 4473.1 4456.14
791 4473.1 4456.14
792 4473.1 4456.14
793 4473.1 4456.14
794 4473.1 4456.14
795 4473.1 4456.14
796 4473.1 4456.14
797 4473.1 4456.14
798 4473.1 4456.14
799 4473.1 4456.14
800 4473.1 4456.14
801 4473.1 4456.14
802 4473.1 4456.14
803 4473.1 4456.14
804 4473.1 4456.14
805 4473.1 4456.14
806 4473.1 4456.14
807 4473.1 4456.14
808 4473.1 4456.14
809 4473.1 4456.14
810 4473.1 4456.14
811 4473.1 4456.14
812 4473.1 4456.14
813 4473.1 4456.14
814 4473.1 4456.14
815 4473.1 4456.14
816 4473.1 4456.14
817 4473.1 4456.14
818 4473.1 4456.14
819 4473.1 4456.14
820 4473.1 4456.14
821 4473.1 4456.14
822 4473.1 4456.14
823 4473.1 4456.14
824 4473.1 4456.14
825 4473.1 4456.14
826 4473.1 4456.14
827 4473.1 4456.14
828 4473.1 4456.14
829 4473.1 4456.14
830 4473.1 4456.14
831 4473.1 4456.14
832 4473.1 4456.14
833 4473.1 4456.14
834 4473.1 4456.14
835 4473.1 4456.14
836 4473.1 4456.14
837 4473.1 4456.14
838 4473.1 4456.14
839 4473.1 4456.14
840 4473.1 4456.14
841 4473.1 4456.14
842 4473.1 4456.14
843 4473.1 4456.14
844 4473.1 4456.14
845 4473.1 4456.14
846 4473.1 4456.14
847 4473.1 4456.14
848 4473.1 4456.14
849 4473.1 4456.14
850 4473.1 4456.14
851 4473.1 4456.14
852 4473.1 4456.14
853 4473.1 4456.14
854 4473.1 4456.14
855 4473.1 4456.14
856 4473.1 4456.14
857 4473.1 4456.14
858 4473.1 4456.14
859 4473.1 4456.14
860 4473.1 4456.14
861 4473.1 4456.14
862 4473.1 4456.14
863 4473.1 4456.14
864 4473.1 4456.14
865 4473.1 4456.14
866 4473.1 4456.14
867 4473.1 4456.14
868 4473.1 4456.14
869 4473.1 4456.14
870 4473.1 4456.14
871 4473.1 4456.14
872 4473.1 4456.14
873 4473.1 4456.14
874 4473.1 4456.14
875 4473.1 4456.14
876 4473.1 4456.14
877 4473.1 4456.14
878 4473.1 4456.14
879 4473.1 4456.14
880 4473.1 4456.14
881 4473.1 4456.14
882 4473.1 4456.14
883 4473.1 4456.14
884 4473.1 4456.14
885 4473.1 4456.14
886 4473.1 4456.14
887 4473.1 4456.14
888 4473.1 4456.14
889 4473.1 4456.14
890 4473.1 4456.14
891 4473.1 4456.14
892 4473.1 4456.14
893 4473.1 4456.14
894 4473.1 4456.14
895 4473.1 4456.14
896 4473.1 4456.14
897 4473.1 4456.14
898 4473.1 4456.14
899 4473.1 4456.14
900 4473.1 4456.14
901 4473.1 4456.14
902 4473.1 4456.14
903 4473.1 4456.14
904 4473.1 4456.14
905 4473.1 4456.14
906 4473.1 4456.14
907 4473.1 4456.14
908 4473.1 4456.14
909 4473.1 4456.14
910 4473.1 4456.14
911 4473.1 4456.14
912 4473.1 4456.14
913 4473.1 4456.14
914 4473.1 4456.14
915 4473.1 4456.14
916 4473.1 4456.14
917 4473.1 4456.14
918 4473.1 4456.14
919 4473.1 4456.14
920 4473.1 4456.14
921 4473.1 4456.14
922 4473.1 4456.14
923 4473.1 4456.14
924 4473.1 4456.14
925 4473.1 4456.14
926 4473.1 4456.14
927 4473.1 4456.14
928 4473.1 4456.14
929 4473.1 4456.14
930 4473.1 4456.14
931 4473.1 4456.14
932 4473.1 4456.14
933 4473.1 4456.14
934 4473.1 4456.14
935 4473.1 4456.14
936 4473.1 4456.14
937 4473.1 4456.14
938 4473.1 4456.14
939 4473.1 4456.14
940 4473.1 4456.14
941 4473.1 4456.14
942 4473.1 4456.14
943 4473.1 4456.14
944 4473.1 4456.14
945 4473.1 4456.14
946 4473.1 4456.14
947 4473.1 4456.14
948 4473.1 4456.14
949 4473.1 4456.14
950 4473.1 4456.14
951 4473.1 4456.14
952 4473.1 4456.14
953 4473.1 4456.14
954 4473.1 4456.14
955 4473.1 4456.14
956 4473.1 4456.14
957 4473.1 4456.14
958 4473.1 4456.14
959 4473.1 4456.14
960 4473.1 4456.14
961 4473.1 4456.14
962 4473.1 4456.14
963 4473.1 4456.14
964 4473.1 4456.14
965 4473.1 4456.14
966 4473.1 4456.14
967 4473.1 4456.14
968 4473.1 4456.14
969 4473.1 4456.14
970 4473.1 4456.14
971 4473.1 4456.14
972 4473.1 4456.14
973 4473.1 4456.14
974 4473.1 4456.14
975 4473.1 4456.14
976 4473.1 4456.14
977 4473.1 4456.14
978 4473.1 4456.14
979 4473.1 4456.14
980 4473.1 4456.14
981 4473.1 4456.14
982 4473.1 4456.14
983 4473.1 4456.14
984 4473.1 4456.14
985 4473.1 4456.14
986 4473.1 4456.14
987 4473.1 4456.14
988 4473.1 4456.14
989 4473.1 4456.14
990 4473.1 4456.14
991 4473.1 4456.14
992 4473.1 4456.14
993 4473.1 4456.14
994 4473.1 4456.14
995 4473.1 4456.14
996 4473.1 4456.14
997 4473.1 4456.14
998 4473.1 4456.14
999 4473.1 4456.14
