0 3130.65 3171.91
1 3143.14 3263.88
2 3208.1 3354.67
3 3260.28 3426.36
4 3278.83 3497.95
5 3290.23 3529.2
6 3319.91 3558.77
7 3352.31 3581.72
8 3378.09 3627.92
9 3403.2 3650.42
10 3432.39 3669.33
11 3486.19 3683.53
12 3487.65 3698.21
13 3495.93 3711.15
14 3502.77 3717.77
15 3530.05 3723.31
16 3534.79 3742.53
17 3563.14 3748.89
18 3572.17 3753.67
19 3585.82 3757.66
20 3594.84 3766.88
21 3604.87 3776.36
22 3609.24 3776.36
23 3624.15 3776.36
24 3624.52 3776.36
25 3640.73 3776.36
26 3643.49 3776.36
27 3656.06 3776.36
28 3657.58 3776.36
29 3704.6 3776.36
30 3708.21 3776.36
31 3715.06 3776.36
32 3716.99 3776.36
33 3718.18 3776.36
34 3718.18 3776.36
35 3718.18 3776.36
36 3718.18 3776.36
37 3718.18 3776.36
38 3718.18 3776.36
39 3718.18 3776.36
40 3718.18 3776.36
41 3718.18 3776.36
42 3718.18 3776.36
43 3718.18 3776.36
44 3718.18 3776.36
45 3718.18 3776.36
46 3718.18 3776.36
47 3718.18 3776.36
48 3718.18 3776.36
49 3718.18 3776.36
50 3718.18 3776.36
51 3718.18 3776.36
52 3718.18 3776.36
53 3718.18 3776.36
54 3718.18 3776.36
55 3718.18 3776.36
56 3718.18 3776.36
57 3718.18 3776.36
58 3718.18 3776.36
59 3718.18 3776.36
60 3718.18 3776.36
61 3718.18 3776.36
62 3718.18 3776.36
63 3718.18 3776.36
64 3718.18 3776.36
65 3718.18 3776.36
66 3718.18 3776.36
67 3718.18 3776.36
68 3718.18 3776.36
69 3718.18 3776.36
70 3718.18 3776.36
71 3718.18 3776.36
72 3718.18 3776.36
73 3718.18 3776.36
74 3718.18 3776.36
75 3718.18 3776.36
76 3718.18 3776.36
77 3718.18 3776.36
78 3718.18 3776.36
79 3718.18 3776.36
80 3718.18 3776.36
81 3718.18 3776.36
82 3718.18 3776.36
83 3718.18 3776.36
84 3718.18 3776.36
85 3718.18 3776.36
86 3718.18 3776.36
87 3718.18 3776.36
88 3718.18 3776.36
89 3718.18 3776.36
90 3718.18 3776.36
91 3718.18 3776.36
92 3718.18 3776.36
93 3718.18 3776.36
94 3718.18 3776.36
95 3718.18 3776.36
96 3718.18 3776.36
97 3718.18 3776.36
98 3718.18 3776.36
99 3718.18 3776.36
100 3718.18 3776.36
101 3718.18 3776.36
102 3718.18 3776.36
103 3718.18 3776.36
104 3718.18 3776.36
105 3718.18 3776.36
106 3718.18 3776.36
107 3718.18 3776.36
108 3718.18 3776.36
109 3718.18 3776.36
110 3718.18 3776.36
111 3718.18 3776.36
112 3718.18 3776.36
113 3718.18 3776.36
114 3718.18 3776.36
115 3718.18 3776.36
116 3718.18 3776.36
117 3718.18 3776.36
118 3718.18 3776.36
119 3718.18 3776.36
120 3718.18 3776.36
121 3718.18 3776.36
122 3718.18 3776.36
123 3718.18 3776.36
124 3718.18 3776.36
125 3718.18 3776.36
126 3718.18 3776.36
127 3718.18 3776.36
128 3718.18 3776.36
129 3718.18 3776.36
130 3718.18 3776.36
131 3718.18 3776.36
132 3718.18 3776.36
133 3718.18 3776.36
134 3718.18 3776.36
135 3718.18 3776.36
136 3718.18 3776.36
137 3718.18 3776.36
138 3718.18 3776.36
139 3718.18 3776.36
140 3718.18 3776.36
141 3718.18 3776.36
142 3718.18 3776.36
143 3718.18 3776.36
144 3718.18 3776.36
145 3718.18 3776.36
146 3718.18 3776.36
147 3718.18 3776.36
148 3718.18 3776.36
149 3718.18 3776.36
150 3718.18 3776.36
151 3718.18 3776.36
152 3718.18 3776.36
153 3718.18 3776.36
154 3718.18 3776.36
155 3718.18 3776.36
156 3718.18 3776.36
157 3718.18 3776.36
158 3718.18 3776.36
159 3718.18 3776.36
160 3718.18 3776.36
161 3718.18 3776.36
162 3718.18 3776.36
163 3718.18 3776.36
164 3718.18 3776.36
165 3718.18 3776.36
166 3718.18 3776.36
167 3718.18 3776.36
168 3718.18 3776.36
169 3718.18 3776.36
170 3718.18 3776.36
171 3718.18 3776.36
172 3718.18 3776.36
173 3718.18 3776.36
174 3718.18 3776.36
175 3718.18 3776.36
176 3718.18 3776.36
177 3718.18 3776.36
178 3718.18 3776.36
179 3718.18 3776.36
180 3718.18 3776.36
181 3718.18 3776.36
182 3718.18 3776.36
183 3718.18 3776.36
184 3718.18 3776.36
185 3718.18 3776.36
186 3718.18 3776.36
187 3718.18 3776.36
188 3718.18 3776.36
189 3718.18 3776.36
190 3718.18 3776.36
191 3718.18 3776.36
192 3718.18 3776.36
193 3718.18 3776.36
194 3718.18 3776.36
195 3718.18 3776.36
196 3718.18 3776.36
197 3718.18 3776.36
198 3718.18 3776.36
199 3718.18 3776.36
200 3718.18 3776.36
201 3718.18 3776.36
202 3718.18 3776.36
203 3718.18 3776.36
204 3718.18 3776.36
205 3718.18 3776.36
206 3718.18 3776.36
207 3718.18 3776.36
208 3718.18 3776.36
209 3718.18 3776.36
210 3718.18 3776.36
211 3718.18 3776.36
212 3718.18 3776.36
213 3718.18 3776.36
214 3718.18 3776.36
215 3718.18 3776.36
216 3718.18 3776.36
217 3718.18 3776.36
218 3718.18 3776.36
219 3718.18 3776.36
220 3718.18 3776.36
221 3718.18 3776.36
222 3718.18 3776.36
223 3718.18 3776.36
224 3718.18 3776.36
225 3718.18 3776.36
226 3718.18 3776.36
227 3718.18 3776.36
228 3718.18 3776.36
229 3718.18 3776.36
230 3718.18 3776.36
231 3718.18 3776.36
232 3718.18 3776.36
233 3718.18 3776.36
234 3718.18 3776.36
235 3718.18 3776.36
236 3718.18 3776.36
237 3718.18 3776.36
238 3718.18 3776.36
239 3718.18 3776.36
240 3718.18 3776.36
241 3718.18 3776.36
242 3718.18 3776.36
243 3718.18 3776.36
244 3718.18 3776.36
245 3718.18 3776.36
246 3718.18 3776.36
247 3718.18 3776.36
248 3718.18 3776.36
249 3718.18 3776.36
250 3718.18 3776.36
251 3718.18 3776.36
252 3718.18 3776.36
253 3718.18 3776.36
254 3718.18 3776.36
255 3718.18 3776.36
256 3718.18 3776.36
257 3718.18 3776.36
258 3718.18 3776.36
259 3718.18 3776.36
260 3718.18 3776.36
261 3718.18 3776.36
262 3718.18 3776.36
263 3718.18 3776.36
264 3718.18 3776.36
265 3718.18 3776.36
266 3718.18 3776.36
267 3718.18 3776.36
268 3718.18 3776.36
269 3718.18 3776.36
270 3718.18 3776.36
271 3718.18 3776.36
272 3718.18 3776.36
273 3718.18 3776.36
274 3718.18 3776.36
275 3718.18 3776.36
276 3718.18 3776.36
277 3718.18 3776.36
278 3718.18 3776.36
279 3718.18 3776.36
280 3718.18 3776.36
281 3718.18 3776.36
282 3718.18 3776.36
283 3718.18 3776.36
284 3718.18 3776.36
285 3718.18 3776.36
286 3718.18 3776.36
287 3718.18 3776.36
288 3718.18 3776.36
289 3718.18 3776.36
290 3718.18 3776.36
291 3718.18 3776.36
292 3718.18 3776.36
293 3718.18 3776.36
294 3718.18 3776.36
295 3718.18 3776.36
296 3718.18 3776.36
297 3718.18 3776.36
298 3718.18 3776.36
299 3718.18 3776.36
300 3718.18 3776.36
301 3718.18 3776.36
302 3718.18 3776.36
303 3718.18 3776.36
304 3718.18 3776.36
305 3718.18 3776.36
306 3718.18 3776.36
307 3718.18 3776.36
308 3718.18 3776.36
309 3718.18 3776.36
310 3718.18 3776.36
311 3718.18 3776.36
312 3718.18 3776.36
313 3718.18 3776.36
314 3718.18 3776.36
315 3718.18 3776.36
316 3718.18 3776.36
317 3718.18 3776.36
318 3718.18 3776.36
319 3718.18 3776.36
320 3718.18 3776.36
321 3718.18 3776.36
322 3718.18 3776.36
