0 6281.86 6437.18
1 6375.21 6551.02
2 6377.93 6650.99
3 6389.87 6748.12
4 6441.82 6823.24
5 6543.28 6894.11
6 6564.18 6971.07
7 6566.72 7034.68
8 6582.26 7090.76
9 6595.4 7207.09
10 6618.91 7259.44
11 6636.69 7308.14
12 6654.42 7351.55
13 6677.23 7369.91
14 6680.12 7385.84
15 6708.03 7399.65
16 6709.91 7415.08
17 6763.68 7434.22
18 6777.12 7446.93
19 6804.35 7460.65
20 6808.71 7467.07
21 6827.86 7489.59
22 6828.74 7507.68
23 6865.99 7515.69
24 6899.07 7520.01
25 6944.6 7528.18
26 6956.32 7549.34
27 6976.85 7549.5
28 6999.36 7559.69
29 7004.82 7564.14
30 7054.75 7565.19
31 7065.28 7593.45
32 7128.3 7604.49
33 7130.82 7626.55
34 7146.47 7627.14
35 7167.14 7649.3
36 7171.73 7649.65
37 7173.24 7649.65
38 7179.03 7649.65
39 7194.61 7649.65
40 7195.35 7649.65
41 7203.45 7649.65
42 7220.44 7649.65
43 7221.87 7649.65
44 7226.72 7649.65
45 7233.63 7649.65
46 7247.04 7649.65
47 7260.91 7649.65
48 7262.77 7649.65
49 7293.34 7649.65
50 7298.51 7649.65
51 7336.75 7649.65
52 7337.53 7649.65
53 7341.93 7649.65
54 7345.16 7649.65
55 7349.1 7649.65
56 7375.3 7649.65
57 7385.68 7649.65
58 7392.78 7649.65
59 7428.3 7649.65
60 7431.11 7649.65
61 7443.98 7649.65
62 7446.25 7649.65
63 7457.17 7649.65
64 7463.51 7649.65
65 7464.74 7649.65
66 7477.38 7649.65
67 7479.12 7649.65
68 7480.75 7649.65
69 7490.2 7649.65
70 7496.42 7649.65
71 7504.8 7649.65
72 7508.39 7649.65
73 7508.39 7649.65
74 7508.39 7649.65
75 7508.39 7649.65
76 7508.39 7649.65
77 7508.39 7649.65
78 7508.39 7649.65
79 7508.39 7649.65
80 7508.39 7649.65
81 7508.39 7649.65
82 7508.39 7649.65
83 7508.39 7649.65
84 7508.39 7649.65
85 7508.39 7649.65
86 7508.39 7649.65
87 7508.39 7649.65
88 7508.39 7649.65
89 7508.39 7649.65
90 7508.39 7649.65
91 7508.39 7649.65
92 7508.39 7649.65
93 7508.39 7649.65
94 7508.39 7649.65
95 7508.39 7649.65
96 7508.39 7649.65
97 7508.39 7649.65
98 7508.39 7649.65
99 7508.39 7649.65
100 7508.39 7649.65
101 7508.39 7649.65
102 7508.39 7649.65
103 7508.39 7649.65
104 7508.39 7649.65
105 7508.39 7649.65
106 7508.39 7649.65
107 7508.39 7649.65
108 7508.39 7649.65
109 7508.39 7649.65
110 7508.39 7649.65
111 7508.39 7649.65
112 7508.39 7649.65
113 7508.39 7649.65
114 7508.39 7649.65
115 7508.39 7649.65
116 7508.39 7649.65
117 7508.39 7649.65
118 7508.39 7649.65
119 7508.39 7649.65
120 7508.39 7649.65
121 7508.39 7649.65
