0 6267.53 6422.25
1 6335.51 6557.6
2 6385.78 6697.94
3 6457.59 6813.18
4 6488.86 6905.34
5 6540.15 6995.57
6 6553.59 7091.81
7 6584.84 7179.56
8 6592.95 7275.74
9 6599.48 7358.35
10 6670.4 7446.92
11 6670.78 7585.61
12 6685.87 7646.96
13 6722.44 7717.68
14 6756.2 7786.21
15 6778.24 7870.23
16 6795.3 7921.58
17 6824.15 7956.77
18 6866.43 8002.58
19 6890.4 8043.19
20 6930.26 8088.61
21 6936.44 8133.6
22 6956.42 8182.58
23 7043.3 8214.32
24 7043.48 8256.16
25 7045.14 8295.8
26 7065.51 8324.41
27 7084.46 8348.24
28 7107.36 8367.43
29 7139.7 8408.54
30 7153.57 8436.85
31 7160.87 8452.15
32 7163.06 8479.07
33 7198.32 8491.1
34 7215.76 8509.31
35 7222.54 8517.9
36 7227.17 8527.94
37 7228.81 8538.54
38 7238.87 8545.94
39 7256.19 8545.94
40 7294.64 8549.28
41 7340.73 8556.68
42 7347.57 8561.31
43 7360.75 8562.36
44 7365.99 8577.88
45 7368.81 8578.1
46 7373.05 8578.1
47 7415.86 8578.1
48 7451.72 8583.36
49 7500.66 8594.92
50 7516.41 8594.92
51 7528.29 8594.92
52 7549.91 8594.92
53 7568.18 8618.54
54 7579.54 8618.54
55 7580.71 8618.54
56 7586.79 8620.76
57 7595.92 8620.76
58 7597.98 8620.76
59 7611.68 8620.76
60 7647.05 8620.76
61 7666.74 8620.76
62 7676.8 8620.76
63 7677.08 8620.76
64 7686.23 8620.76
65 7699.75 8623.32
66 7704.75 8623.32
67 7720.33 8623.32
68 7727.95 8623.32
69 7728.11 8623.32
70 7731.82 8623.32
71 7748.37 8623.32
72 7783.56 8623.32
73 7815.6 8623.32
74 7816.09 8623.32
75 7817.46 8623.32
76 7822.86 8623.32
77 7867.65 8623.32
78 7883.87 8623.32
79 7900.54 8623.32
80 7914.01 8623.32
81 7921.55 8623.32
82 7949.38 8623.32
83 7953.53 8623.32
84 7991.07 8623.32
85 7997.82 8623.32
86 8013.98 8623.32
87 8014.06 8623.32
88 8064.2 8623.32
89 8069.89 8623.32
90 8086.57 8623.32
91 8098.9 8623.32
92 8120.95 8623.32
93 8151.69 8623.32
94 8154.37 8623.32
95 8179 8623.32
96 8189.07 8623.32
97 8213.58 8623.32
98 8241.38 8623.32
99 8288.99 8623.32
100 8311.63 8623.32
101 8315.89 8623.32
102 8328.96 8623.32
103 8333.24 8623.32
104 8348.93 8623.32
105 8366.79 8623.32
106 8370.44 8623.32
107 8375.24 8623.32
108 8382.03 8623.32
109 8383.66 8623.32
110 8394.42 8623.32
111 8398.14 8623.32
112 8407.78 8623.32
113 8408.96 8623.32
114 8419.2 8623.32
115 8427.18 8623.32
116 8428.59 8623.32
117 8445.13 8623.32
118 8450.81 8623.32
119 8459.16 8623.32
120 8464.16 8623.32
121 8465.82 8623.32
122 8487.16 8623.32
123 8494.22 8623.32
124 8504.93 8623.32
125 8508.2 8623.32
126 8512.49 8623.32
127 8533.91 8623.32
128 8546.53 8623.32
129 8546.53 8623.32
130 8547.52 8623.32
131 8547.52 8623.32
132 8557.82 8623.32
133 8568.3 8623.32
134 8570.1 8623.32
135 8570.1 8623.32
136 8577.51 8623.32
137 8577.51 8623.32
138 8598.61 8623.32
139 8605.54 8623.32
140 8614.08 8623.32
141 8626.14 8623.32
142 8641.51 8623.32
143 8641.76 8623.32
144 8650.8 8623.32
145 8650.8 8623.32
146 8663.88 8623.32
147 8663.88 8623.32
148 8663.88 8623.32
149 8663.88 8623.32
150 8663.88 8623.32
151 8663.88 8623.32
152 8663.88 8623.32
153 8666.96 8623.32
154 8666.96 8623.32
155 8666.96 8623.32
156 8666.96 8623.32
157 8666.96 8623.32
158 8666.96 8623.32
159 8666.96 8623.32
160 8666.96 8623.32
161 8666.96 8623.32
162 8666.96 8623.32
163 8666.96 8623.32
164 8666.96 8623.32
165 8666.96 8623.32
166 8666.96 8623.32
167 8666.96 8623.32
168 8666.96 8623.32
169 8666.96 8623.32
170 8666.96 8623.32
171 8666.96 8623.32
172 8666.96 8623.32
173 8666.96 8623.32
174 8666.96 8623.32
175 8666.96 8623.32
176 8666.96 8623.32
177 8666.96 8623.32
178 8666.96 8623.32
179 8666.96 8623.32
180 8666.96 8623.32
181 8666.96 8623.32
182 8666.96 8623.32
183 8666.96 8623.32
184 8666.96 8623.32
185 8666.96 8623.32
186 8666.96 8623.32
187 8666.96 8623.32
188 8666.96 8623.32
189 8666.96 8623.32
190 8666.96 8623.32
191 8666.96 8623.32
192 8666.96 8623.32
193 8666.96 8623.32
194 8666.96 8623.32
195 8666.96 8623.32
196 8666.96 8623.32
197 8666.96 8623.32
198 8666.96 8623.32
199 8666.96 8623.32
200 8666.96 8623.32
201 8666.96 8623.32
202 8666.96 8623.32
203 8666.96 8623.32
204 8666.96 8623.32
205 8666.96 8623.32
206 8666.96 8623.32
207 8666.96 8623.32
208 8666.96 8623.32
209 8666.96 8623.32
210 8666.96 8623.32
211 8666.96 8623.32
212 8666.96 8623.32
213 8666.96 8623.32
214 8666.96 8623.32
215 8666.96 8623.32
216 8666.96 8623.32
217 8666.96 8623.32
218 8666.96 8623.32
219 8666.96 8623.32
220 8666.96 8623.32
221 8666.96 8623.32
222 8666.96 8623.32
223 8666.96 8623.32
224 8666.96 8623.32
225 8666.96 8623.32
226 8666.96 8623.32
227 8666.96 8623.32
228 8666.96 8623.32
229 8666.96 8623.32
230 8666.96 8623.32
231 8666.96 8623.32
232 8666.96 8623.32
233 8666.96 8623.32
234 8666.96 8623.32
235 8666.96 8623.32
236 8666.96 8623.32
237 8666.96 8623.32
238 8666.96 8623.32
239 8666.96 8623.32
240 8666.96 8623.32
241 8666.96 8623.32
242 8666.96 8623.32
243 8666.96 8623.32
244 8666.96 8623.32
245 8666.96 8623.32
246 8666.96 8623.32
247 8666.96 8623.32
248 8666.96 8623.32
249 8666.96 8623.32
250 8666.96 8623.32
251 8666.96 8623.32
252 8666.96 8623.32
253 8666.96 8623.32
254 8666.96 8623.32
255 8666.96 8623.32
256 8666.96 8623.32
257 8666.96 8623.32
258 8666.96 8623.32
259 8666.96 8623.32
260 8666.96 8623.32
261 8666.96 8623.32
262 8666.96 8623.32
263 8666.96 8623.32
264 8666.96 8623.32
265 8666.96 8623.32
266 8666.96 8623.32
267 8666.96 8623.32
268 8666.96 8623.32
269 8666.96 8623.32
270 8666.96 8623.32
271 8666.96 8623.32
272 8666.96 8623.32
273 8666.96 8623.32
274 8666.96 8623.32
275 8666.96 8623.32
276 8666.96 8623.32
277 8666.96 8623.32
278 8666.96 8623.32
279 8666.96 8623.32
280 8666.96 8623.32
281 8666.96 8623.32
282 8666.96 8623.32
283 8666.96 8623.32
284 8666.96 8623.32
285 8666.96 8623.32
286 8666.96 8623.32
287 8666.96 8623.32
288 8666.96 8623.32
289 8666.96 8623.32
290 8666.96 8623.32
291 8666.96 8623.32
292 8666.96 8623.32
293 8666.96 8623.32
294 8666.96 8623.32
295 8666.96 8623.32
296 8666.96 8623.32
297 8666.96 8623.32
298 8666.96 8623.32
299 8666.96 8623.32
300 8666.96 8623.32
301 8666.96 8623.32
302 8666.96 8623.32
303 8666.96 8623.32
304 8666.96 8623.32
305 8666.96 8623.32
306 8666.96 8623.32
307 8666.96 8623.32
308 8666.96 8623.32
309 8666.96 8623.32
310 8666.96 8623.32
311 8666.96 8623.32
312 8666.96 8623.32
313 8666.96 8623.32
314 8666.96 8623.32
315 8666.96 8623.32
316 8666.96 8623.32
317 8666.96 8623.32
318 8666.96 8623.32
319 8666.96 8623.32
320 8666.96 8623.32
321 8666.96 8623.32
322 8666.96 8623.32
323 8666.96 8623.32
324 8666.96 8623.32
325 8666.96 8623.32
326 8666.96 8623.32
327 8666.96 8623.32
328 8666.96 8623.32
329 8666.96 8623.32
330 8666.96 8623.32
331 8666.96 8623.32
332 8666.96 8623.32
333 8666.96 8623.32
334 8666.96 8623.32
335 8666.96 8623.32
336 8666.96 8623.32
337 8666.96 8623.32
338 8666.96 8623.32
339 8666.96 8623.32
340 8666.96 8623.32
341 8666.96 8623.32
342 8666.96 8623.32
343 8666.96 8623.32
344 8666.96 8623.32
345 8666.96 8623.32
346 8666.96 8623.32
347 8666.96 8623.32
348 8666.96 8623.32
349 8666.96 8623.32
350 8666.96 8623.32
351 8666.96 8623.32
352 8666.96 8623.32
353 8666.96 8623.32
354 8666.96 8623.32
355 8666.96 8623.32
356 8666.96 8623.32
357 8666.96 8623.32
358 8666.96 8623.32
359 8666.96 8623.32
360 8666.96 8623.32
361 8666.96 8623.32
362 8666.96 8623.32
363 8666.96 8623.32
364 8666.96 8623.32
365 8666.96 8623.32
366 8666.96 8623.32
367 8666.96 8623.32
368 8666.96 8623.32
369 8666.96 8623.32
370 8666.96 8623.32
371 8666.96 8623.32
372 8666.96 8623.32
373 8666.96 8623.32
374 8666.96 8623.32
375 8666.96 8623.32
376 8666.96 8623.32
377 8666.96 8623.32
378 8666.96 8623.32
379 8666.96 8623.32
380 8666.96 8623.32
381 8666.96 8623.32
382 8666.96 8623.32
383 8666.96 8623.32
384 8666.96 8623.32
385 8666.96 8623.32
386 8666.96 8623.32
387 8666.96 8623.32
388 8666.96 8623.32
389 8666.96 8623.32
390 8666.96 8623.32
391 8666.96 8623.32
392 8666.96 8623.32
393 8666.96 8623.32
394 8666.96 8623.32
395 8666.96 8623.32
396 8666.96 8623.32
397 8666.96 8623.32
398 8666.96 8623.32
399 8666.96 8623.32
400 8666.96 8623.32
401 8666.96 8623.32
402 8666.96 8623.32
403 8666.96 8623.32
404 8666.96 8623.32
405 8666.96 8623.32
406 8666.96 8623.32
407 8666.96 8623.32
408 8666.96 8623.32
409 8666.96 8623.32
410 8666.96 8623.32
411 8666.96 8623.32
412 8666.96 8623.32
413 8666.96 8623.32
414 8666.96 8623.32
415 8666.96 8623.32
416 8666.96 8623.32
417 8666.96 8623.32
418 8666.96 8623.32
419 8666.96 8623.32
420 8666.96 8623.32
421 8666.96 8623.32
422 8666.96 8623.32
423 8666.96 8623.32
424 8666.96 8623.32
425 8666.96 8623.32
426 8666.96 8623.32
427 8666.96 8623.32
428 8666.96 8623.32
429 8666.96 8623.32
430 8666.96 8623.32
431 8666.96 8623.32
432 8666.96 8623.32
433 8666.96 8623.32
434 8666.96 8623.32
435 8666.96 8623.32
436 8666.96 8623.32
437 8666.96 8623.32
438 8666.96 8623.32
439 8666.96 8623.32
440 8666.96 8623.32
441 8666.96 8623.32
442 8666.96 8623.32
443 8666.96 8623.32
444 8666.96 8623.32
445 8666.96 8623.32
446 8666.96 8623.32
447 8666.96 8623.32
448 8666.96 8623.32
449 8666.96 8623.32
450 8666.96 8623.32
451 8666.96 8623.32
452 8666.96 8623.32
453 8666.96 8623.32
454 8666.96 8623.32
455 8666.96 8623.32
456 8666.96 8623.32
457 8666.96 8623.32
458 8666.96 8623.32
459 8666.96 8623.32
460 8666.96 8623.32
461 8666.96 8623.32
462 8666.96 8623.32
463 8666.96 8623.32
464 8666.96 8623.32
465 8666.96 8623.32
466 8666.96 8623.32
467 8666.96 8623.32
468 8666.96 8623.32
469 8666.96 8623.32
470 8666.96 8623.32
471 8666.96 8623.32
472 8666.96 8623.32
473 8666.96 8623.32
474 8666.96 8623.32
475 8666.96 8623.32
476 8666.96 8623.32
477 8666.96 8623.32
478 8666.96 8623.32
479 8666.96 8623.32
480 8666.96 8623.32
481 8666.96 8623.32
482 8666.96 8623.32
483 8666.96 8623.32
484 8666.96 8623.32
485 8666.96 8623.32
486 8666.96 8623.32
487 8666.96 8623.32
488 8666.96 8623.32
489 8666.96 8623.32
490 8666.96 8623.32
491 8666.96 8623.32
492 8666.96 8623.32
493 8666.96 8623.32
494 8666.96 8623.32
495 8666.96 8623.32
496 8666.96 8623.32
497 8666.96 8623.32
498 8666.96 8623.32
499 8666.96 8623.32
500 8666.96 8623.32
501 8666.96 8623.32
502 8666.96 8623.32
503 8666.96 8623.32
504 8666.96 8623.32
505 8666.96 8623.32
506 8666.96 8623.32
507 8666.96 8623.32
508 8666.96 8623.32
509 8666.96 8623.32
510 8666.96 8623.32
511 8666.96 8623.32
512 8666.96 8623.32
513 8666.96 8623.32
514 8666.96 8623.32
515 8666.96 8623.32
516 8666.96 8623.32
517 8666.96 8623.32
518 8666.96 8623.32
519 8666.96 8623.32
520 8666.96 8623.32
521 8666.96 8623.32
522 8666.96 8623.32
523 8666.96 8623.32
524 8666.96 8623.32
525 8666.96 8623.32
526 8666.96 8623.32
527 8666.96 8623.32
528 8666.96 8623.32
529 8666.96 8623.32
530 8666.96 8623.32
531 8666.96 8623.32
532 8666.96 8623.32
533 8666.96 8623.32
534 8666.96 8623.32
535 8666.96 8623.32
536 8666.96 8623.32
537 8666.96 8623.32
538 8666.96 8623.32
539 8666.96 8623.32
540 8666.96 8623.32
541 8666.96 8623.32
542 8666.96 8623.32
543 8666.96 8623.32
544 8666.96 8623.32
545 8666.96 8623.32
546 8666.96 8623.32
547 8666.96 8623.32
548 8666.96 8623.32
549 8666.96 8623.32
550 8666.96 8623.32
551 8666.96 8623.32
552 8666.96 8623.32
553 8666.96 8623.32
554 8666.96 8623.32
555 8666.96 8623.32
556 8666.96 8623.32
557 8666.96 8623.32
558 8666.96 8623.32
559 8666.96 8623.32
560 8666.96 8623.32
561 8666.96 8623.32
562 8666.96 8623.32
563 8666.96 8623.32
564 8666.96 8623.32
565 8666.96 8623.32
566 8666.96 8623.32
567 8666.96 8623.32
568 8666.96 8623.32
569 8666.96 8623.32
570 8666.96 8623.32
571 8666.96 8623.32
572 8666.96 8623.32
573 8666.96 8623.32
574 8666.96 8623.32
575 8666.96 8623.32
576 8666.96 8623.32
577 8666.96 8623.32
578 8666.96 8623.32
579 8666.96 8623.32
580 8666.96 8623.32
581 8666.96 8623.32
582 8666.96 8623.32
583 8666.96 8623.32
584 8666.96 8623.32
585 8666.96 8623.32
586 8666.96 8623.32
587 8666.96 8623.32
588 8666.96 8623.32
589 8666.96 8623.32
590 8666.96 8623.32
591 8666.96 8623.32
592 8666.96 8623.32
593 8666.96 8623.32
594 8666.96 8623.32
595 8666.96 8623.32
596 8666.96 8623.32
597 8666.96 8623.32
598 8666.96 8623.32
599 8666.96 8623.32
600 8666.96 8623.32
601 8666.96 8623.32
602 8666.96 8623.32
603 8666.96 8623.32
604 8666.96 8623.32
605 8666.96 8623.32
606 8666.96 8623.32
607 8666.96 8623.32
608 8666.96 8623.32
609 8666.96 8623.32
610 8666.96 8623.32
611 8666.96 8623.32
612 8666.96 8623.32
613 8666.96 8623.32
614 8666.96 8623.32
615 8666.96 8623.32
616 8666.96 8623.32
617 8666.96 8623.32
618 8666.96 8623.32
619 8666.96 8623.32
620 8666.96 8623.32
621 8666.96 8623.32
622 8666.96 8623.32
623 8666.96 8623.32
624 8666.96 8623.32
625 8666.96 8623.32
626 8666.96 8623.32
627 8666.96 8623.32
628 8666.96 8623.32
629 8666.96 8623.32
630 8666.96 8623.32
631 8666.96 8623.32
632 8666.96 8623.32
633 8666.96 8623.32
634 8666.96 8623.32
635 8666.96 8623.32
636 8666.96 8623.32
637 8666.96 8623.32
638 8666.96 8623.32
639 8666.96 8623.32
640 8666.96 8623.32
641 8666.96 8623.32
642 8666.96 8623.32
643 8666.96 8623.32
644 8666.96 8623.32
645 8666.96 8623.32
646 8666.96 8623.32
647 8666.96 8623.32
648 8666.96 8623.32
649 8666.96 8623.32
650 8666.96 8623.32
651 8666.96 8623.32
652 8666.96 8623.32
653 8666.96 8623.32
654 8666.96 8623.32
655 8666.96 8623.32
656 8666.96 8623.32
657 8666.96 8623.32
658 8666.96 8623.32
659 8666.96 8623.32
660 8666.96 8623.32
661 8666.96 8623.32
662 8666.96 8623.32
663 8666.96 8623.32
664 8666.96 8623.32
665 8666.96 8623.32
666 8666.96 8623.32
667 8666.96 8623.32
668 8666.96 8623.32
669 8666.96 8623.32
670 8666.96 8623.32
671 8666.96 8623.32
672 8666.96 8623.32
673 8666.96 8623.32
674 8666.96 8623.32
675 8666.96 8623.32
676 8666.96 8623.32
677 8666.96 8623.32
678 8666.96 8623.32
679 8666.96 8623.32
680 8666.96 8623.32
681 8666.96 8623.32
682 8666.96 8623.32
