0 1701.34 1773.23
1 1708.15 1863.88
2 1752.44 1935.89
3 1780.41 2006.97
4 1854.47 2082.1
5 1870.62 2136.75
6 1907.75 2171.57
7 1938.55 2197.78
8 1945.89 2247.76
9 1963.33 2261.14
10 1968.59 2273.99
11 1976.36 2294.53
12 2000.06 2297.88
13 2030.74 2306.17
14 2044.02 2307.32
15 2045.79 2310.1
16 2100.44 2310.51
17 2108.58 2310.51
18 2156.36 2310.51
19 2164.25 2310.51
20 2209.45 2310.51
21 2220.18 2310.51
22 2220.37 2310.51
23 2247.51 2310.51
24 2276.54 2310.51
25 2298.24 2310.51
26 2308.96 2310.51
27 2308.96 2310.51
28 2308.96 2310.51
29 2308.96 2310.51
30 2308.96 2310.51
31 2308.96 2310.51
32 2308.96 2310.51
33 2308.96 2310.51
34 2308.96 2310.51
35 2308.96 2310.51
36 2308.96 2310.51
37 2308.96 2310.51
38 2308.96 2310.51
39 2308.96 2310.51
40 2308.96 2310.51
41 2308.96 2310.51
42 2308.96 2310.51
43 2308.96 2310.51
44 2308.96 2310.51
45 2308.96 2310.51
46 2308.96 2310.51
47 2308.96 2310.51
48 2308.96 2310.51
49 2308.96 2310.51
50 2308.96 2310.51
51 2308.96 2310.51
52 2308.96 2310.51
53 2308.96 2310.51
54 2308.96 2310.51
55 2308.96 2310.51
56 2308.96 2310.51
57 2308.96 2310.51
58 2308.96 2310.51
59 2308.96 2310.51
60 2308.96 2310.51
61 2308.96 2310.51
62 2308.96 2310.51
63 2308.96 2310.51
64 2308.96 2310.51
65 2308.96 2310.51
66 2308.96 2310.51
67 2308.96 2310.51
68 2308.96 2310.51
69 2308.96 2310.51
70 2308.96 2310.51
71 2308.96 2310.51
72 2308.96 2310.51
73 2308.96 2310.51
74 2308.96 2310.51
75 2308.96 2310.51
76 2308.96 2310.51
77 2308.96 2310.51
78 2308.96 2310.51
79 2308.96 2310.51
80 2308.96 2310.51
81 2308.96 2310.51
82 2308.96 2310.51
83 2308.96 2310.51
84 2308.96 2310.51
85 2308.96 2310.51
86 2308.96 2310.51
87 2308.96 2310.51
88 2308.96 2310.51
89 2308.96 2310.51
90 2308.96 2310.51
91 2308.96 2310.51
92 2308.96 2310.51
93 2308.96 2310.51
94 2308.96 2310.51
95 2308.96 2310.51
96 2308.96 2310.51
97 2308.96 2310.51
98 2308.96 2310.51
99 2308.96 2310.51
100 2308.96 2310.51
101 2308.96 2310.51
102 2308.96 2310.51
103 2308.96 2310.51
104 2308.96 2310.51
105 2308.96 2310.51
106 2308.96 2310.51
107 2308.96 2310.51
108 2308.96 2310.51
109 2308.96 2310.51
110 2308.96 2310.51
111 2308.96 2310.51
112 2308.96 2310.51
113 2308.96 2310.51
114 2308.96 2310.51
115 2308.96 2310.51
116 2308.96 2310.51
117 2308.96 2310.51
118 2308.96 2310.51
119 2308.96 2310.51
120 2308.96 2310.51
121 2308.96 2310.51
122 2308.96 2310.51
123 2308.96 2310.51
124 2308.96 2310.51
125 2308.96 2310.51
126 2308.96 2310.51
127 2308.96 2310.51
128 2308.96 2310.51
129 2308.96 2310.51
130 2308.96 2310.51
131 2308.96 2310.51
132 2308.96 2310.51
133 2308.96 2310.51
134 2308.96 2310.51
135 2308.96 2310.51
136 2308.96 2310.51
137 2308.96 2310.51
138 2308.96 2310.51
139 2308.96 2310.51
140 2308.96 2310.51
141 2308.96 2310.51
142 2308.96 2310.51
143 2308.96 2310.51
144 2308.96 2310.51
145 2308.96 2310.51
146 2308.96 2310.51
147 2308.96 2310.51
148 2308.96 2310.51
149 2308.96 2310.51
150 2308.96 2310.51
151 2308.96 2310.51
152 2308.96 2310.51
153 2308.96 2310.51
154 2308.96 2310.51
155 2308.96 2310.51
156 2308.96 2310.51
157 2308.96 2310.51
158 2308.96 2310.51
159 2308.96 2310.51
160 2308.96 2310.51
161 2308.96 2310.51
162 2308.96 2310.51
163 2308.96 2310.51
164 2308.96 2310.51
165 2308.96 2310.51
166 2308.96 2310.51
167 2308.96 2310.51
168 2308.96 2310.51
169 2308.96 2310.51
170 2308.96 2310.51
171 2308.96 2310.51
172 2308.96 2310.51
173 2308.96 2310.51
174 2308.96 2310.51
175 2308.96 2310.51
176 2308.96 2310.51
177 2308.96 2310.51
178 2308.96 2310.51
179 2308.96 2310.51
180 2308.96 2310.51
181 2308.96 2310.51
182 2308.96 2310.51
183 2308.96 2310.51
184 2308.96 2310.51
185 2308.96 2310.51
186 2308.96 2310.51
187 2308.96 2310.51
188 2308.96 2310.51
189 2308.96 2310.51
190 2308.96 2310.51
191 2308.96 2310.51
192 2308.96 2310.51
193 2308.96 2310.51
194 2308.96 2310.51
195 2308.96 2310.51
196 2308.96 2310.51
197 2308.96 2310.51
198 2308.96 2310.51
199 2308.96 2310.51
200 2308.96 2310.51
201 2308.96 2310.51
202 2308.96 2310.51
203 2308.96 2310.51
204 2308.96 2310.51
205 2308.96 2310.51
206 2308.96 2310.51
207 2308.96 2310.51
208 2308.96 2310.51
209 2308.96 2310.51
210 2308.96 2310.51
211 2308.96 2310.51
212 2308.96 2310.51
213 2308.96 2310.51
214 2308.96 2310.51
215 2308.96 2310.51
216 2308.96 2310.51
217 2308.96 2310.51
218 2308.96 2310.51
219 2308.96 2310.51
220 2308.96 2310.51
221 2308.96 2310.51
222 2308.96 2310.51
223 2308.96 2310.51
224 2308.96 2310.51
225 2308.96 2310.51
226 2308.96 2310.51
227 2308.96 2310.51
228 2308.96 2310.51
229 2308.96 2310.51
230 2308.96 2310.51
231 2308.96 2310.51
232 2308.96 2310.51
233 2308.96 2310.51
234 2308.96 2310.51
235 2308.96 2310.51
236 2308.96 2310.51
237 2308.96 2310.51
238 2308.96 2310.51
239 2308.96 2310.51
240 2308.96 2310.51
241 2308.96 2310.51
242 2308.96 2310.51
243 2308.96 2310.51
244 2308.96 2310.51
245 2308.96 2310.51
246 2308.96 2310.51
247 2308.96 2310.51
248 2308.96 2310.51
249 2308.96 2310.51
250 2308.96 2310.51
251 2308.96 2310.51
252 2308.96 2310.51
253 2308.96 2310.51
254 2308.96 2310.51
255 2308.96 2310.51
256 2308.96 2310.51
257 2308.96 2310.51
258 2308.96 2310.51
259 2308.96 2310.51
260 2308.96 2310.51
261 2308.96 2310.51
262 2308.96 2310.51
263 2308.96 2310.51
264 2308.96 2310.51
265 2308.96 2310.51
266 2308.96 2310.51
267 2308.96 2310.51
268 2308.96 2310.51
269 2308.96 2310.51
270 2308.96 2310.51
271 2308.96 2310.51
272 2308.96 2310.51
273 2308.96 2310.51
274 2308.96 2310.51
275 2308.96 2310.51
276 2308.96 2310.51
277 2308.96 2310.51
278 2308.96 2310.51
279 2308.96 2310.51
280 2308.96 2310.51
281 2308.96 2310.51
282 2308.96 2310.51
283 2308.96 2310.51
284 2308.96 2310.51
285 2308.96 2310.51
286 2308.96 2310.51
287 2308.96 2310.51
288 2308.96 2310.51
289 2308.96 2310.51
290 2308.96 2310.51
291 2308.96 2310.51
292 2308.96 2310.51
293 2308.96 2310.51
294 2308.96 2310.51
295 2308.96 2310.51
296 2308.96 2310.51
297 2308.96 2310.51
298 2308.96 2310.51
299 2308.96 2310.51
300 2308.96 2310.51
301 2308.96 2310.51
302 2308.96 2310.51
303 2308.96 2310.51
304 2308.96 2310.51
305 2308.96 2310.51
306 2308.96 2310.51
307 2308.96 2310.51
308 2308.96 2310.51
309 2308.96 2310.51
310 2308.96 2310.51
311 2308.96 2310.51
312 2308.96 2310.51
313 2308.96 2310.51
314 2308.96 2310.51
315 2308.96 2310.51
316 2308.96 2310.51
317 2308.96 2310.51
318 2308.96 2310.51
319 2308.96 2310.51
320 2308.96 2310.51
321 2308.96 2310.51
322 2308.96 2310.51
323 2308.96 2310.51
324 2308.96 2310.51
325 2308.96 2310.51
326 2308.96 2310.51
327 2308.96 2310.51
328 2308.96 2310.51
329 2308.96 2310.51
330 2308.96 2310.51
331 2308.96 2310.51
332 2308.96 2310.51
333 2308.96 2310.51
334 2308.96 2310.51
335 2308.96 2310.51
336 2308.96 2310.51
337 2308.96 2310.51
338 2308.96 2310.51
339 2308.96 2310.51
340 2308.96 2310.51
341 2308.96 2310.51
342 2308.96 2310.51
343 2308.96 2310.51
344 2308.96 2310.51
345 2308.96 2310.51
346 2308.96 2310.51
347 2308.96 2310.51
348 2308.96 2310.51
349 2308.96 2310.51
350 2308.96 2310.51
351 2308.96 2310.51
352 2308.96 2310.51
353 2308.96 2310.51
354 2308.96 2310.51
355 2308.96 2310.51
356 2308.96 2310.51
357 2308.96 2310.51
358 2308.96 2310.51
359 2308.96 2310.51
360 2308.96 2310.51
361 2308.96 2310.51
362 2308.96 2310.51
363 2308.96 2310.51
364 2308.96 2310.51
365 2308.96 2310.51
366 2308.96 2310.51
367 2308.96 2310.51
368 2308.96 2310.51
369 2308.96 2310.51
370 2308.96 2310.51
371 2308.96 2310.51
372 2308.96 2310.51
373 2308.96 2310.51
374 2308.96 2310.51
375 2308.96 2310.51
376 2308.96 2310.51
377 2308.96 2310.51
378 2308.96 2310.51
379 2308.96 2310.51
380 2308.96 2310.51
381 2308.96 2310.51
382 2308.96 2310.51
383 2308.96 2310.51
384 2308.96 2310.51
385 2308.96 2310.51
386 2308.96 2310.51
387 2308.96 2310.51
388 2308.96 2310.51
389 2308.96 2310.51
390 2308.96 2310.51
391 2308.96 2310.51
392 2308.96 2310.51
393 2308.96 2310.51
394 2308.96 2310.51
395 2308.96 2310.51
396 2308.96 2310.51
397 2308.96 2310.51
398 2308.96 2310.51
399 2308.96 2310.51
400 2308.96 2310.51
401 2308.96 2310.51
402 2308.96 2310.51
403 2308.96 2310.51
404 2308.96 2310.51
405 2308.96 2310.51
406 2308.96 2310.51
407 2308.96 2310.51
408 2308.96 2310.51
409 2308.96 2310.51
410 2308.96 2310.51
411 2308.96 2310.51
412 2308.96 2310.51
413 2308.96 2310.51
414 2308.96 2310.51
415 2308.96 2310.51
416 2308.96 2310.51
417 2308.96 2310.51
418 2308.96 2310.51
419 2308.96 2310.51
420 2308.96 2310.51
421 2308.96 2310.51
422 2308.96 2310.51
423 2308.96 2310.51
424 2308.96 2310.51
425 2308.96 2310.51
426 2308.96 2310.51
427 2308.96 2310.51
428 2308.96 2310.51
429 2308.96 2310.51
430 2308.96 2310.51
431 2308.96 2310.51
432 2308.96 2310.51
433 2308.96 2310.51
434 2308.96 2310.51
435 2308.96 2310.51
436 2308.96 2310.51
437 2308.96 2310.51
438 2308.96 2310.51
439 2308.96 2310.51
440 2308.96 2310.51
441 2308.96 2310.51
442 2308.96 2310.51
443 2308.96 2310.51
444 2308.96 2310.51
445 2308.96 2310.51
446 2308.96 2310.51
447 2308.96 2310.51
448 2308.96 2310.51
449 2308.96 2310.51
450 2308.96 2310.51
451 2308.96 2310.51
452 2308.96 2310.51
453 2308.96 2310.51
454 2308.96 2310.51
455 2308.96 2310.51
456 2308.96 2310.51
457 2308.96 2310.51
458 2308.96 2310.51
459 2308.96 2310.51
460 2308.96 2310.51
461 2308.96 2310.51
462 2308.96 2310.51
463 2308.96 2310.51
464 2308.96 2310.51
465 2308.96 2310.51
466 2308.96 2310.51
467 2308.96 2310.51
468 2308.96 2310.51
469 2308.96 2310.51
470 2308.96 2310.51
471 2308.96 2310.51
472 2308.96 2310.51
473 2308.96 2310.51
474 2308.96 2310.51
475 2308.96 2310.51
476 2308.96 2310.51
477 2308.96 2310.51
478 2308.96 2310.51
479 2308.96 2310.51
480 2308.96 2310.51
481 2308.96 2310.51
482 2308.96 2310.51
483 2308.96 2310.51
484 2308.96 2310.51
485 2308.96 2310.51
486 2308.96 2310.51
487 2308.96 2310.51
488 2308.96 2310.51
489 2308.96 2310.51
490 2308.96 2310.51
491 2308.96 2310.51
492 2308.96 2310.51
493 2308.96 2310.51
494 2308.96 2310.51
495 2308.96 2310.51
496 2308.96 2310.51
497 2308.96 2310.51
498 2308.96 2310.51
499 2308.96 2310.51
500 2308.96 2310.51
501 2308.96 2310.51
502 2308.96 2310.51
503 2308.96 2310.51
504 2308.96 2310.51
505 2308.96 2310.51
506 2308.96 2310.51
507 2308.96 2310.51
508 2308.96 2310.51
509 2308.96 2310.51
510 2308.96 2310.51
511 2308.96 2310.51
512 2308.96 2310.51
513 2308.96 2310.51
514 2308.96 2310.51
515 2308.96 2310.51
516 2308.96 2310.51
517 2308.96 2310.51
518 2308.96 2310.51
519 2308.96 2310.51
520 2308.96 2310.51
521 2308.96 2310.51
522 2308.96 2310.51
523 2308.96 2310.51
524 2308.96 2310.51
525 2308.96 2310.51
526 2308.96 2310.51
527 2308.96 2310.51
528 2308.96 2310.51
529 2308.96 2310.51
530 2308.96 2310.51
531 2308.96 2310.51
532 2308.96 2310.51
533 2308.96 2310.51
534 2308.96 2310.51
535 2308.96 2310.51
536 2308.96 2310.51
537 2308.96 2310.51
538 2308.96 2310.51
539 2308.96 2310.51
540 2308.96 2310.51
541 2308.96 2310.51
542 2308.96 2310.51
543 2308.96 2310.51
544 2308.96 2310.51
545 2308.96 2310.51
546 2308.96 2310.51
547 2308.96 2310.51
548 2308.96 2310.51
549 2308.96 2310.51
550 2308.96 2310.51
551 2308.96 2310.51
552 2308.96 2310.51
553 2308.96 2310.51
554 2308.96 2310.51
555 2308.96 2310.51
556 2308.96 2310.51
557 2308.96 2310.51
558 2308.96 2310.51
559 2308.96 2310.51
560 2308.96 2310.51
561 2308.96 2310.51
562 2308.96 2310.51
563 2308.96 2310.51
564 2308.96 2310.51
565 2308.96 2310.51
566 2308.96 2310.51
567 2308.96 2310.51
568 2308.96 2310.51
569 2308.96 2310.51
570 2308.96 2310.51
571 2308.96 2310.51
572 2308.96 2310.51
573 2308.96 2310.51
574 2308.96 2310.51
575 2308.96 2310.51
576 2308.96 2310.51
577 2308.96 2310.51
578 2308.96 2310.51
579 2308.96 2310.51
580 2308.96 2310.51
581 2308.96 2310.51
582 2308.96 2310.51
583 2308.96 2310.51
584 2308.96 2310.51
585 2308.96 2310.51
586 2308.96 2310.51
587 2308.96 2310.51
588 2308.96 2310.51
589 2308.96 2310.51
590 2308.96 2310.51
591 2308.96 2310.51
592 2308.96 2310.51
593 2308.96 2310.51
594 2308.96 2310.51
595 2308.96 2310.51
596 2308.96 2310.51
597 2308.96 2310.51
598 2308.96 2310.51
599 2308.96 2310.51
600 2308.96 2310.51
601 2308.96 2310.51
602 2308.96 2310.51
603 2308.96 2310.51
604 2308.96 2310.51
605 2308.96 2310.51
606 2308.96 2310.51
607 2308.96 2310.51
608 2308.96 2310.51
609 2308.96 2310.51
610 2308.96 2310.51
611 2308.96 2310.51
612 2308.96 2310.51
613 2308.96 2310.51
614 2308.96 2310.51
615 2308.96 2310.51
616 2308.96 2310.51
617 2308.96 2310.51
618 2308.96 2310.51
619 2308.96 2310.51
620 2308.96 2310.51
621 2308.96 2310.51
622 2308.96 2310.51
623 2308.96 2310.51
624 2308.96 2310.51
625 2308.96 2310.51
626 2308.96 2310.51
627 2308.96 2310.51
628 2308.96 2310.51
629 2308.96 2310.51
630 2308.96 2310.51
631 2308.96 2310.51
632 2308.96 2310.51
633 2308.96 2310.51
634 2308.96 2310.51
635 2308.96 2310.51
636 2308.96 2310.51
637 2308.96 2310.51
638 2308.96 2310.51
639 2308.96 2310.51
640 2308.96 2310.51
641 2308.96 2310.51
642 2308.96 2310.51
643 2308.96 2310.51
644 2308.96 2310.51
645 2308.96 2310.51
646 2308.96 2310.51
647 2308.96 2310.51
648 2308.96 2310.51
649 2308.96 2310.51
650 2308.96 2310.51
651 2308.96 2310.51
652 2308.96 2310.51
653 2308.96 2310.51
654 2308.96 2310.51
655 2308.96 2310.51
656 2308.96 2310.51
657 2308.96 2310.51
658 2308.96 2310.51
659 2308.96 2310.51
660 2308.96 2310.51
661 2308.96 2310.51
662 2308.96 2310.51
663 2308.96 2310.51
664 2308.96 2310.51
665 2308.96 2310.51
666 2308.96 2310.51
667 2308.96 2310.51
668 2308.96 2310.51
669 2308.96 2310.51
670 2308.96 2310.51
671 2308.96 2310.51
672 2308.96 2310.51
673 2308.96 2310.51
674 2308.96 2310.51
675 2308.96 2310.51
676 2308.96 2310.51
677 2308.96 2310.51
678 2308.96 2310.51
679 2308.96 2310.51
680 2308.96 2310.51
681 2308.96 2310.51
682 2308.96 2310.51
683 2308.96 2310.51
684 2308.96 2310.51
685 2308.96 2310.51
686 2308.96 2310.51
687 2308.96 2310.51
688 2308.96 2310.51
689 2308.96 2310.51
690 2308.96 2310.51
691 2308.96 2310.51
692 2308.96 2310.51
693 2308.96 2310.51
694 2308.96 2310.51
695 2308.96 2310.51
696 2308.96 2310.51
697 2308.96 2310.51
698 2308.96 2310.51
699 2308.96 2310.51
700 2308.96 2310.51
701 2308.96 2310.51
702 2308.96 2310.51
703 2308.96 2310.51
704 2308.96 2310.51
705 2308.96 2310.51
706 2308.96 2310.51
707 2308.96 2310.51
708 2308.96 2310.51
709 2308.96 2310.51
710 2308.96 2310.51
711 2308.96 2310.51
712 2308.96 2310.51
713 2308.96 2310.51
714 2308.96 2310.51
715 2308.96 2310.51
716 2308.96 2310.51
717 2308.96 2310.51
718 2308.96 2310.51
719 2308.96 2310.51
720 2308.96 2310.51
721 2308.96 2310.51
722 2308.96 2310.51
723 2308.96 2310.51
724 2308.96 2310.51
725 2308.96 2310.51
726 2308.96 2310.51
727 2308.96 2310.51
728 2308.96 2310.51
729 2308.96 2310.51
730 2308.96 2310.51
731 2308.96 2310.51
732 2308.96 2310.51
733 2308.96 2310.51
734 2308.96 2310.51
735 2308.96 2310.51
736 2308.96 2310.51
737 2308.96 2310.51
738 2308.96 2310.51
739 2308.96 2310.51
740 2308.96 2310.51
741 2308.96 2310.51
742 2308.96 2310.51
743 2308.96 2310.51
744 2308.96 2310.51
745 2308.96 2310.51
746 2308.96 2310.51
747 2308.96 2310.51
748 2308.96 2310.51
749 2308.96 2310.51
750 2308.96 2310.51
751 2308.96 2310.51
752 2308.96 2310.51
753 2308.96 2310.51
754 2308.96 2310.51
755 2308.96 2310.51
756 2308.96 2310.51
757 2308.96 2310.51
758 2308.96 2310.51
759 2308.96 2310.51
760 2308.96 2310.51
761 2308.96 2310.51
762 2308.96 2310.51
763 2308.96 2310.51
764 2308.96 2310.51
765 2308.96 2310.51
766 2308.96 2310.51
767 2308.96 2310.51
768 2308.96 2310.51
769 2308.96 2310.51
770 2308.96 2310.51
771 2308.96 2310.51
772 2308.96 2310.51
773 2308.96 2310.51
774 2308.96 2310.51
775 2308.96 2310.51
776 2308.96 2310.51
777 2308.96 2310.51
778 2308.96 2310.51
779 2308.96 2310.51
780 2308.96 2310.51
781 2308.96 2310.51
782 2308.96 2310.51
783 2308.96 2310.51
784 2308.96 2310.51
785 2308.96 2310.51
786 2308.96 2310.51
787 2308.96 2310.51
788 2308.96 2310.51
789 2308.96 2310.51
790 2308.96 2310.51
791 2308.96 2310.51
792 2308.96 2310.51
793 2308.96 2310.51
794 2308.96 2310.51
795 2308.96 2310.51
796 2308.96 2310.51
797 2308.96 2310.51
798 2308.96 2310.51
799 2308.96 2310.51
800 2308.96 2310.51
801 2308.96 2310.51
802 2308.96 2310.51
803 2308.96 2310.51
804 2308.96 2310.51
805 2308.96 2310.51
806 2308.96 2310.51
807 2308.96 2310.51
808 2308.96 2310.51
809 2308.96 2310.51
810 2308.96 2310.51
811 2308.96 2310.51
812 2308.96 2310.51
813 2308.96 2310.51
814 2308.96 2310.51
815 2308.96 2310.51
816 2308.96 2310.51
817 2308.96 2310.51
818 2308.96 2310.51
819 2308.96 2310.51
820 2308.96 2310.51
821 2308.96 2310.51
822 2308.96 2310.51
823 2308.96 2310.51
824 2308.96 2310.51
825 2308.96 2310.51
826 2308.96 2310.51
827 2308.96 2310.51
828 2308.96 2310.51
829 2308.96 2310.51
830 2308.96 2310.51
831 2308.96 2310.51
832 2308.96 2310.51
833 2308.96 2310.51
834 2308.96 2310.51
835 2308.96 2310.51
836 2308.96 2310.51
837 2308.96 2310.51
838 2308.96 2310.51
839 2308.96 2310.51
840 2308.96 2310.51
841 2308.96 2310.51
842 2308.96 2310.51
843 2308.96 2310.51
844 2308.96 2310.51
845 2308.96 2310.51
846 2308.96 2310.51
847 2308.96 2310.51
848 2308.96 2310.51
849 2308.96 2310.51
850 2308.96 2310.51
851 2308.96 2310.51
852 2308.96 2310.51
853 2308.96 2310.51
854 2308.96 2310.51
855 2308.96 2310.51
856 2308.96 2310.51
857 2308.96 2310.51
858 2308.96 2310.51
859 2308.96 2310.51
860 2308.96 2310.51
861 2308.96 2310.51
862 2308.96 2310.51
863 2308.96 2310.51
864 2308.96 2310.51
865 2308.96 2310.51
866 2308.96 2310.51
867 2308.96 2310.51
868 2308.96 2310.51
869 2308.96 2310.51
870 2308.96 2310.51
871 2308.96 2310.51
872 2308.96 2310.51
873 2308.96 2310.51
874 2308.96 2310.51
875 2308.96 2310.51
876 2308.96 2310.51
877 2308.96 2310.51
878 2308.96 2310.51
879 2308.96 2310.51
880 2308.96 2310.51
881 2308.96 2310.51
882 2308.96 2310.51
883 2308.96 2310.51
884 2308.96 2310.51
885 2308.96 2310.51
886 2308.96 2310.51
887 2308.96 2310.51
888 2308.96 2310.51
889 2308.96 2310.51
890 2308.96 2310.51
891 2308.96 2310.51
892 2308.96 2310.51
893 2308.96 2310.51
894 2308.96 2310.51
895 2308.96 2310.51
896 2308.96 2310.51
897 2308.96 2310.51
898 2308.96 2310.51
899 2308.96 2310.51
900 2308.96 2310.51
901 2308.96 2310.51
902 2308.96 2310.51
903 2308.96 2310.51
904 2308.96 2310.51
905 2308.96 2310.51
906 2308.96 2310.51
907 2308.96 2310.51
908 2308.96 2310.51
909 2308.96 2310.51
910 2308.96 2310.51
911 2308.96 2310.51
912 2308.96 2310.51
913 2308.96 2310.51
914 2308.96 2310.51
915 2308.96 2310.51
916 2308.96 2310.51
917 2308.96 2310.51
918 2308.96 2310.51
919 2308.96 2310.51
920 2308.96 2310.51
921 2308.96 2310.51
922 2308.96 2310.51
923 2308.96 2310.51
924 2308.96 2310.51
925 2308.96 2310.51
926 2308.96 2310.51
927 2308.96 2310.51
928 2308.96 2310.51
929 2308.96 2310.51
930 2308.96 2310.51
931 2308.96 2310.51
932 2308.96 2310.51
933 2308.96 2310.51
934 2308.96 2310.51
935 2308.96 2310.51
936 2308.96 2310.51
937 2308.96 2310.51
938 2308.96 2310.51
939 2308.96 2310.51
940 2308.96 2310.51
941 2308.96 2310.51
942 2308.96 2310.51
943 2308.96 2310.51
944 2308.96 2310.51
945 2308.96 2310.51
946 2308.96 2310.51
947 2308.96 2310.51
948 2308.96 2310.51
949 2308.96 2310.51
950 2308.96 2310.51
951 2308.96 2310.51
952 2308.96 2310.51
953 2308.96 2310.51
954 2308.96 2310.51
955 2308.96 2310.51
956 2308.96 2310.51
957 2308.96 2310.51
958 2308.96 2310.51
959 2308.96 2310.51
960 2308.96 2310.51
961 2308.96 2310.51
962 2308.96 2310.51
963 2308.96 2310.51
964 2308.96 2310.51
965 2308.96 2310.51
966 2308.96 2310.51
967 2308.96 2310.51
968 2308.96 2310.51
969 2308.96 2310.51
970 2308.96 2310.51
971 2308.96 2310.51
972 2308.96 2310.51
973 2308.96 2310.51
974 2308.96 2310.51
975 2308.96 2310.51
976 2308.96 2310.51
977 2308.96 2310.51
978 2308.96 2310.51
979 2308.96 2310.51
980 2308.96 2310.51
981 2308.96 2310.51
982 2308.96 2310.51
983 2308.96 2310.51
984 2308.96 2310.51
985 2308.96 2310.51
986 2308.96 2310.51
987 2308.96 2310.51
988 2308.96 2310.51
989 2308.96 2310.51
990 2308.96 2310.51
991 2308.96 2310.51
992 2308.96 2310.51
993 2308.96 2310.51
994 2308.96 2310.51
995 2308.96 2310.51
996 2308.96 2310.51
997 2308.96 2310.51
998 2308.96 2310.51
999 2308.96 2310.51
