0 1723.77 1757.56
1 1731.12 1861.67
2 1765.72 1901.72
3 1784.75 1914.42
4 1785.53 1933.35
5 1853.26 1958.06
6 1893.44 1987.34
7 1905.94 1989.23
8 1941.89 1989.23
9 1964.89 1989.23
10 1964.89 1989.23
11 1964.89 1989.23
12 1964.89 1989.23
13 1964.89 1989.23
14 1964.89 1989.23
15 1964.89 1989.23
16 1964.89 1989.23
17 1964.89 1989.23
18 1964.89 1989.23
19 1964.89 1989.23
20 1964.89 1989.23
21 1964.89 1989.23
22 1964.89 1989.23
23 1964.89 1989.23
24 1964.89 1989.23
25 1964.89 1989.23
26 1964.89 1989.23
27 1964.89 1989.23
28 1964.89 1989.23
29 1964.89 1989.23
30 1964.89 1989.23
31 1964.89 1989.23
32 1964.89 1989.23
33 1964.89 1989.23
34 1964.89 1989.23
35 1964.89 1989.23
36 1964.89 1989.23
37 1964.89 1989.23
38 1964.89 1989.23
39 1964.89 1989.23
40 1964.89 1989.23
41 1964.89 1989.23
42 1964.89 1989.23
43 1964.89 1989.23
44 1964.89 1989.23
45 1964.89 1989.23
46 1964.89 1989.23
47 1964.89 1989.23
48 1964.89 1989.23
49 1964.89 1989.23
50 1964.89 1989.23
51 1964.89 1989.23
52 1964.89 1989.23
53 1964.89 1989.23
54 1964.89 1989.23
55 1964.89 1989.23
56 1964.89 1989.23
57 1964.89 1989.23
58 1964.89 1989.23
59 1964.89 1989.23
60 1964.89 1989.23
61 1964.89 1989.23
62 1964.89 1989.23
63 1964.89 1989.23
64 1964.89 1989.23
65 1964.89 1989.23
66 1964.89 1989.23
67 1964.89 1989.23
68 1964.89 1989.23
69 1964.89 1989.23
70 1964.89 1989.23
71 1964.89 1989.23
72 1964.89 1989.23
73 1964.89 1989.23
74 1964.89 1989.23
75 1964.89 1989.23
76 1964.89 1989.23
77 1964.89 1989.23
78 1964.89 1989.23
79 1964.89 1989.23
80 1964.89 1989.23
81 1964.89 1989.23
82 1964.89 1989.23
83 1964.89 1989.23
84 1964.89 1989.23
85 1964.89 1989.23
86 1964.89 1989.23
87 1964.89 1989.23
88 1964.89 1989.23
89 1964.89 1989.23
90 1964.89 1989.23
91 1964.89 1989.23
92 1964.89 1989.23
93 1964.89 1989.23
94 1964.89 1989.23
95 1964.89 1989.23
96 1964.89 1989.23
97 1964.89 1989.23
98 1964.89 1989.23
99 1964.89 1989.23
100 1964.89 1989.23
101 1964.89 1989.23
102 1964.89 1989.23
103 1964.89 1989.23
104 1964.89 1989.23
105 1964.89 1989.23
106 1964.89 1989.23
107 1964.89 1989.23
108 1964.89 1989.23
109 1964.89 1989.23
110 1964.89 1989.23
111 1964.89 1989.23
112 1964.89 1989.23
113 1964.89 1989.23
114 1964.89 1989.23
115 1964.89 1989.23
116 1964.89 1989.23
117 1964.89 1989.23
118 1964.89 1989.23
119 1964.89 1989.23
120 1964.89 1989.23
121 1964.89 1989.23
122 1964.89 1989.23
123 1964.89 1989.23
124 1964.89 1989.23
125 1964.89 1989.23
126 1964.89 1989.23
127 1964.89 1989.23
128 1964.89 1989.23
129 1964.89 1989.23
130 1964.89 1989.23
131 1964.89 1989.23
132 1964.89 1989.23
133 1964.89 1989.23
134 1964.89 1989.23
135 1964.89 1989.23
136 1964.89 1989.23
137 1964.89 1989.23
138 1964.89 1989.23
139 1964.89 1989.23
140 1964.89 1989.23
141 1964.89 1989.23
142 1964.89 1989.23
143 1964.89 1989.23
144 1964.89 1989.23
145 1964.89 1989.23
146 1964.89 1989.23
147 1964.89 1989.23
148 1964.89 1989.23
149 1964.89 1989.23
150 1964.89 1989.23
151 1964.89 1989.23
152 1964.89 1989.23
153 1964.89 1989.23
154 1964.89 1989.23
155 1964.89 1989.23
156 1964.89 1989.23
157 1964.89 1989.23
158 1964.89 1989.23
159 1964.89 1989.23
160 1964.89 1989.23
161 1964.89 1989.23
162 1964.89 1989.23
163 1964.89 1989.23
164 1964.89 1989.23
165 1964.89 1989.23
166 1964.89 1989.23
167 1964.89 1989.23
168 1964.89 1989.23
169 1964.89 1989.23
170 1964.89 1989.23
171 1964.89 1989.23
172 1964.89 1989.23
173 1964.89 1989.23
174 1964.89 1989.23
175 1964.89 1989.23
176 1964.89 1989.23
177 1964.89 1989.23
178 1964.89 1989.23
179 1964.89 1989.23
180 1964.89 1989.23
181 1964.89 1989.23
182 1964.89 1989.23
183 1964.89 1989.23
184 1964.89 1989.23
185 1964.89 1989.23
186 1964.89 1989.23
187 1964.89 1989.23
188 1964.89 1989.23
189 1964.89 1989.23
190 1964.89 1989.23
191 1964.89 1989.23
192 1964.89 1989.23
193 1964.89 1989.23
194 1964.89 1989.23
195 1964.89 1989.23
196 1964.89 1989.23
197 1964.89 1989.23
198 1964.89 1989.23
199 1964.89 1989.23
200 1964.89 1989.23
201 1964.89 1989.23
202 1964.89 1989.23
203 1964.89 1989.23
204 1964.89 1989.23
205 1964.89 1989.23
206 1964.89 1989.23
207 1964.89 1989.23
208 1964.89 1989.23
209 1964.89 1989.23
210 1964.89 1989.23
211 1964.89 1989.23
212 1964.89 1989.23
213 1964.89 1989.23
214 1964.89 1989.23
215 1964.89 1989.23
216 1964.89 1989.23
217 1964.89 1989.23
218 1964.89 1989.23
219 1964.89 1989.23
220 1964.89 1989.23
221 1964.89 1989.23
222 1964.89 1989.23
223 1964.89 1989.23
224 1964.89 1989.23
225 1964.89 1989.23
226 1964.89 1989.23
227 1964.89 1989.23
228 1964.89 1989.23
229 1964.89 1989.23
230 1964.89 1989.23
231 1964.89 1989.23
232 1964.89 1989.23
233 1964.89 1989.23
234 1964.89 1989.23
235 1964.89 1989.23
236 1964.89 1989.23
237 1964.89 1989.23
238 1964.89 1989.23
239 1964.89 1989.23
240 1964.89 1989.23
241 1964.89 1989.23
242 1964.89 1989.23
243 1964.89 1989.23
244 1964.89 1989.23
245 1964.89 1989.23
246 1964.89 1989.23
247 1964.89 1989.23
248 1964.89 1989.23
249 1964.89 1989.23
250 1964.89 1989.23
251 1964.89 1989.23
252 1964.89 1989.23
253 1964.89 1989.23
254 1964.89 1989.23
255 1964.89 1989.23
256 1964.89 1989.23
257 1964.89 1989.23
258 1964.89 1989.23
259 1964.89 1989.23
260 1964.89 1989.23
261 1964.89 1989.23
262 1964.89 1989.23
263 1964.89 1989.23
264 1964.89 1989.23
265 1964.89 1989.23
266 1964.89 1989.23
267 1964.89 1989.23
268 1964.89 1989.23
269 1964.89 1989.23
270 1964.89 1989.23
271 1964.89 1989.23
272 1964.89 1989.23
273 1964.89 1989.23
274 1964.89 1989.23
275 1964.89 1989.23
276 1964.89 1989.23
277 1964.89 1989.23
278 1964.89 1989.23
279 1964.89 1989.23
280 1964.89 1989.23
281 1964.89 1989.23
282 1964.89 1989.23
283 1964.89 1989.23
284 1964.89 1989.23
285 1964.89 1989.23
286 1964.89 1989.23
287 1964.89 1989.23
288 1964.89 1989.23
289 1964.89 1989.23
290 1964.89 1989.23
291 1964.89 1989.23
292 1964.89 1989.23
293 1964.89 1989.23
294 1964.89 1989.23
295 1964.89 1989.23
296 1964.89 1989.23
297 1964.89 1989.23
298 1964.89 1989.23
299 1964.89 1989.23
300 1964.89 1989.23
301 1964.89 1989.23
302 1964.89 1989.23
303 1964.89 1989.23
304 1964.89 1989.23
305 1964.89 1989.23
306 1964.89 1989.23
307 1964.89 1989.23
308 1964.89 1989.23
309 1964.89 1989.23
310 1964.89 1989.23
311 1964.89 1989.23
312 1964.89 1989.23
313 1964.89 1989.23
314 1964.89 1989.23
315 1964.89 1989.23
316 1964.89 1989.23
317 1964.89 1989.23
318 1964.89 1989.23
319 1964.89 1989.23
320 1964.89 1989.23
321 1964.89 1989.23
322 1964.89 1989.23
323 1964.89 1989.23
324 1964.89 1989.23
325 1964.89 1989.23
326 1964.89 1989.23
327 1964.89 1989.23
328 1964.89 1989.23
329 1964.89 1989.23
330 1964.89 1989.23
331 1964.89 1989.23
332 1964.89 1989.23
333 1964.89 1989.23
334 1964.89 1989.23
335 1964.89 1989.23
336 1964.89 1989.23
337 1964.89 1989.23
338 1964.89 1989.23
339 1964.89 1989.23
340 1964.89 1989.23
341 1964.89 1989.23
342 1964.89 1989.23
343 1964.89 1989.23
344 1964.89 1989.23
345 1964.89 1989.23
346 1964.89 1989.23
347 1964.89 1989.23
348 1964.89 1989.23
349 1964.89 1989.23
350 1964.89 1989.23
351 1964.89 1989.23
352 1964.89 1989.23
353 1964.89 1989.23
354 1964.89 1989.23
355 1964.89 1989.23
356 1964.89 1989.23
357 1964.89 1989.23
358 1964.89 1989.23
359 1964.89 1989.23
360 1964.89 1989.23
361 1964.89 1989.23
362 1964.89 1989.23
363 1964.89 1989.23
364 1964.89 1989.23
365 1964.89 1989.23
366 1964.89 1989.23
367 1964.89 1989.23
368 1964.89 1989.23
369 1964.89 1989.23
370 1964.89 1989.23
371 1964.89 1989.23
372 1964.89 1989.23
373 1964.89 1989.23
374 1964.89 1989.23
375 1964.89 1989.23
376 1964.89 1989.23
377 1964.89 1989.23
378 1964.89 1989.23
379 1964.89 1989.23
380 1964.89 1989.23
381 1964.89 1989.23
382 1964.89 1989.23
383 1964.89 1989.23
384 1964.89 1989.23
385 1964.89 1989.23
386 1964.89 1989.23
387 1964.89 1989.23
388 1964.89 1989.23
389 1964.89 1989.23
390 1964.89 1989.23
391 1964.89 1989.23
392 1964.89 1989.23
393 1964.89 1989.23
394 1964.89 1989.23
395 1964.89 1989.23
396 1964.89 1989.23
397 1964.89 1989.23
398 1964.89 1989.23
399 1964.89 1989.23
400 1964.89 1989.23
401 1964.89 1989.23
402 1964.89 1989.23
403 1964.89 1989.23
404 1964.89 1989.23
405 1964.89 1989.23
406 1964.89 1989.23
407 1964.89 1989.23
408 1964.89 1989.23
409 1964.89 1989.23
410 1964.89 1989.23
411 1964.89 1989.23
412 1964.89 1989.23
413 1964.89 1989.23
414 1964.89 1989.23
415 1964.89 1989.23
416 1964.89 1989.23
417 1964.89 1989.23
418 1964.89 1989.23
419 1964.89 1989.23
420 1964.89 1989.23
421 1964.89 1989.23
422 1964.89 1989.23
423 1964.89 1989.23
424 1964.89 1989.23
425 1964.89 1989.23
426 1964.89 1989.23
427 1964.89 1989.23
428 1964.89 1989.23
429 1964.89 1989.23
430 1964.89 1989.23
431 1964.89 1989.23
432 1964.89 1989.23
433 1964.89 1989.23
434 1964.89 1989.23
435 1964.89 1989.23
436 1964.89 1989.23
437 1964.89 1989.23
438 1964.89 1989.23
439 1964.89 1989.23
440 1964.89 1989.23
441 1964.89 1989.23
442 1964.89 1989.23
443 1964.89 1989.23
444 1964.89 1989.23
445 1964.89 1989.23
446 1964.89 1989.23
447 1964.89 1989.23
448 1964.89 1989.23
449 1964.89 1989.23
450 1964.89 1989.23
451 1964.89 1989.23
452 1964.89 1989.23
453 1964.89 1989.23
454 1964.89 1989.23
455 1964.89 1989.23
456 1964.89 1989.23
457 1964.89 1989.23
458 1964.89 1989.23
459 1964.89 1989.23
460 1964.89 1989.23
461 1964.89 1989.23
462 1964.89 1989.23
463 1964.89 1989.23
464 1964.89 1989.23
465 1964.89 1989.23
466 1964.89 1989.23
467 1964.89 1989.23
468 1964.89 1989.23
469 1964.89 1989.23
470 1964.89 1989.23
471 1964.89 1989.23
472 1964.89 1989.23
473 1964.89 1989.23
474 1964.89 1989.23
475 1964.89 1989.23
476 1964.89 1989.23
477 1964.89 1989.23
478 1964.89 1989.23
479 1964.89 1989.23
480 1964.89 1989.23
481 1964.89 1989.23
482 1964.89 1989.23
483 1964.89 1989.23
484 1964.89 1989.23
485 1964.89 1989.23
486 1964.89 1989.23
487 1964.89 1989.23
488 1964.89 1989.23
489 1964.89 1989.23
490 1964.89 1989.23
491 1964.89 1989.23
492 1964.89 1989.23
493 1964.89 1989.23
494 1964.89 1989.23
495 1964.89 1989.23
496 1964.89 1989.23
497 1964.89 1989.23
498 1964.89 1989.23
499 1964.89 1989.23
500 1964.89 1989.23
501 1964.89 1989.23
502 1964.89 1989.23
503 1964.89 1989.23
504 1964.89 1989.23
505 1964.89 1989.23
506 1964.89 1989.23
507 1964.89 1989.23
508 1964.89 1989.23
509 1964.89 1989.23
510 1964.89 1989.23
511 1964.89 1989.23
512 1964.89 1989.23
513 1964.89 1989.23
514 1964.89 1989.23
515 1964.89 1989.23
516 1964.89 1989.23
517 1964.89 1989.23
518 1964.89 1989.23
519 1964.89 1989.23
520 1964.89 1989.23
521 1964.89 1989.23
522 1964.89 1989.23
523 1964.89 1989.23
524 1964.89 1989.23
525 1964.89 1989.23
526 1964.89 1989.23
527 1964.89 1989.23
528 1964.89 1989.23
529 1964.89 1989.23
530 1964.89 1989.23
531 1964.89 1989.23
532 1964.89 1989.23
533 1964.89 1989.23
534 1964.89 1989.23
535 1964.89 1989.23
536 1964.89 1989.23
537 1964.89 1989.23
538 1964.89 1989.23
539 1964.89 1989.23
540 1964.89 1989.23
541 1964.89 1989.23
542 1964.89 1989.23
543 1964.89 1989.23
544 1964.89 1989.23
545 1964.89 1989.23
546 1964.89 1989.23
547 1964.89 1989.23
548 1964.89 1989.23
549 1964.89 1989.23
550 1964.89 1989.23
551 1964.89 1989.23
552 1964.89 1989.23
553 1964.89 1989.23
554 1964.89 1989.23
555 1964.89 1989.23
556 1964.89 1989.23
557 1964.89 1989.23
558 1964.89 1989.23
559 1964.89 1989.23
560 1964.89 1989.23
561 1964.89 1989.23
562 1964.89 1989.23
563 1964.89 1989.23
564 1964.89 1989.23
565 1964.89 1989.23
566 1964.89 1989.23
567 1964.89 1989.23
568 1964.89 1989.23
569 1964.89 1989.23
570 1964.89 1989.23
571 1964.89 1989.23
572 1964.89 1989.23
573 1964.89 1989.23
574 1964.89 1989.23
575 1964.89 1989.23
576 1964.89 1989.23
577 1964.89 1989.23
578 1964.89 1989.23
579 1964.89 1989.23
580 1964.89 1989.23
581 1964.89 1989.23
582 1964.89 1989.23
583 1964.89 1989.23
584 1964.89 1989.23
585 1964.89 1989.23
586 1964.89 1989.23
587 1964.89 1989.23
588 1964.89 1989.23
589 1964.89 1989.23
590 1964.89 1989.23
591 1964.89 1989.23
592 1964.89 1989.23
593 1964.89 1989.23
594 1964.89 1989.23
595 1964.89 1989.23
596 1964.89 1989.23
597 1964.89 1989.23
598 1964.89 1989.23
599 1964.89 1989.23
600 1964.89 1989.23
601 1964.89 1989.23
602 1964.89 1989.23
603 1964.89 1989.23
604 1964.89 1989.23
605 1964.89 1989.23
606 1964.89 1989.23
607 1964.89 1989.23
608 1964.89 1989.23
609 1964.89 1989.23
610 1964.89 1989.23
611 1964.89 1989.23
612 1964.89 1989.23
613 1964.89 1989.23
614 1964.89 1989.23
615 1964.89 1989.23
616 1964.89 1989.23
617 1964.89 1989.23
618 1964.89 1989.23
619 1964.89 1989.23
620 1964.89 1989.23
621 1964.89 1989.23
622 1964.89 1989.23
623 1964.89 1989.23
624 1964.89 1989.23
625 1964.89 1989.23
626 1964.89 1989.23
627 1964.89 1989.23
628 1964.89 1989.23
629 1964.89 1989.23
630 1964.89 1989.23
631 1964.89 1989.23
632 1964.89 1989.23
633 1964.89 1989.23
634 1964.89 1989.23
635 1964.89 1989.23
636 1964.89 1989.23
637 1964.89 1989.23
638 1964.89 1989.23
639 1964.89 1989.23
640 1964.89 1989.23
641 1964.89 1989.23
642 1964.89 1989.23
643 1964.89 1989.23
644 1964.89 1989.23
645 1964.89 1989.23
646 1964.89 1989.23
647 1964.89 1989.23
648 1964.89 1989.23
649 1964.89 1989.23
650 1964.89 1989.23
651 1964.89 1989.23
652 1964.89 1989.23
653 1964.89 1989.23
654 1964.89 1989.23
655 1964.89 1989.23
656 1964.89 1989.23
657 1964.89 1989.23
658 1964.89 1989.23
659 1964.89 1989.23
660 1964.89 1989.23
661 1964.89 1989.23
662 1964.89 1989.23
663 1964.89 1989.23
664 1964.89 1989.23
665 1964.89 1989.23
666 1964.89 1989.23
667 1964.89 1989.23
668 1964.89 1989.23
669 1964.89 1989.23
670 1964.89 1989.23
671 1964.89 1989.23
672 1964.89 1989.23
673 1964.89 1989.23
674 1964.89 1989.23
675 1964.89 1989.23
676 1964.89 1989.23
677 1964.89 1989.23
678 1964.89 1989.23
679 1964.89 1989.23
680 1964.89 1989.23
681 1964.89 1989.23
682 1964.89 1989.23
683 1964.89 1989.23
684 1964.89 1989.23
685 1964.89 1989.23
686 1964.89 1989.23
687 1964.89 1989.23
688 1964.89 1989.23
689 1964.89 1989.23
690 1964.89 1989.23
691 1964.89 1989.23
692 1964.89 1989.23
693 1964.89 1989.23
694 1964.89 1989.23
695 1964.89 1989.23
696 1964.89 1989.23
697 1964.89 1989.23
698 1964.89 1989.23
699 1964.89 1989.23
700 1964.89 1989.23
701 1964.89 1989.23
702 1964.89 1989.23
703 1964.89 1989.23
704 1964.89 1989.23
705 1964.89 1989.23
706 1964.89 1989.23
707 1964.89 1989.23
708 1964.89 1989.23
709 1964.89 1989.23
710 1964.89 1989.23
711 1964.89 1989.23
712 1964.89 1989.23
713 1964.89 1989.23
714 1964.89 1989.23
715 1964.89 1989.23
716 1964.89 1989.23
717 1964.89 1989.23
718 1964.89 1989.23
719 1964.89 1989.23
720 1964.89 1989.23
721 1964.89 1989.23
722 1964.89 1989.23
723 1964.89 1989.23
724 1964.89 1989.23
725 1964.89 1989.23
726 1964.89 1989.23
727 1964.89 1989.23
728 1964.89 1989.23
729 1964.89 1989.23
730 1964.89 1989.23
731 1964.89 1989.23
732 1964.89 1989.23
733 1964.89 1989.23
734 1964.89 1989.23
735 1964.89 1989.23
736 1964.89 1989.23
737 1964.89 1989.23
738 1964.89 1989.23
739 1964.89 1989.23
740 1964.89 1989.23
741 1964.89 1989.23
742 1964.89 1989.23
743 1964.89 1989.23
744 1964.89 1989.23
745 1964.89 1989.23
746 1964.89 1989.23
747 1964.89 1989.23
748 1964.89 1989.23
749 1964.89 1989.23
750 1964.89 1989.23
751 1964.89 1989.23
752 1964.89 1989.23
753 1964.89 1989.23
754 1964.89 1989.23
755 1964.89 1989.23
756 1964.89 1989.23
757 1964.89 1989.23
758 1964.89 1989.23
759 1964.89 1989.23
760 1964.89 1989.23
761 1964.89 1989.23
762 1964.89 1989.23
763 1964.89 1989.23
764 1964.89 1989.23
765 1964.89 1989.23
766 1964.89 1989.23
767 1964.89 1989.23
768 1964.89 1989.23
769 1964.89 1989.23
770 1964.89 1989.23
771 1964.89 1989.23
772 1964.89 1989.23
773 1964.89 1989.23
774 1964.89 1989.23
775 1964.89 1989.23
776 1964.89 1989.23
777 1964.89 1989.23
778 1964.89 1989.23
779 1964.89 1989.23
780 1964.89 1989.23
781 1964.89 1989.23
782 1964.89 1989.23
783 1964.89 1989.23
784 1964.89 1989.23
785 1964.89 1989.23
786 1964.89 1989.23
787 1964.89 1989.23
788 1964.89 1989.23
789 1964.89 1989.23
790 1964.89 1989.23
791 1964.89 1989.23
792 1964.89 1989.23
793 1964.89 1989.23
794 1964.89 1989.23
795 1964.89 1989.23
796 1964.89 1989.23
797 1964.89 1989.23
798 1964.89 1989.23
799 1964.89 1989.23
800 1964.89 1989.23
801 1964.89 1989.23
802 1964.89 1989.23
803 1964.89 1989.23
804 1964.89 1989.23
805 1964.89 1989.23
806 1964.89 1989.23
807 1964.89 1989.23
808 1964.89 1989.23
809 1964.89 1989.23
810 1964.89 1989.23
811 1964.89 1989.23
812 1964.89 1989.23
813 1964.89 1989.23
814 1964.89 1989.23
815 1964.89 1989.23
816 1964.89 1989.23
817 1964.89 1989.23
818 1964.89 1989.23
819 1964.89 1989.23
820 1964.89 1989.23
821 1964.89 1989.23
822 1964.89 1989.23
823 1964.89 1989.23
824 1964.89 1989.23
825 1964.89 1989.23
826 1964.89 1989.23
827 1964.89 1989.23
828 1964.89 1989.23
829 1964.89 1989.23
830 1964.89 1989.23
831 1964.89 1989.23
832 1964.89 1989.23
833 1964.89 1989.23
834 1964.89 1989.23
835 1964.89 1989.23
836 1964.89 1989.23
837 1964.89 1989.23
838 1964.89 1989.23
839 1964.89 1989.23
840 1964.89 1989.23
841 1964.89 1989.23
842 1964.89 1989.23
843 1964.89 1989.23
844 1964.89 1989.23
845 1964.89 1989.23
846 1964.89 1989.23
847 1964.89 1989.23
848 1964.89 1989.23
849 1964.89 1989.23
850 1964.89 1989.23
851 1964.89 1989.23
852 1964.89 1989.23
853 1964.89 1989.23
854 1964.89 1989.23
855 1964.89 1989.23
856 1964.89 1989.23
857 1964.89 1989.23
858 1964.89 1989.23
859 1964.89 1989.23
860 1964.89 1989.23
861 1964.89 1989.23
862 1964.89 1989.23
863 1964.89 1989.23
864 1964.89 1989.23
865 1964.89 1989.23
866 1964.89 1989.23
867 1964.89 1989.23
868 1964.89 1989.23
869 1964.89 1989.23
870 1964.89 1989.23
871 1964.89 1989.23
872 1964.89 1989.23
873 1964.89 1989.23
874 1964.89 1989.23
875 1964.89 1989.23
876 1964.89 1989.23
877 1964.89 1989.23
878 1964.89 1989.23
879 1964.89 1989.23
880 1964.89 1989.23
881 1964.89 1989.23
882 1964.89 1989.23
883 1964.89 1989.23
884 1964.89 1989.23
885 1964.89 1989.23
886 1964.89 1989.23
887 1964.89 1989.23
888 1964.89 1989.23
889 1964.89 1989.23
890 1964.89 1989.23
891 1964.89 1989.23
892 1964.89 1989.23
893 1964.89 1989.23
894 1964.89 1989.23
895 1964.89 1989.23
896 1964.89 1989.23
897 1964.89 1989.23
898 1964.89 1989.23
899 1964.89 1989.23
900 1964.89 1989.23
901 1964.89 1989.23
902 1964.89 1989.23
903 1964.89 1989.23
904 1964.89 1989.23
905 1964.89 1989.23
906 1964.89 1989.23
907 1964.89 1989.23
908 1964.89 1989.23
909 1964.89 1989.23
910 1964.89 1989.23
911 1964.89 1989.23
912 1964.89 1989.23
913 1964.89 1989.23
914 1964.89 1989.23
915 1964.89 1989.23
916 1964.89 1989.23
917 1964.89 1989.23
918 1964.89 1989.23
919 1964.89 1989.23
920 1964.89 1989.23
921 1964.89 1989.23
922 1964.89 1989.23
923 1964.89 1989.23
924 1964.89 1989.23
925 1964.89 1989.23
926 1964.89 1989.23
927 1964.89 1989.23
928 1964.89 1989.23
929 1964.89 1989.23
930 1964.89 1989.23
931 1964.89 1989.23
932 1964.89 1989.23
933 1964.89 1989.23
934 1964.89 1989.23
935 1964.89 1989.23
936 1964.89 1989.23
937 1964.89 1989.23
938 1964.89 1989.23
939 1964.89 1989.23
940 1964.89 1989.23
941 1964.89 1989.23
942 1964.89 1989.23
943 1964.89 1989.23
944 1964.89 1989.23
945 1964.89 1989.23
946 1964.89 1989.23
947 1964.89 1989.23
948 1964.89 1989.23
949 1964.89 1989.23
950 1964.89 1989.23
951 1964.89 1989.23
952 1964.89 1989.23
953 1964.89 1989.23
954 1964.89 1989.23
955 1964.89 1989.23
956 1964.89 1989.23
957 1964.89 1989.23
958 1964.89 1989.23
959 1964.89 1989.23
960 1964.89 1989.23
961 1964.89 1989.23
962 1964.89 1989.23
963 1964.89 1989.23
964 1964.89 1989.23
965 1964.89 1989.23
966 1964.89 1989.23
967 1964.89 1989.23
968 1964.89 1989.23
969 1964.89 1989.23
970 1964.89 1989.23
971 1964.89 1989.23
972 1964.89 1989.23
973 1964.89 1989.23
974 1964.89 1989.23
975 1964.89 1989.23
976 1964.89 1989.23
977 1964.89 1989.23
978 1964.89 1989.23
979 1964.89 1989.23
980 1964.89 1989.23
981 1964.89 1989.23
982 1964.89 1989.23
983 1964.89 1989.23
984 1964.89 1989.23
985 1964.89 1989.23
986 1964.89 1989.23
987 1964.89 1989.23
988 1964.89 1989.23
989 1964.89 1989.23
990 1964.89 1989.23
991 1964.89 1989.23
992 1964.89 1989.23
993 1964.89 1989.23
994 1964.89 1989.23
995 1964.89 1989.23
996 1964.89 1989.23
997 1964.89 1989.23
998 1964.89 1989.23
999 1964.89 1989.23
