0 49065559 49065559 15.7483
1 48883178 48883178 15.7483
2 49117929 49117929 15.7483
3 48814900 48814900 15.7483
4 49214633 49214633 15.7483
5 49210502 49210502 15.7483
6 49085484 49085484 15.7483
7 49318742 49318742 15.7483
8 49384793 49384793 15.7483
9 49280767 49280767 15.7483
10 49306564 49306564 15.7483
11 49264004 49264004 15.7483
12 49260105 49260105 15.7483
13 47141731 47141731 15.7483
14 48910189 48910189 15.7483
15 49378215 49378215 15.7483
16 49259393 49259393 15.7483
17 48640383 48640383 15.7483
18 49415136 49415136 15.7483
19 45796545 45796545 15.7483
20 49268223 49268223 15.7483
21 48779045 48779045 15.7483
22 49407180 49407180 15.7483
23 48945412 48945412 15.7483
24 49172187 49172187 15.7483
25 49055380 49055380 15.7483
26 49175214 49175214 15.7483
27 49084058 49084058 15.7483
28 49347483 49347483 15.7483
29 49383595 49383595 15.7483
30 49332596 49332596 15.7483
31 48920386 48920386 15.7483
32 48842397 48842397 15.7483
33 49267381 49267381 15.7483
34 49204725 49204725 15.7483
35 49206685 49206685 15.7483
36 49379461 49379461 15.7483
37 48865990 48865990 15.7483
38 48627701 48627701 15.7483
39 49243768 49243768 15.7483
40 49329226 49329226 15.7483
41 49206167 49206167 15.7483
42 49023274 49023274 15.7483
43 49045781 49045781 15.7483
44 48893293 48893293 15.7483
45 49145658 49145658 15.7483
46 49105025 49105025 15.7483
47 48906405 48906405 15.7483
48 49389939 49389939 15.7483
49 49387102 49387102 15.7483
