0 105271260 105271260 10.2093
1 83587687 83587687 10.2093
2 98409925 98409925 10.2093
3 103325644 103325644 10.2093
4 98401304 98401304 10.2093
5 103314366 103314366 10.2093
6 97414004 97414004 10.2093
7 97410738 97410738 10.2093
8 105256932 105256932 10.2093
9 96431322 96431322 10.2093
10 97433938 97433938 10.2093
11 97384706 97384706 10.2093
12 94461330 94461330 10.2093
13 89531112 89531112 10.2093
14 84610702 84610702 10.2093
15 95436785 95436785 10.2093
16 98396214 98396214 10.2093
17 90525073 90525073 10.2093
18 97407330 97407330 10.2093
19 91511740 91511740 10.2093
20 104284044 104284044 10.2093
21 94471816 94471816 10.2093
22 105211601 105211601 10.2093
23 103303983 103303983 10.2093
24 103294576 103294576 10.2093
25 92500756 92500756 10.2093
26 106243497 106243497 10.2093
27 105282158 105282158 10.2093
28 98391937 98391937 10.2093
29 100381373 100381373 10.2093
30 90548795 90548795 10.2093
31 101327142 101327142 10.2093
32 98396405 98396405 10.2093
33 109204034 109204034 10.2093
34 102333519 102333519 10.2093
35 90520257 90520257 10.2093
36 107224100 107224100 10.2093
37 93461233 93461233 10.2093
38 100370159 100370159 10.2093
39 102326037 102326037 10.2093
40 116966919 116966919 10.2093
41 105301908 105301908 10.2093
42 99399135 99399135 10.2093
43 100389914 100389914 10.2093
44 108213103 108213103 10.2093
45 102341757 102341757 10.2093
46 100383710 100383710 10.2093
47 84598413 84598413 10.2093
48 92505068 92505068 10.2093
49 96435821 96435821 10.2093
