0 361.136 364.058
1 371.183 372.861
2 375.123 372.861
3 375.123 372.861
4 375.123 372.861
5 375.123 372.861
6 375.123 372.861
7 375.123 372.861
8 375.123 372.861
9 375.123 372.861
10 375.123 372.861
11 375.123 372.861
12 375.123 372.861
13 375.123 372.861
14 375.123 372.861
15 375.123 372.861
16 375.123 372.861
17 375.123 372.861
18 375.123 372.861
19 375.123 372.861
20 375.123 372.861
21 375.123 372.861
22 375.123 372.861
23 375.123 372.861
24 375.123 372.861
25 375.123 372.861
26 375.123 372.861
27 375.123 372.861
28 375.123 372.861
29 375.123 372.861
30 375.123 372.861
31 375.123 372.861
32 375.123 372.861
33 375.123 372.861
34 375.123 372.861
35 375.123 372.861
36 375.123 372.861
37 375.123 372.861
38 375.123 372.861
39 375.123 372.861
40 375.123 372.861
41 375.123 372.861
42 375.123 372.861
43 375.123 372.861
44 375.123 372.861
45 375.123 372.861
46 375.123 372.861
47 375.123 372.861
48 375.123 372.861
49 375.123 372.861
50 375.123 372.861
51 375.123 372.861
52 375.123 372.861
53 375.123 372.861
54 375.123 372.861
55 375.123 372.861
56 375.123 372.861
57 375.123 372.861
58 375.123 372.861
59 375.123 372.861
60 375.123 372.861
61 375.123 372.861
62 375.123 372.861
63 375.123 372.861
64 375.123 372.861
65 375.123 372.861
66 375.123 372.861
67 375.123 372.861
68 375.123 372.861
69 375.123 372.861
70 375.123 372.861
71 375.123 372.861
72 375.123 372.861
73 375.123 372.861
74 375.123 372.861
75 375.123 372.861
76 375.123 372.861
77 375.123 372.861
78 375.123 372.861
79 375.123 372.861
80 375.123 372.861
81 375.123 372.861
82 375.123 372.861
83 375.123 372.861
84 375.123 372.861
85 375.123 372.861
86 375.123 372.861
87 375.123 372.861
88 375.123 372.861
89 375.123 372.861
90 375.123 372.861
91 375.123 372.861
92 375.123 372.861
93 375.123 372.861
94 375.123 372.861
95 375.123 372.861
96 375.123 372.861
97 375.123 372.861
98 375.123 372.861
99 375.123 372.861
