0 359.243 365.68
1 365.558 370.796
2 365.68 370.796
3 370.52 370.796
4 372.605 370.796
5 372.605 370.796
6 372.605 370.796
7 372.605 370.796
8 372.605 370.796
9 372.605 370.796
10 372.605 370.796
11 372.605 370.796
12 372.605 370.796
13 372.605 370.796
14 372.605 370.796
15 372.605 370.796
16 372.605 370.796
17 372.605 370.796
18 372.605 370.796
19 372.605 370.796
20 372.605 370.796
21 372.605 370.796
22 372.605 370.796
23 372.605 370.796
24 372.605 370.796
25 372.605 370.796
26 372.605 370.796
27 372.605 370.796
28 372.605 370.796
29 372.605 370.796
30 372.605 370.796
31 372.605 370.796
32 372.605 370.796
33 372.605 370.796
34 372.605 370.796
35 372.605 370.796
36 372.605 370.796
37 372.605 370.796
38 372.605 370.796
39 372.605 370.796
40 372.605 370.796
41 372.605 370.796
42 372.605 370.796
43 372.605 370.796
44 372.605 370.796
45 372.605 370.796
46 372.605 370.796
47 372.605 370.796
48 372.605 370.796
49 372.605 370.796
50 372.605 370.796
51 372.605 370.796
52 372.605 370.796
53 372.605 370.796
54 372.605 370.796
55 372.605 370.796
56 372.605 370.796
57 372.605 370.796
58 372.605 370.796
59 372.605 370.796
60 372.605 370.796
61 372.605 370.796
62 372.605 370.796
63 372.605 370.796
64 372.605 370.796
65 372.605 370.796
66 372.605 370.796
67 372.605 370.796
68 372.605 370.796
69 372.605 370.796
70 372.605 370.796
71 372.605 370.796
72 372.605 370.796
73 372.605 370.796
74 372.605 370.796
75 372.605 370.796
76 372.605 370.796
77 372.605 370.796
78 372.605 370.796
79 372.605 370.796
80 372.605 370.796
81 372.605 370.796
82 372.605 370.796
83 372.605 370.796
84 372.605 370.796
85 372.605 370.796
86 372.605 370.796
87 372.605 370.796
88 372.605 370.796
89 372.605 370.796
90 372.605 370.796
91 372.605 370.796
92 372.605 370.796
93 372.605 370.796
94 372.605 370.796
95 372.605 370.796
96 372.605 370.796
97 372.605 370.796
98 372.605 370.796
99 372.605 370.796
