0 370.101 425.602
1 377.287 443.128
2 393.611 443.128
3 404.162 443.128
4 425.602 443.128
5 443.128 443.128
6 443.128 443.128
7 443.128 443.128
8 443.128 443.128
9 443.128 443.128
10 443.128 443.128
11 443.128 443.128
12 443.128 443.128
13 443.128 443.128
14 443.128 443.128
15 443.128 443.128
16 443.128 443.128
17 443.128 443.128
18 443.128 443.128
19 443.128 443.128
20 443.128 443.128
21 443.128 443.128
22 443.128 443.128
23 443.128 443.128
24 443.128 443.128
25 443.128 443.128
26 443.128 443.128
27 443.128 443.128
28 443.128 443.128
29 443.128 443.128
30 443.128 443.128
31 443.128 443.128
32 443.128 443.128
33 443.128 443.128
34 443.128 443.128
35 443.128 443.128
36 443.128 443.128
37 443.128 443.128
38 443.128 443.128
39 443.128 443.128
40 443.128 443.128
41 443.128 443.128
42 443.128 443.128
43 443.128 443.128
44 443.128 443.128
45 443.128 443.128
46 443.128 443.128
47 443.128 443.128
48 443.128 443.128
49 443.128 443.128
50 443.128 443.128
51 443.128 443.128
52 443.128 443.128
53 443.128 443.128
54 443.128 443.128
55 443.128 443.128
56 443.128 443.128
57 443.128 443.128
58 443.128 443.128
59 443.128 443.128
60 443.128 443.128
61 443.128 443.128
62 443.128 443.128
63 443.128 443.128
64 443.128 443.128
65 443.128 443.128
66 443.128 443.128
67 443.128 443.128
68 443.128 443.128
69 443.128 443.128
70 443.128 443.128
71 443.128 443.128
72 443.128 443.128
73 443.128 443.128
74 443.128 443.128
75 443.128 443.128
76 443.128 443.128
77 443.128 443.128
78 443.128 443.128
79 443.128 443.128
80 443.128 443.128
81 443.128 443.128
82 443.128 443.128
83 443.128 443.128
84 443.128 443.128
85 443.128 443.128
86 443.128 443.128
87 443.128 443.128
88 443.128 443.128
89 443.128 443.128
90 443.128 443.128
91 443.128 443.128
92 443.128 443.128
93 443.128 443.128
94 443.128 443.128
95 443.128 443.128
96 443.128 443.128
97 443.128 443.128
98 443.128 443.128
99 443.128 443.128
