0 856.034 976.437
1 941.501 1090.91
2 1014.53 1161.67
3 1029.33 1182.18
4 1030.05 1196.14
5 1030.61 1198.94
6 1066.66 1200.19
7 1076.75 1200.49
8 1083.03 1200.49
9 1090.78 1200.49
10 1090.96 1200.49
11 1112.66 1200.49
12 1118.64 1200.49
13 1120.37 1200.49
14 1130.22 1200.49
15 1150.72 1200.49
16 1151.4 1200.49
17 1156.92 1200.49
18 1161.79 1200.49
19 1162.22 1200.49
20 1172.24 1200.49
21 1182.31 1200.49
22 1188.77 1200.49
23 1191.77 1200.49
24 1192.5 1200.49
25 1192.5 1200.49
26 1192.5 1200.49
27 1192.5 1200.49
28 1192.5 1200.49
29 1192.5 1200.49
30 1192.5 1200.49
31 1192.5 1200.49
32 1192.5 1200.49
33 1192.5 1200.49
34 1192.5 1200.49
35 1192.5 1200.49
36 1192.5 1200.49
37 1192.5 1200.49
38 1192.5 1200.49
39 1192.5 1200.49
40 1192.5 1200.49
41 1192.5 1200.49
42 1192.5 1200.49
43 1192.5 1200.49
44 1192.5 1200.49
45 1192.5 1200.49
46 1192.5 1200.49
47 1192.5 1200.49
48 1192.5 1200.49
49 1192.5 1200.49
50 1192.5 1200.49
51 1192.5 1200.49
52 1192.5 1200.49
53 1192.5 1200.49
54 1192.5 1200.49
55 1192.5 1200.49
56 1192.5 1200.49
57 1192.5 1200.49
58 1192.5 1200.49
59 1192.5 1200.49
60 1192.5 1200.49
61 1192.5 1200.49
62 1192.5 1200.49
63 1192.5 1200.49
64 1192.5 1200.49
65 1192.5 1200.49
66 1192.5 1200.49
67 1192.5 1200.49
68 1192.5 1200.49
69 1192.5 1200.49
70 1192.5 1200.49
71 1192.5 1200.49
72 1192.5 1200.49
73 1192.5 1200.49
74 1192.5 1200.49
75 1192.5 1200.49
76 1192.5 1200.49
77 1192.5 1200.49
78 1192.5 1200.49
79 1192.5 1200.49
80 1192.5 1200.49
81 1192.5 1200.49
82 1192.5 1200.49
83 1192.5 1200.49
84 1192.5 1200.49
85 1192.5 1200.49
86 1192.5 1200.49
87 1192.5 1200.49
88 1192.5 1200.49
89 1192.5 1200.49
90 1192.5 1200.49
91 1192.5 1200.49
92 1192.5 1200.49
93 1192.5 1200.49
94 1192.5 1200.49
95 1192.5 1200.49
96 1192.5 1200.49
97 1192.5 1200.49
98 1192.5 1200.49
99 1192.5 1200.49
