0 849.055 974.512
1 862.064 1038.52
2 889.64 1064.72
3 906.978 1084.11
4 908.227 1091.09
5 941.463 1093.68
6 1004.71 1122.85
7 1024.11 1125.84
8 1024.96 1130.51
9 1032.62 1132
10 1034.34 1133.22
11 1044.06 1133.96
12 1052.71 1133.96
13 1055.79 1133.96
14 1063.64 1133.96
15 1083.2 1133.96
16 1085.9 1133.96
17 1087.65 1133.96
18 1088.9 1133.96
19 1088.9 1133.96
20 1088.9 1133.96
21 1088.9 1133.96
22 1088.9 1133.96
23 1088.9 1133.96
24 1088.9 1133.96
25 1088.9 1133.96
26 1088.9 1133.96
27 1088.9 1133.96
28 1088.9 1133.96
29 1088.9 1133.96
30 1088.9 1133.96
31 1088.9 1133.96
32 1088.9 1133.96
33 1088.9 1133.96
34 1088.9 1133.96
35 1088.9 1133.96
36 1088.9 1133.96
37 1088.9 1133.96
38 1088.9 1133.96
39 1088.9 1133.96
40 1088.9 1133.96
41 1088.9 1133.96
42 1088.9 1133.96
43 1088.9 1133.96
44 1088.9 1133.96
45 1088.9 1133.96
46 1088.9 1133.96
47 1088.9 1133.96
48 1088.9 1133.96
49 1088.9 1133.96
50 1088.9 1133.96
51 1088.9 1133.96
52 1088.9 1133.96
53 1088.9 1133.96
54 1088.9 1133.96
55 1088.9 1133.96
56 1088.9 1133.96
57 1088.9 1133.96
58 1088.9 1133.96
59 1088.9 1133.96
60 1088.9 1133.96
61 1088.9 1133.96
62 1088.9 1133.96
63 1088.9 1133.96
64 1088.9 1133.96
65 1088.9 1133.96
66 1088.9 1133.96
67 1088.9 1133.96
68 1088.9 1133.96
69 1088.9 1133.96
70 1088.9 1133.96
71 1088.9 1133.96
72 1088.9 1133.96
73 1088.9 1133.96
74 1088.9 1133.96
75 1088.9 1133.96
76 1088.9 1133.96
77 1088.9 1133.96
78 1088.9 1133.96
79 1088.9 1133.96
80 1088.9 1133.96
81 1088.9 1133.96
82 1088.9 1133.96
83 1088.9 1133.96
84 1088.9 1133.96
85 1088.9 1133.96
86 1088.9 1133.96
87 1088.9 1133.96
88 1088.9 1133.96
89 1088.9 1133.96
90 1088.9 1133.96
91 1088.9 1133.96
92 1088.9 1133.96
93 1088.9 1133.96
94 1088.9 1133.96
95 1088.9 1133.96
96 1088.9 1133.96
97 1088.9 1133.96
98 1088.9 1133.96
99 1088.9 1133.96
