0 1677.74 1704.56
1 1695.73 1727.88
2 1728.08 1728.92
3 1741.02 1754.54
4 1748.36 1754.54
5 1753.22 1754.54
6 1755.81 1754.54
7 1779.64 1754.54
8 1781.69 1754.54
9 1781.69 1754.54
10 1781.69 1754.54
11 1781.69 1754.54
12 1781.69 1754.54
13 1781.69 1754.54
14 1781.69 1754.54
15 1781.69 1754.54
16 1781.69 1754.54
17 1781.69 1754.54
18 1781.69 1754.54
19 1781.69 1754.54
20 1781.69 1754.54
21 1781.69 1754.54
22 1781.69 1754.54
23 1781.69 1754.54
24 1781.69 1754.54
25 1781.69 1754.54
26 1781.69 1754.54
27 1781.69 1754.54
28 1781.69 1754.54
29 1781.69 1754.54
30 1781.69 1754.54
31 1781.69 1754.54
32 1781.69 1754.54
33 1781.69 1754.54
34 1781.69 1754.54
35 1781.69 1754.54
36 1781.69 1754.54
37 1781.69 1754.54
38 1781.69 1754.54
39 1781.69 1754.54
40 1781.69 1754.54
41 1781.69 1754.54
42 1781.69 1754.54
43 1781.69 1754.54
44 1781.69 1754.54
45 1781.69 1754.54
46 1781.69 1754.54
47 1781.69 1754.54
48 1781.69 1754.54
49 1781.69 1754.54
50 1781.69 1754.54
51 1781.69 1754.54
52 1781.69 1754.54
53 1781.69 1754.54
54 1781.69 1754.54
55 1781.69 1754.54
56 1781.69 1754.54
57 1781.69 1754.54
58 1781.69 1754.54
59 1781.69 1754.54
60 1781.69 1754.54
61 1781.69 1754.54
62 1781.69 1754.54
63 1781.69 1754.54
64 1781.69 1754.54
65 1781.69 1754.54
66 1781.69 1754.54
67 1781.69 1754.54
68 1781.69 1754.54
69 1781.69 1754.54
70 1781.69 1754.54
71 1781.69 1754.54
72 1781.69 1754.54
73 1781.69 1754.54
74 1781.69 1754.54
75 1781.69 1754.54
76 1781.69 1754.54
77 1781.69 1754.54
78 1781.69 1754.54
79 1781.69 1754.54
80 1781.69 1754.54
81 1781.69 1754.54
82 1781.69 1754.54
83 1781.69 1754.54
84 1781.69 1754.54
85 1781.69 1754.54
86 1781.69 1754.54
87 1781.69 1754.54
88 1781.69 1754.54
89 1781.69 1754.54
90 1781.69 1754.54
91 1781.69 1754.54
92 1781.69 1754.54
93 1781.69 1754.54
94 1781.69 1754.54
95 1781.69 1754.54
96 1781.69 1754.54
97 1781.69 1754.54
98 1781.69 1754.54
99 1781.69 1754.54
