0 518.226 686.056
1 526.295 729.854
2 554.657 751.91
3 600.529 767.212
4 701.059 776.5
5 703.164 786.275
6 731.066 793.834
7 734.426 794.803
8 738.201 794.803
9 740.563 794.803
10 740.867 794.803
11 757.557 794.803
12 781.692 794.803
13 784.028 794.803
14 801.529 794.803
15 801.568 794.803
16 801.759 794.803
17 801.759 794.803
18 801.759 794.803
19 801.759 794.803
20 801.759 794.803
21 801.759 794.803
22 801.759 794.803
23 801.759 794.803
24 801.759 794.803
25 801.759 794.803
26 801.759 794.803
27 801.759 794.803
28 801.759 794.803
29 801.759 794.803
30 801.759 794.803
31 801.759 794.803
32 801.759 794.803
33 801.759 794.803
34 801.759 794.803
35 801.759 794.803
36 801.759 794.803
37 801.759 794.803
38 801.759 794.803
39 801.759 794.803
40 801.759 794.803
41 801.759 794.803
42 801.759 794.803
43 801.759 794.803
44 801.759 794.803
45 801.759 794.803
46 801.759 794.803
47 801.759 794.803
48 801.759 794.803
49 801.759 794.803
50 801.759 794.803
51 801.759 794.803
52 801.759 794.803
53 801.759 794.803
54 801.759 794.803
55 801.759 794.803
56 801.759 794.803
57 801.759 794.803
58 801.759 794.803
59 801.759 794.803
60 801.759 794.803
61 801.759 794.803
62 801.759 794.803
63 801.759 794.803
64 801.759 794.803
65 801.759 794.803
66 801.759 794.803
67 801.759 794.803
68 801.759 794.803
69 801.759 794.803
70 801.759 794.803
71 801.759 794.803
72 801.759 794.803
73 801.759 794.803
74 801.759 794.803
75 801.759 794.803
76 801.759 794.803
77 801.759 794.803
78 801.759 794.803
79 801.759 794.803
80 801.759 794.803
81 801.759 794.803
82 801.759 794.803
83 801.759 794.803
84 801.759 794.803
85 801.759 794.803
86 801.759 794.803
87 801.759 794.803
88 801.759 794.803
89 801.759 794.803
90 801.759 794.803
91 801.759 794.803
92 801.759 794.803
93 801.759 794.803
94 801.759 794.803
95 801.759 794.803
96 801.759 794.803
97 801.759 794.803
98 801.759 794.803
99 801.759 794.803
