0 813.727 855.186
1 818.236 881.641
2 822.019 895.505
3 850.839 905.879
4 855.686 905.879
5 875.362 905.879
6 875.781 905.879
7 892.093 905.879
8 895.659 905.879
9 896.221 905.879
10 896.254 905.879
11 899.158 905.879
12 901.41 905.879
13 901.441 905.879
14 905.495 905.879
15 927.45 905.879
16 928.274 905.879
17 934.08 905.879
18 934.08 905.879
19 934.08 905.879
20 934.08 905.879
21 934.08 905.879
22 934.08 905.879
23 934.08 905.879
24 934.08 905.879
25 934.08 905.879
26 934.08 905.879
27 934.08 905.879
28 934.08 905.879
29 934.08 905.879
30 934.08 905.879
31 934.08 905.879
32 934.08 905.879
33 934.08 905.879
34 934.08 905.879
35 934.08 905.879
36 934.08 905.879
37 934.08 905.879
38 934.08 905.879
39 934.08 905.879
40 934.08 905.879
41 934.08 905.879
42 934.08 905.879
43 934.08 905.879
44 934.08 905.879
45 934.08 905.879
46 934.08 905.879
47 934.08 905.879
48 934.08 905.879
49 934.08 905.879
50 934.08 905.879
51 934.08 905.879
52 934.08 905.879
53 934.08 905.879
54 934.08 905.879
55 934.08 905.879
56 934.08 905.879
57 934.08 905.879
58 934.08 905.879
59 934.08 905.879
60 934.08 905.879
61 934.08 905.879
62 934.08 905.879
63 934.08 905.879
64 934.08 905.879
65 934.08 905.879
66 934.08 905.879
67 934.08 905.879
68 934.08 905.879
69 934.08 905.879
70 934.08 905.879
71 934.08 905.879
72 934.08 905.879
73 934.08 905.879
74 934.08 905.879
75 934.08 905.879
76 934.08 905.879
77 934.08 905.879
78 934.08 905.879
79 934.08 905.879
80 934.08 905.879
81 934.08 905.879
82 934.08 905.879
83 934.08 905.879
84 934.08 905.879
85 934.08 905.879
86 934.08 905.879
87 934.08 905.879
88 934.08 905.879
89 934.08 905.879
90 934.08 905.879
91 934.08 905.879
92 934.08 905.879
93 934.08 905.879
94 934.08 905.879
95 934.08 905.879
96 934.08 905.879
97 934.08 905.879
98 934.08 905.879
99 934.08 905.879
