0 4573.7 4761.43
1 4667.01 4931.1
2 4686.38 5047.98
3 4689.03 5126.56
4 4732.64 5204.93
5 4797.57 5274.83
6 4810.44 5341.89
7 4913.85 5393.52
8 4937.83 5441.81
9 5015.64 5478.46
10 5044.95 5506.87
11 5079.32 5533.07
12 5102.75 5546.97
13 5103.29 5554.65
14 5130.23 5563.76
15 5135.91 5581.06
16 5155.66 5628.78
17 5194.64 5631.87
18 5201.06 5631.87
19 5224.13 5647.18
20 5228.45 5647.18
21 5243.05 5651.95
22 5290.25 5654.62
23 5295.39 5654.62
24 5306.62 5654.62
25 5312.81 5654.62
26 5343.91 5654.62
27 5356.05 5654.62
28 5365.47 5654.62
29 5386.54 5654.62
30 5399.08 5654.62
31 5401.89 5654.62
32 5407.58 5654.62
33 5429.63 5654.62
34 5453.33 5654.62
35 5453.44 5654.62
36 5478.94 5654.62
37 5506.48 5654.62
38 5521.98 5654.62
39 5525.56 5654.62
40 5525.82 5654.62
41 5542.54 5654.62
42 5549.24 5654.62
43 5552.29 5654.62
44 5552.69 5654.62
45 5562.32 5654.62
46 5562.32 5654.62
47 5564.79 5654.62
48 5564.79 5654.62
49 5564.79 5654.62
50 5564.79 5654.62
51 5564.79 5654.62
52 5564.79 5654.62
53 5564.79 5654.62
54 5564.79 5654.62
55 5564.79 5654.62
56 5564.79 5654.62
57 5564.79 5654.62
58 5564.79 5654.62
59 5564.79 5654.62
60 5564.79 5654.62
61 5564.79 5654.62
62 5564.79 5654.62
63 5564.79 5654.62
64 5564.79 5654.62
65 5564.79 5654.62
66 5564.79 5654.62
67 5564.79 5654.62
68 5564.79 5654.62
69 5564.79 5654.62
70 5564.79 5654.62
71 5564.79 5654.62
72 5564.79 5654.62
73 5564.79 5654.62
74 5564.79 5654.62
75 5564.79 5654.62
76 5564.79 5654.62
77 5564.79 5654.62
78 5564.79 5654.62
79 5564.79 5654.62
80 5564.79 5654.62
81 5564.79 5654.62
82 5564.79 5654.62
83 5564.79 5654.62
84 5564.79 5654.62
85 5564.79 5654.62
86 5564.79 5654.62
87 5564.79 5654.62
88 5564.79 5654.62
89 5564.79 5654.62
90 5564.79 5654.62
91 5564.79 5654.62
92 5564.79 5654.62
93 5564.79 5654.62
94 5564.79 5654.62
95 5564.79 5654.62
96 5564.79 5654.62
97 5564.79 5654.62
98 5564.79 5654.62
99 5564.79 5654.62
