0 4612 4733.13
1 4638.22 4878.73
2 4643.29 5016.33
3 4696.5 5106.87
4 4704.63 5199.6
5 4740.98 5280.97
6 4761.54 5345.96
7 4770.54 5418.31
8 4783.43 5466.58
9 4790.57 5509.19
10 4811.78 5535.68
11 4836.93 5557.54
12 4845.98 5594.22
13 4890.8 5619.68
14 4898.35 5657.45
15 4908.12 5669.21
16 4910.94 5687.41
17 4931.71 5692.68
18 5020.11 5692.68
19 5030.32 5694.11
20 5031.12 5703.35
21 5043.58 5707.14
22 5083.86 5720.53
23 5102.86 5732.1
24 5108.32 5734.34
25 5147.7 5734.34
26 5149.69 5734.34
27 5175.84 5734.34
28 5210.46 5734.34
29 5211.96 5734.34
30 5219.72 5734.34
31 5246.25 5734.34
32 5267.88 5734.34
33 5276.44 5734.34
34 5301.56 5734.34
35 5303.49 5734.34
36 5340.14 5734.34
37 5359.85 5734.34
38 5369.09 5734.34
39 5401.65 5734.34
40 5403.59 5734.34
41 5421.02 5734.34
42 5429.7 5734.34
43 5458.3 5734.34
44 5488.76 5734.34
45 5504.18 5734.34
46 5513.81 5734.34
47 5520.24 5734.34
48 5522.75 5734.34
49 5549.96 5734.34
50 5551.12 5734.34
51 5572.21 5734.34
52 5579.21 5734.34
53 5596.59 5734.34
54 5614.3 5734.34
55 5643.76 5734.34
56 5645.87 5734.34
57 5660.72 5734.34
58 5695.15 5734.34
59 5698.7 5734.34
60 5707.03 5734.34
61 5712.07 5734.34
62 5731.75 5734.34
63 5737.84 5734.34
64 5737.84 5734.34
65 5740.58 5734.34
66 5758.31 5734.34
67 5758.31 5734.34
68 5758.31 5734.34
69 5758.31 5734.34
70 5758.31 5734.34
71 5758.31 5734.34
72 5758.31 5734.34
73 5758.31 5734.34
74 5758.31 5734.34
75 5758.31 5734.34
76 5758.31 5734.34
77 5758.31 5734.34
78 5758.31 5734.34
79 5758.31 5734.34
80 5758.31 5734.34
81 5758.31 5734.34
82 5758.31 5734.34
83 5758.31 5734.34
84 5758.31 5734.34
85 5758.31 5734.34
86 5758.31 5734.34
87 5758.31 5734.34
88 5758.31 5734.34
89 5758.31 5734.34
90 5758.31 5734.34
91 5758.31 5734.34
