0 4595.57 4687.86
1 4662.67 4780.38
2 4677.65 4848.49
3 4695.25 4911.53
4 4721.07 4956.09
5 4727.4 5000.46
6 4740.71 5030.28
7 4751.6 5065.54
8 4758.09 5091.62
9 4780.81 5115.7
10 4784.58 5159.23
11 4816.48 5177.8
12 4870.58 5191.68
13 4882.76 5213.44
14 4902.64 5225.14
15 4914.87 5236.1
16 4919.66 5238.24
17 4948.98 5246.19
18 4949.59 5247.84
19 4964.26 5253.46
20 4981.24 5260.42
21 4995.19 5267.32
22 5015.73 5272.35
23 5017.81 5272.35
24 5017.89 5272.35
25 5025.62 5272.35
26 5025.98 5272.35
27 5036.24 5272.35
28 5037.53 5272.35
29 5046.19 5272.35
30 5076.99 5272.35
31 5096.64 5272.35
32 5097.7 5272.35
33 5120.97 5272.35
34 5122.31 5272.35
35 5128.44 5272.35
36 5131.54 5272.35
37 5182.06 5272.35
38 5201.02 5272.35
39 5209.2 5272.35
40 5221.42 5272.35
41 5224.53 5272.35
42 5225.99 5272.35
43 5229.57 5272.35
44 5258.31 5272.35
45 5299.73 5272.35
46 5306.06 5272.35
47 5323.64 5272.35
48 5323.64 5272.35
49 5323.64 5272.35
50 5323.64 5272.35
51 5323.64 5272.35
52 5323.64 5272.35
53 5323.64 5272.35
54 5323.64 5272.35
55 5323.64 5272.35
56 5323.64 5272.35
57 5323.64 5272.35
58 5323.64 5272.35
59 5323.64 5272.35
60 5323.64 5272.35
61 5323.64 5272.35
62 5323.64 5272.35
63 5323.64 5272.35
64 5323.64 5272.35
65 5323.64 5272.35
66 5323.64 5272.35
67 5323.64 5272.35
68 5323.64 5272.35
69 5323.64 5272.35
70 5323.64 5272.35
71 5323.64 5272.35
72 5323.64 5272.35
73 5323.64 5272.35
74 5323.64 5272.35
75 5323.64 5272.35
76 5323.64 5272.35
77 5323.64 5272.35
78 5323.64 5272.35
79 5323.64 5272.35
80 5323.64 5272.35
81 5323.64 5272.35
82 5323.64 5272.35
83 5323.64 5272.35
84 5323.64 5272.35
85 5323.64 5272.35
86 5323.64 5272.35
87 5323.64 5272.35
88 5323.64 5272.35
89 5323.64 5272.35
90 5323.64 5272.35
91 5323.64 5272.35
92 5323.64 5272.35
93 5323.64 5272.35
94 5323.64 5272.35
95 5323.64 5272.35
96 5323.64 5272.35
97 5323.64 5272.35
98 5323.64 5272.35
99 5323.64 5272.35
