0 6206.03 6325.42
1 6237.94 6470.94
2 6345.81 6606.48
3 6373.31 6718.38
4 6390.39 6826.25
5 6395.82 6898.54
6 6435.76 6986.17
7 6480.7 7057.38
8 6556.94 7119.5
9 6602.94 7178.68
10 6614.65 7218.2
11 6617.47 7258.8
12 6640.59 7293.27
13 6666.29 7303.57
14 6669.92 7354.24
15 6691.28 7360.75
16 6699.52 7375.07
17 6722.76 7403.45
18 6735.27 7416.62
19 6779.76 7421.05
20 6791.09 7423.62
21 6840.33 7446.86
22 6852.19 7446.86
23 6908.37 7456.5
24 6923.14 7477.29
25 6934.96 7477.29
26 6950.86 7477.29
27 6994.7 7477.29
28 7030.14 7477.29
29 7069.79 7477.29
30 7082.8 7477.29
31 7098.06 7477.29
32 7103.36 7477.29
33 7109.6 7477.29
34 7154.48 7477.29
35 7199.15 7477.29
36 7215.2 7477.29
37 7232.03 7477.29
38 7240.07 7477.29
39 7269.4 7477.29
40 7296.13 7477.29
41 7301.74 7477.29
42 7308.48 7477.29
43 7316.02 7477.29
44 7326.51 7477.29
45 7331.95 7477.29
46 7343.01 7477.29
47 7352.3 7477.29
48 7359.63 7477.29
49 7364.07 7477.29
50 7366.23 7477.29
51 7368.61 7477.29
52 7376.31 7477.29
53 7384.29 7477.29
54 7384.88 7477.29
55 7394.54 7477.29
56 7397.96 7477.29
57 7406.95 7477.29
58 7422.46 7477.29
59 7422.46 7477.29
60 7422.46 7477.29
61 7422.46 7477.29
62 7422.46 7477.29
63 7422.46 7477.29
64 7422.46 7477.29
65 7422.46 7477.29
66 7422.46 7477.29
67 7422.46 7477.29
68 7422.46 7477.29
69 7422.46 7477.29
70 7422.46 7477.29
71 7422.46 7477.29
72 7422.46 7477.29
73 7422.46 7477.29
74 7422.46 7477.29
75 7422.46 7477.29
76 7422.46 7477.29
77 7422.46 7477.29
78 7422.46 7477.29
79 7422.46 7477.29
80 7422.46 7477.29
81 7422.46 7477.29
82 7422.46 7477.29
83 7422.46 7477.29
84 7422.46 7477.29
85 7422.46 7477.29
86 7422.46 7477.29
87 7422.46 7477.29
88 7422.46 7477.29
89 7422.46 7477.29
90 7422.46 7477.29
91 7422.46 7477.29
92 7422.46 7477.29
93 7422.46 7477.29
94 7422.46 7477.29
95 7422.46 7477.29
96 7422.46 7477.29
97 7422.46 7477.29
98 7422.46 7477.29
99 7422.46 7477.29
