0 1084.61 1106.54
1 1094.28 1160.9
2 1130.04 1160.9
3 1142.35 1160.9
4 1148.06 1160.9
5 1148.06 1160.9
6 1148.06 1160.9
7 1148.06 1160.9
8 1148.06 1160.9
9 1148.06 1160.9
10 1148.06 1160.9
11 1148.06 1160.9
12 1148.06 1160.9
13 1148.06 1160.9
14 1148.06 1160.9
15 1148.06 1160.9
16 1148.06 1160.9
17 1148.06 1160.9
18 1148.06 1160.9
19 1148.06 1160.9
20 1148.06 1160.9
21 1148.06 1160.9
22 1148.06 1160.9
23 1148.06 1160.9
24 1148.06 1160.9
25 1148.06 1160.9
26 1148.06 1160.9
27 1148.06 1160.9
28 1148.06 1160.9
29 1148.06 1160.9
30 1148.06 1160.9
31 1148.06 1160.9
32 1148.06 1160.9
33 1148.06 1160.9
34 1148.06 1160.9
35 1148.06 1160.9
36 1148.06 1160.9
37 1148.06 1160.9
38 1148.06 1160.9
39 1148.06 1160.9
40 1148.06 1160.9
41 1148.06 1160.9
42 1148.06 1160.9
43 1148.06 1160.9
44 1148.06 1160.9
45 1148.06 1160.9
46 1148.06 1160.9
47 1148.06 1160.9
48 1148.06 1160.9
49 1148.06 1160.9
50 1148.06 1160.9
51 1148.06 1160.9
52 1148.06 1160.9
53 1148.06 1160.9
54 1148.06 1160.9
55 1148.06 1160.9
56 1148.06 1160.9
57 1148.06 1160.9
58 1148.06 1160.9
59 1148.06 1160.9
60 1148.06 1160.9
61 1148.06 1160.9
62 1148.06 1160.9
63 1148.06 1160.9
64 1148.06 1160.9
65 1148.06 1160.9
66 1148.06 1160.9
67 1148.06 1160.9
68 1148.06 1160.9
69 1148.06 1160.9
70 1148.06 1160.9
71 1148.06 1160.9
72 1148.06 1160.9
73 1148.06 1160.9
74 1148.06 1160.9
75 1148.06 1160.9
76 1148.06 1160.9
77 1148.06 1160.9
78 1148.06 1160.9
79 1148.06 1160.9
80 1148.06 1160.9
81 1148.06 1160.9
82 1148.06 1160.9
83 1148.06 1160.9
84 1148.06 1160.9
85 1148.06 1160.9
86 1148.06 1160.9
87 1148.06 1160.9
88 1148.06 1160.9
89 1148.06 1160.9
90 1148.06 1160.9
91 1148.06 1160.9
92 1148.06 1160.9
93 1148.06 1160.9
94 1148.06 1160.9
95 1148.06 1160.9
96 1148.06 1160.9
97 1148.06 1160.9
98 1148.06 1160.9
99 1148.06 1160.9
