0 1053.83 1063.91
1 1062.53 1078.42
2 1079.75 1086.66
3 1086.61 1086.66
4 1088.8 1086.66
5 1088.8 1086.66
6 1088.8 1086.66
7 1088.8 1086.66
8 1088.8 1086.66
9 1088.8 1086.66
10 1088.8 1086.66
11 1088.8 1086.66
12 1088.8 1086.66
13 1088.8 1086.66
14 1088.8 1086.66
15 1088.8 1086.66
16 1088.8 1086.66
17 1088.8 1086.66
18 1088.8 1086.66
19 1088.8 1086.66
20 1088.8 1086.66
21 1088.8 1086.66
22 1088.8 1086.66
23 1088.8 1086.66
24 1088.8 1086.66
25 1088.8 1086.66
26 1088.8 1086.66
27 1088.8 1086.66
28 1088.8 1086.66
29 1088.8 1086.66
30 1088.8 1086.66
31 1088.8 1086.66
32 1088.8 1086.66
33 1088.8 1086.66
34 1088.8 1086.66
35 1088.8 1086.66
36 1088.8 1086.66
37 1088.8 1086.66
38 1088.8 1086.66
39 1088.8 1086.66
40 1088.8 1086.66
41 1088.8 1086.66
42 1088.8 1086.66
43 1088.8 1086.66
44 1088.8 1086.66
45 1088.8 1086.66
46 1088.8 1086.66
47 1088.8 1086.66
48 1088.8 1086.66
49 1088.8 1086.66
50 1088.8 1086.66
51 1088.8 1086.66
52 1088.8 1086.66
53 1088.8 1086.66
54 1088.8 1086.66
55 1088.8 1086.66
56 1088.8 1086.66
57 1088.8 1086.66
58 1088.8 1086.66
59 1088.8 1086.66
60 1088.8 1086.66
61 1088.8 1086.66
62 1088.8 1086.66
63 1088.8 1086.66
64 1088.8 1086.66
65 1088.8 1086.66
66 1088.8 1086.66
67 1088.8 1086.66
68 1088.8 1086.66
69 1088.8 1086.66
70 1088.8 1086.66
71 1088.8 1086.66
72 1088.8 1086.66
73 1088.8 1086.66
74 1088.8 1086.66
75 1088.8 1086.66
76 1088.8 1086.66
77 1088.8 1086.66
78 1088.8 1086.66
79 1088.8 1086.66
80 1088.8 1086.66
81 1088.8 1086.66
82 1088.8 1086.66
83 1088.8 1086.66
84 1088.8 1086.66
85 1088.8 1086.66
86 1088.8 1086.66
87 1088.8 1086.66
88 1088.8 1086.66
89 1088.8 1086.66
90 1088.8 1086.66
91 1088.8 1086.66
92 1088.8 1086.66
93 1088.8 1086.66
94 1088.8 1086.66
95 1088.8 1086.66
96 1088.8 1086.66
97 1088.8 1086.66
98 1088.8 1086.66
99 1088.8 1086.66
