0 2231 2231 0.00695653
1 2231 2231 0.00695653
2 2231 2231 0.00695653
3 2231 2231 0.00695653
4 2231 2231 0.00695653
5 2231 2231 0.00695653
6 2231 2231 0.00695653
7 2231 2231 0.00695653
8 2231 2231 0.00695653
9 2231 2231 0.00695653
10 2231 2231 0.00695653
11 2231 2231 0.00695653
12 2231 2231 0.00695653
13 2231 2231 0.00695653
14 2231 2231 0.00695653
15 2231 2231 0.00695653
16 2231 2231 0.00695653
17 2231 2231 0.00695653
18 2231 2231 0.00695653
19 1940 1940 0.00695653
20 2231 2231 0.00695653
21 2231 2231 0.00695653
22 2231 2231 0.00695653
23 2231 2231 0.00695653
24 2231 2231 0.00695653
25 2231 2231 0.00695653
26 2231 2231 0.00695653
27 2231 2231 0.00695653
28 2231 2231 0.00695653
29 2193 2231 0.00695653
30 2231 2231 0.00695653
31 2231 2231 0.00695653
32 2231 2231 0.00695653
33 2231 2231 0.00695653
34 2231 2231 0.00695653
35 2231 2231 0.00695653
36 2231 2231 0.00695653
37 2231 2231 0.00695653
38 1940 1940 0.00695653
39 2231 2231 0.00695653
40 2231 2231 0.00695653
41 2231 2231 0.00695653
42 2231 2231 0.00695653
43 2231 2231 0.00695653
44 2231 2231 0.00695653
45 2231 2231 0.00695653
46 2231 2231 0.00695653
47 2231 2231 0.00695653
48 2231 2231 0.00695653
49 2231 2231 0.00695653
