0 9943 9943 0.0843867
1 9943 9943 0.0843867
2 9943 9943 0.0843867
3 19702 19702 0.0843867
4 9943 9943 0.0843867
5 19702 19702 0.0843867
6 9943 9943 0.0843867
7 9943 9943 0.0843867
8 9943 9943 0.0843867
9 9943 9943 0.0843867
10 9943 9943 0.0843867
11 9943 9943 0.0843867
12 19702 19702 0.0843867
13 9943 9943 0.0843867
14 19702 19702 0.0843867
15 29158 29158 0.0843867
16 19702 19702 0.0843867
17 9943 9943 0.0843867
18 29158 29158 0.0843867
19 64031 64210 0.0843867
20 9943 9943 0.0843867
21 9943 9943 0.0843867
22 9943 9943 0.0843867
23 9943 9943 0.0843867
24 9943 9943 0.0843867
25 19702 19702 0.0843867
26 9943 9943 0.0843867
27 9943 9943 0.0843867
28 9943 9943 0.0843867
29 19702 19702 0.0843867
30 29158 29158 0.0843867
31 19702 19702 0.0843867
32 19702 19702 0.0843867
33 29158 29158 0.0843867
34 9943 9943 0.0843867
35 19702 19702 0.0843867
36 19702 19702 0.0843867
37 9943 9943 0.0843867
38 9943 9943 0.0843867
39 29158 29158 0.0843867
40 9943 9943 0.0843867
41 9943 9943 0.0843867
42 29158 29158 0.0843867
43 19702 19702 0.0843867
44 9943 9943 0.0843867
45 38425 38425 0.0843867
46 29158 29158 0.0843867
47 9943 9943 0.0843867
48 9943 9943 0.0843867
49 29158 29158 0.0843867
