0 396.085 396.085
1 396.085 396.085
2 396.085 396.085
3 396.085 396.085
4 396.085 396.085
5 396.085 396.085
6 396.085 396.085
7 396.085 396.085
8 396.085 396.085
9 396.085 396.085
10 396.085 396.085
11 396.085 396.085
12 396.085 396.085
13 396.085 396.085
14 396.085 396.085
15 396.085 396.085
16 396.085 396.085
17 396.085 396.085
18 396.085 396.085
19 396.085 396.085
20 396.085 396.085
21 396.085 396.085
22 396.085 396.085
23 396.085 396.085
24 396.085 396.085
25 396.085 396.085
26 396.085 396.085
27 396.085 396.085
28 396.085 396.085
29 396.085 396.085
30 396.085 396.085
31 396.085 396.085
32 396.085 396.085
33 396.085 396.085
34 396.085 396.085
35 396.085 396.085
36 396.085 396.085
37 396.085 396.085
38 396.085 396.085
39 396.085 396.085
40 396.085 396.085
41 396.085 396.085
42 396.085 396.085
43 396.085 396.085
44 396.085 396.085
45 396.085 396.085
46 396.085 396.085
47 396.085 396.085
48 396.085 396.085
49 396.085 396.085
50 396.085 396.085
51 396.085 396.085
52 396.085 396.085
53 396.085 396.085
54 396.085 396.085
55 396.085 396.085
56 396.085 396.085
57 396.085 396.085
58 396.085 396.085
59 396.085 396.085
60 396.085 396.085
61 396.085 396.085
62 396.085 396.085
63 396.085 396.085
64 396.085 396.085
65 396.085 396.085
66 396.085 396.085
67 396.085 396.085
68 396.085 396.085
69 396.085 396.085
70 396.085 396.085
71 396.085 396.085
72 396.085 396.085
73 396.085 396.085
74 396.085 396.085
75 396.085 396.085
76 396.085 396.085
77 396.085 396.085
78 396.085 396.085
79 396.085 396.085
80 396.085 396.085
81 396.085 396.085
82 396.085 396.085
83 396.085 396.085
84 396.085 396.085
85 396.085 396.085
86 396.085 396.085
87 396.085 396.085
88 396.085 396.085
89 396.085 396.085
90 396.085 396.085
91 396.085 396.085
92 396.085 396.085
93 396.085 396.085
94 396.085 396.085
95 396.085 396.085
96 396.085 396.085
97 396.085 396.085
98 396.085 396.085
99 396.085 396.085
