0 336.629
1 342.55
2 379.893
3 409.545
4 433.529
5 466.768
6 467.17
7 487.719
8 502.822
9 548.653
10 551.383
11 563.911
12 568.412
13 582.948
14 586.771
15 598.399
16 600.226
17 604.528
18 610.942
19 622.451
20 624.113
21 624.113
22 624.113
23 624.113
24 624.113
25 624.113
26 624.113
27 624.113
28 624.113
29 624.113
30 624.113
31 624.113
32 624.113
33 624.113
34 624.113
35 624.113
36 624.113
37 624.113
38 624.113
39 624.113
40 624.113
41 624.113
42 624.113
43 624.113
44 624.113
45 624.113
46 624.113
47 624.113
48 624.113
49 624.113
50 624.113
51 624.113
52 624.113
53 624.113
54 624.113
55 624.113
56 624.113
57 624.113
58 624.113
59 624.113
60 624.113
61 624.113
62 624.113
63 624.113
64 624.113
65 624.113
66 624.113
67 624.113
68 624.113
69 624.113
70 624.113
71 624.113
72 624.113
73 624.113
74 624.113
75 624.113
76 624.113
77 624.113
78 624.113
79 624.113
80 624.113
81 624.113
82 624.113
83 624.113
84 624.113
85 624.113
86 624.113
87 624.113
88 624.113
89 624.113
90 624.113
91 624.113
92 624.113
93 624.113
94 624.113
95 624.113
96 624.113
97 624.113
98 624.113
99 624.113
