0 1003.64
1 1013.02
2 1046.78
3 1075.12
4 1091.69
5 1095.39
6 1145.3
7 1174.59
8 1179.2
9 1224.84
10 1225.71
11 1244.35
12 1255.16
13 1282.23
14 1288.39
15 1303.07
16 1326.67
17 1332.24
18 1335.11
19 1347.44
20 1357.33
21 1384.05
22 1385.56
23 1394.17
24 1396.12
25 1402.1
26 1409.36
27 1413.23
28 1418.39
29 1419.98
30 1423.15
31 1427.75
32 1428.14
33 1428.14
34 1429.34
35 1438.17
36 1438.17
37 1438.17
38 1438.17
39 1438.17
40 1438.17
41 1438.17
42 1438.17
43 1438.17
44 1438.17
45 1438.17
46 1438.17
47 1438.17
48 1438.17
49 1438.17
50 1438.17
51 1438.17
52 1438.17
53 1438.17
54 1438.17
55 1438.17
56 1438.17
57 1438.17
58 1438.17
59 1438.17
60 1438.17
61 1438.17
62 1438.17
63 1438.17
64 1438.17
65 1438.17
66 1438.17
67 1438.17
68 1438.17
69 1438.17
70 1438.17
71 1438.17
72 1438.17
73 1438.17
74 1438.17
75 1438.17
76 1438.17
77 1438.17
78 1438.17
79 1438.17
80 1438.17
81 1438.17
82 1438.17
83 1438.17
84 1438.17
85 1438.17
86 1438.17
87 1438.17
88 1438.17
89 1438.17
90 1438.17
91 1438.17
92 1438.17
93 1438.17
94 1438.17
95 1438.17
96 1438.17
97 1438.17
98 1438.17
99 1438.17
