0 865.405
1 930.557
2 943.671
3 947.442
4 959.41
5 963.933
6 1035.23
7 1055.59
8 1087.24
9 1100.29
10 1101.3
11 1140.47
12 1146.94
13 1203.3
14 1215.52
15 1216.08
16 1231.53
17 1247.06
18 1274.62
19 1320.79
20 1324.17
21 1338.94
22 1342.09
23 1345.42
24 1360.01
25 1373.71
26 1375.54
27 1375.54
28 1375.54
29 1375.54
30 1375.54
31 1375.54
32 1375.54
33 1375.54
34 1375.54
35 1375.54
36 1375.54
37 1375.54
38 1375.54
39 1375.54
40 1375.54
41 1375.54
42 1375.54
43 1375.54
44 1375.54
45 1375.54
46 1375.54
47 1375.54
48 1375.54
49 1375.54
50 1375.54
51 1375.54
52 1375.54
53 1375.54
54 1375.54
55 1375.54
56 1375.54
57 1375.54
58 1375.54
59 1375.54
60 1375.54
61 1375.54
62 1375.54
63 1375.54
64 1375.54
65 1375.54
66 1375.54
67 1375.54
68 1375.54
69 1375.54
70 1375.54
71 1375.54
72 1375.54
73 1375.54
74 1375.54
75 1375.54
76 1375.54
77 1375.54
78 1375.54
79 1375.54
80 1375.54
81 1375.54
82 1375.54
83 1375.54
84 1375.54
85 1375.54
86 1375.54
87 1375.54
88 1375.54
89 1375.54
90 1375.54
91 1375.54
92 1375.54
93 1375.54
94 1375.54
95 1375.54
96 1375.54
97 1375.54
98 1375.54
99 1375.54
