0 1620.45
1 1659.46
2 1684.04
3 1689.84
4 1712.72
5 1718.65
6 1724.07
7 1728.08
8 1777.42
9 1820.88
10 1847.9
11 1862.7
12 1875.95
13 1882.66
14 1892.12
15 1910.33
16 1929.3
17 1932.41
18 1956.4
19 1967.1
20 1968.22
21 1977.87
22 1978.77
23 1979.01
24 2007.01
25 2018.01
26 2018.67
27 2024.41
28 2050.35
29 2053.37
30 2059.57
31 2064.3
32 2064.77
33 2069.79
34 2090.63
35 2095.99
36 2119.34
37 2126.47
38 2134.56
39 2134.56
40 2134.56
41 2134.56
42 2134.56
43 2134.56
44 2134.56
45 2134.56
46 2134.56
47 2134.56
48 2134.56
49 2134.56
50 2134.56
51 2134.56
52 2134.56
53 2134.56
54 2134.56
55 2134.56
56 2134.56
57 2134.56
58 2134.56
59 2134.56
60 2134.56
61 2134.56
62 2134.56
63 2134.56
64 2134.56
65 2134.56
66 2134.56
67 2134.56
68 2134.56
69 2134.56
70 2134.56
71 2134.56
72 2134.56
73 2134.56
74 2134.56
75 2134.56
76 2134.56
77 2134.56
78 2134.56
79 2134.56
80 2134.56
81 2134.56
82 2134.56
83 2134.56
84 2134.56
85 2134.56
86 2134.56
87 2134.56
88 2134.56
89 2134.56
90 2134.56
91 2134.56
92 2134.56
93 2134.56
94 2134.56
95 2134.56
96 2134.56
97 2134.56
98 2134.56
99 2134.56
