0 1715.09
1 1779.74
2 1782.62
3 1791.09
4 1874.56
5 1877.51
6 1895.17
7 1962.85
8 2018.72
9 2024.55
10 2033.34
11 2035.88
12 2038.67
13 2049.61
14 2061.64
15 2075.46
16 2079.38
17 2083.94
18 2085.14
19 2088.68
20 2093.12
21 2098.45
22 2100.17
23 2110.92
24 2112.54
25 2112.71
26 2126.1
27 2142.97
28 2143.93
29 2144.45
30 2145.52
31 2145.52
32 2145.52
33 2145.52
34 2145.52
35 2145.52
36 2145.52
37 2145.52
38 2145.52
39 2145.52
40 2145.52
41 2145.52
42 2145.52
43 2145.52
44 2145.52
45 2145.52
46 2145.52
47 2145.52
48 2145.52
49 2145.52
50 2145.52
51 2145.52
52 2145.52
53 2145.52
54 2145.52
55 2145.52
56 2145.52
57 2145.52
58 2145.52
59 2145.52
60 2145.52
61 2145.52
62 2145.52
63 2145.52
64 2145.52
65 2145.52
66 2145.52
67 2145.52
68 2145.52
69 2145.52
70 2145.52
71 2145.52
72 2145.52
73 2145.52
74 2145.52
75 2145.52
76 2145.52
77 2145.52
78 2145.52
79 2145.52
80 2145.52
81 2145.52
82 2145.52
83 2145.52
84 2145.52
85 2145.52
86 2145.52
87 2145.52
88 2145.52
89 2145.52
90 2145.52
91 2145.52
92 2145.52
93 2145.52
94 2145.52
95 2145.52
96 2145.52
97 2145.52
98 2145.52
99 2145.52
