0 596.465
1 683.654
2 729.967
3 755.418
4 804.831
5 815.752
6 839.311
7 840.323
8 862.762
9 869.776
10 891.878
11 894.081
12 903.407
13 904.284
14 905.55
15 911.169
16 936.542
17 959.676
18 975.643
19 1023.5
20 1037.65
21 1043.04
22 1064.5
23 1073.2
24 1096.06
25 1097.42
26 1103.87
27 1147.51
28 1151.82
29 1185.75
30 1190.23
31 1197.92
32 1215.05
33 1218.8
34 1223.36
35 1231.41
36 1236.61
37 1245.32
38 1248.98
39 1258.9
40 1274.69
41 1274.69
42 1275.43
43 1277.98
44 1277.98
45 1282.44
46 1282.44
47 1286.7
48 1286.7
49 1286.7
50 1286.7
51 1286.7
52 1286.7
53 1286.7
54 1286.7
55 1286.7
56 1286.7
57 1286.7
58 1286.7
59 1286.7
60 1286.7
61 1286.7
62 1286.7
63 1286.7
64 1286.7
65 1286.7
66 1286.7
67 1286.7
68 1286.7
69 1286.7
70 1286.7
71 1286.7
72 1286.7
73 1286.7
74 1286.7
75 1286.7
76 1286.7
77 1286.7
78 1286.7
79 1286.7
80 1286.7
81 1286.7
82 1286.7
83 1286.7
84 1286.7
85 1286.7
86 1286.7
87 1286.7
88 1286.7
89 1286.7
90 1286.7
91 1286.7
92 1286.7
93 1286.7
94 1286.7
95 1286.7
96 1286.7
97 1286.7
98 1286.7
99 1286.7
