0 462.711 677.62
1 486.475 706.041
2 633.316 723.16
3 656.637 727.661
4 671.486 729.132
5 673.533 730.312
6 678.683 730.509
7 689.205 730.509
8 699.871 730.509
9 714.376 730.509
10 715.038 730.509
11 715.698 730.509
12 718.98 730.509
13 729.212 730.509
14 731.273 730.509
15 731.287 730.509
16 733.848 730.509
17 734.026 730.509
18 737.472 730.509
19 737.472 730.509
20 737.472 730.509
21 737.472 730.509
22 737.472 730.509
23 737.472 730.509
24 737.472 730.509
25 737.472 730.509
26 737.472 730.509
27 737.472 730.509
28 737.472 730.509
29 737.472 730.509
30 737.472 730.509
31 737.472 730.509
32 737.472 730.509
33 737.472 730.509
34 737.472 730.509
35 737.472 730.509
36 737.472 730.509
37 737.472 730.509
38 737.472 730.509
39 737.472 730.509
40 737.472 730.509
41 737.472 730.509
42 737.472 730.509
43 737.472 730.509
44 737.472 730.509
45 737.472 730.509
46 737.472 730.509
47 737.472 730.509
48 737.472 730.509
49 737.472 730.509
50 737.472 730.509
51 737.472 730.509
52 737.472 730.509
53 737.472 730.509
54 737.472 730.509
55 737.472 730.509
56 737.472 730.509
57 737.472 730.509
58 737.472 730.509
59 737.472 730.509
60 737.472 730.509
61 737.472 730.509
62 737.472 730.509
63 737.472 730.509
64 737.472 730.509
65 737.472 730.509
66 737.472 730.509
67 737.472 730.509
68 737.472 730.509
69 737.472 730.509
70 737.472 730.509
71 737.472 730.509
72 737.472 730.509
73 737.472 730.509
74 737.472 730.509
75 737.472 730.509
76 737.472 730.509
77 737.472 730.509
78 737.472 730.509
79 737.472 730.509
80 737.472 730.509
81 737.472 730.509
82 737.472 730.509
83 737.472 730.509
84 737.472 730.509
85 737.472 730.509
86 737.472 730.509
87 737.472 730.509
88 737.472 730.509
89 737.472 730.509
90 737.472 730.509
91 737.472 730.509
92 737.472 730.509
93 737.472 730.509
94 737.472 730.509
95 737.472 730.509
96 737.472 730.509
97 737.472 730.509
98 737.472 730.509
99 737.472 730.509
