0 4750.25
1 4760.38
2 4783.08
3 4799.67
4 4883.93
5 4925.61
6 4949.79
7 4983.92
8 5025.32
9 5061.41
10 5063.84
11 5069.65
12 5090.92
13 5151.01
14 5170.38
15 5173.29
16 5181.46
17 5188.18
18 5251.4
19 5286.47
20 5288.88
21 5293.64
22 5331.12
23 5379.96
24 5424.64
25 5441.37
26 5443.74
27 5466.84
28 5479.19
29 5499.65
30 5511.3
31 5521.39
32 5525.49
33 5536.97
34 5576.39
35 5583.31
36 5608.17
37 5610.5
38 5636.96
39 5638.96
40 5639.07
41 5642.26
42 5647.62
43 5658.39
44 5661.33
45 5662
46 5687.36
47 5724.25
48 5729.6
49 5740.51
50 5770.34
51 5781.12
52 5781.67
53 5784
54 5785.13
55 5799.61
56 5809.47
57 5812.21
58 5816.33
59 5840.31
60 5845.91
61 5857.17
62 5864.48
63 5874.33
64 5885.32
65 5929.84
66 5938.57
67 5954.62
68 5972.89
69 5981.19
70 5982.79
71 6007.27
72 6007.78
73 6020.72
74 6032.45
75 6034.45
76 6056.66
77 6070.9
78 6073.53
79 6075.55
80 6080.14
81 6095.97
82 6101.48
83 6105.3
84 6111.3
85 6118.46
86 6126.16
87 6145.81
88 6152.92
89 6154.03
90 6165.23
91 6174.58
92 6180.13
93 6221.17
94 6222.1
95 6233.24
96 6246.39
97 6248.94
98 6253.41
99 6282.27
