0 4996.25
1 5030.1
2 5055.88
3 5068.98
4 5123.51
5 5135.85
6 5140.14
7 5154.64
8 5194.39
9 5196.63
10 5216.78
11 5233.87
12 5247.87
13 5260.74
14 5301.23
15 5349.17
16 5372.12
17 5375.89
18 5414.43
19 5424.18
20 5426.02
21 5451.89
22 5459.75
23 5468.17
24 5474.17
25 5495.04
26 5533.85
27 5563.09
28 5596.95
29 5610.32
30 5626.54
31 5642.61
32 5684.46
33 5689.7
34 5736.26
35 5768.64
36 5769.64
37 5781.37
38 5795.7
39 5844.68
40 5869.98
41 5878.04
42 5891.89
43 5902.36
44 5918.22
45 5919.03
46 5923.18
47 5942.71
48 5949.9
49 5953.58
50 5962.07
51 5983.39
52 5992.96
53 5994.21
54 6003.65
55 6021.69
56 6022.88
57 6023.13
58 6030.24
59 6033.2
60 6033.25
61 6038.07
62 6045.15
63 6047.86
64 6059.57
65 6073.51
66 6074.42
67 6077.27
68 6082.02
69 6116.18
70 6126.54
71 6131.85
72 6140.08
73 6140.35
74 6149.79
75 6174.34
76 6179.6
77 6200.61
78 6207.4
79 6213.5
80 6228.97
81 6239.88
82 6249.61
83 6250.77
84 6256.53
85 6260.34
86 6291.14
87 6294.36
88 6295.28
89 6316.73
90 6329.84
91 6330.22
92 6334.01
93 6336.79
94 6344.54
95 6348.7
96 6350.17
97 6358.91
98 6365.39
99 6372.21
