0 1728.81 1809.91
1 1806.04 1888.27
2 1840.13 1936.46
3 1894.71 1979.07
4 1901.06 1979.07
5 1935.54 1979.07
6 1982.29 1979.07
7 1986.02 1979.07
8 1989.05 1979.07
9 1999.79 1979.07
10 2021.89 1979.07
11 2021.89 1979.07
12 2021.89 1979.07
13 2021.89 1979.07
14 2021.89 1979.07
15 2021.89 1979.07
16 2021.89 1979.07
17 2021.89 1979.07
18 2021.89 1979.07
19 2021.89 1979.07
20 2021.89 1979.07
21 2021.89 1979.07
22 2021.89 1979.07
23 2021.89 1979.07
24 2021.89 1979.07
25 2021.89 1979.07
26 2021.89 1979.07
27 2021.89 1979.07
28 2021.89 1979.07
29 2021.89 1979.07
30 2021.89 1979.07
31 2021.89 1979.07
32 2021.89 1979.07
33 2021.89 1979.07
34 2021.89 1979.07
35 2021.89 1979.07
36 2021.89 1979.07
37 2021.89 1979.07
38 2021.89 1979.07
39 2021.89 1979.07
40 2021.89 1979.07
41 2021.89 1979.07
42 2021.89 1979.07
43 2021.89 1979.07
44 2021.89 1979.07
45 2021.89 1979.07
46 2021.89 1979.07
47 2021.89 1979.07
48 2021.89 1979.07
49 2021.89 1979.07
50 2021.89 1979.07
51 2021.89 1979.07
52 2021.89 1979.07
53 2021.89 1979.07
54 2021.89 1979.07
55 2021.89 1979.07
56 2021.89 1979.07
57 2021.89 1979.07
58 2021.89 1979.07
59 2021.89 1979.07
60 2021.89 1979.07
61 2021.89 1979.07
62 2021.89 1979.07
63 2021.89 1979.07
64 2021.89 1979.07
65 2021.89 1979.07
66 2021.89 1979.07
67 2021.89 1979.07
68 2021.89 1979.07
69 2021.89 1979.07
70 2021.89 1979.07
71 2021.89 1979.07
72 2021.89 1979.07
73 2021.89 1979.07
74 2021.89 1979.07
75 2021.89 1979.07
76 2021.89 1979.07
77 2021.89 1979.07
78 2021.89 1979.07
79 2021.89 1979.07
80 2021.89 1979.07
81 2021.89 1979.07
82 2021.89 1979.07
83 2021.89 1979.07
84 2021.89 1979.07
85 2021.89 1979.07
86 2021.89 1979.07
87 2021.89 1979.07
88 2021.89 1979.07
89 2021.89 1979.07
90 2021.89 1979.07
91 2021.89 1979.07
92 2021.89 1979.07
93 2021.89 1979.07
94 2021.89 1979.07
95 2021.89 1979.07
96 2021.89 1979.07
97 2021.89 1979.07
98 2021.89 1979.07
99 2021.89 1979.07
