0 1725.58 1770.35
1 1754.56 1829.65
2 1793.3 1883.17
3 1827.46 1935.55
4 1834.47 1987.6
5 1840.79 2048.59
6 1889.72 2048.59
7 1891.78 2048.59
8 1896.94 2048.59
9 1918.49 2048.59
10 1925.3 2048.59
11 1926.61 2048.59
12 1929.8 2048.59
13 1939.33 2048.59
14 1955.7 2048.59
15 1962.21 2048.59
16 1971.48 2048.59
17 1973.91 2048.59
18 1978.11 2048.59
19 1980.95 2048.59
20 1980.95 2048.59
21 1980.95 2048.59
22 1980.95 2048.59
23 1980.95 2048.59
24 1980.95 2048.59
25 1980.95 2048.59
26 1980.95 2048.59
27 1980.95 2048.59
28 1980.95 2048.59
29 1980.95 2048.59
30 1980.95 2048.59
31 1980.95 2048.59
32 1980.95 2048.59
33 1980.95 2048.59
34 1980.95 2048.59
35 1980.95 2048.59
36 1980.95 2048.59
37 1980.95 2048.59
38 1980.95 2048.59
39 1980.95 2048.59
40 1980.95 2048.59
41 1980.95 2048.59
42 1980.95 2048.59
43 1980.95 2048.59
44 1980.95 2048.59
45 1980.95 2048.59
46 1980.95 2048.59
47 1980.95 2048.59
48 1980.95 2048.59
49 1980.95 2048.59
50 1980.95 2048.59
51 1980.95 2048.59
52 1980.95 2048.59
53 1980.95 2048.59
54 1980.95 2048.59
55 1980.95 2048.59
56 1980.95 2048.59
57 1980.95 2048.59
58 1980.95 2048.59
59 1980.95 2048.59
60 1980.95 2048.59
61 1980.95 2048.59
62 1980.95 2048.59
63 1980.95 2048.59
64 1980.95 2048.59
65 1980.95 2048.59
66 1980.95 2048.59
67 1980.95 2048.59
68 1980.95 2048.59
69 1980.95 2048.59
70 1980.95 2048.59
71 1980.95 2048.59
