0 1669.48 1741.05
1 1772.68 1884.82
2 1831.86 1958.67
3 1905.3 1991.83
4 1919.95 2023.27
5 1920.62 2044.4
6 1921.05 2047.66
7 1968.96 2049.6
8 1976.07 2049.6
9 1985.43 2049.6
10 2021.78 2049.6
11 2037.69 2049.6
12 2038.95 2049.6
13 2048.44 2049.6
14 2051.74 2049.6
15 2059.89 2049.6
16 2062.1 2049.6
17 2088.25 2049.6
18 2088.25 2049.6
19 2088.25 2049.6
20 2088.25 2049.6
21 2088.25 2049.6
22 2088.25 2049.6
23 2088.25 2049.6
24 2088.25 2049.6
25 2088.25 2049.6
26 2088.25 2049.6
27 2088.25 2049.6
28 2088.25 2049.6
29 2088.25 2049.6
30 2088.25 2049.6
31 2088.25 2049.6
32 2088.25 2049.6
33 2088.25 2049.6
34 2088.25 2049.6
35 2088.25 2049.6
36 2088.25 2049.6
37 2088.25 2049.6
38 2088.25 2049.6
39 2088.25 2049.6
40 2088.25 2049.6
41 2088.25 2049.6
42 2088.25 2049.6
43 2088.25 2049.6
44 2088.25 2049.6
45 2088.25 2049.6
46 2088.25 2049.6
47 2088.25 2049.6
48 2088.25 2049.6
49 2088.25 2049.6
50 2088.25 2049.6
51 2088.25 2049.6
52 2088.25 2049.6
53 2088.25 2049.6
54 2088.25 2049.6
55 2088.25 2049.6
56 2088.25 2049.6
57 2088.25 2049.6
58 2088.25 2049.6
59 2088.25 2049.6
60 2088.25 2049.6
61 2088.25 2049.6
62 2088.25 2049.6
63 2088.25 2049.6
64 2088.25 2049.6
65 2088.25 2049.6
66 2088.25 2049.6
67 2088.25 2049.6
68 2088.25 2049.6
69 2088.25 2049.6
70 2088.25 2049.6
71 2088.25 2049.6
72 2088.25 2049.6
73 2088.25 2049.6
74 2088.25 2049.6
75 2088.25 2049.6
76 2088.25 2049.6
77 2088.25 2049.6
78 2088.25 2049.6
79 2088.25 2049.6
80 2088.25 2049.6
81 2088.25 2049.6
82 2088.25 2049.6
83 2088.25 2049.6
84 2088.25 2049.6
85 2088.25 2049.6
86 2088.25 2049.6
87 2088.25 2049.6
88 2088.25 2049.6
89 2088.25 2049.6
90 2088.25 2049.6
91 2088.25 2049.6
92 2088.25 2049.6
93 2088.25 2049.6
94 2088.25 2049.6
95 2088.25 2049.6
96 2088.25 2049.6
97 2088.25 2049.6
98 2088.25 2049.6
99 2088.25 2049.6
