0 6357.23 6470.35
1 6398.36 6610.49
2 6404.35 6733.24
3 6437.18 6864.27
4 6510.53 6942.73
5 6527.82 7024.09
6 6552.47 7083.96
7 6595.29 7123.83
8 6619.61 7176.25
9 6638.06 7200.41
10 6668.81 7242.42
11 6702.25 7273.81
12 6736.46 7290.78
13 6778.25 7323.9
14 6805.36 7351.99
15 6823.28 7356.28
16 6849.73 7375.33
17 6902.25 7394.01
18 6904.4 7395.74
19 6906.9 7402.94
20 6956.72 7402.94
21 6977.2 7403.69
22 6984.09 7403.69
23 7003.76 7403.69
24 7017.2 7403.69
25 7035.05 7403.69
26 7045.12 7403.69
27 7047.65 7403.69
28 7057.59 7403.69
29 7073.37 7403.69
30 7092.49 7403.69
31 7103.25 7403.69
32 7116.55 7403.69
33 7116.92 7403.69
34 7119.32 7403.69
35 7123.01 7403.69
36 7130.74 7403.69
37 7148.35 7403.69
38 7155.52 7403.69
39 7156.9 7403.69
40 7164.5 7403.69
41 7187.43 7403.69
42 7215.75 7403.69
43 7237.93 7403.69
44 7241.26 7403.69
45 7242.03 7403.69
46 7242.95 7403.69
47 7279.98 7403.69
48 7281.12 7403.69
49 7295.73 7403.69
50 7305.8 7403.69
51 7307.49 7403.69
52 7318.44 7403.69
53 7325.13 7403.69
54 7325.38 7403.69
55 7333.95 7403.69
56 7355.13 7403.69
57 7357.18 7403.69
58 7363.49 7403.69
59 7383.91 7403.69
60 7409.92 7403.69
61 7430.42 7403.69
62 7434.1 7403.69
63 7434.1 7403.69
64 7434.1 7403.69
65 7434.1 7403.69
66 7434.1 7403.69
67 7434.1 7403.69
68 7434.1 7403.69
69 7434.1 7403.69
70 7434.1 7403.69
71 7434.1 7403.69
72 7434.1 7403.69
73 7434.1 7403.69
74 7434.1 7403.69
75 7434.1 7403.69
76 7434.1 7403.69
77 7434.1 7403.69
78 7434.1 7403.69
79 7434.1 7403.69
80 7434.1 7403.69
81 7434.1 7403.69
82 7434.1 7403.69
83 7434.1 7403.69
84 7434.1 7403.69
85 7434.1 7403.69
86 7434.1 7403.69
87 7434.1 7403.69
88 7434.1 7403.69
89 7434.1 7403.69
90 7434.1 7403.69
91 7434.1 7403.69
92 7434.1 7403.69
93 7434.1 7403.69
94 7434.1 7403.69
95 7434.1 7403.69
96 7434.1 7403.69
97 7434.1 7403.69
98 7434.1 7403.69
99 7434.1 7403.69
