0 5987.74 6129.81
1 6006.21 6310.81
2 6047.93 6439.38
3 6157.81 6556.67
4 6166.31 6665.19
5 6255.57 6741.2
6 6316.5 6800.44
7 6353.93 6853.75
8 6427.51 6897.12
9 6456.78 6939.51
10 6472.68 6981.17
11 6516.73 7014.19
12 6550.42 7040.01
13 6557.41 7069.88
14 6564.88 7092.67
15 6572.22 7133.7
16 6601.17 7152.3
17 6650.39 7176.63
18 6740.95 7192.09
19 6769.87 7212.21
20 6788.08 7229.02
21 6796.21 7257.5
22 6833.03 7274.6
23 6848.3 7284.63
24 6862.83 7301.49
25 6904.91 7308.8
26 6908.36 7318.86
27 6919.12 7321.17
28 6924.76 7348.12
29 6928.84 7353.1
30 6932.91 7353.1
31 6944.13 7353.1
32 6944.61 7353.1
33 6948.2 7353.1
34 6954.73 7353.1
35 6991.47 7353.1
36 7008.05 7353.1
37 7010.8 7353.1
38 7037.93 7353.1
39 7057 7353.1
40 7068.27 7353.1
41 7077.57 7353.1
42 7078.95 7353.1
43 7103.41 7353.1
44 7104.36 7353.1
45 7104.53 7353.1
46 7105.28 7353.1
47 7116.19 7353.1
48 7126.37 7353.1
49 7130.99 7353.1
50 7167.02 7353.1
51 7174.88 7353.1
52 7206.24 7353.1
53 7239.23 7353.1
54 7278.19 7353.1
55 7292.21 7353.1
56 7296.93 7353.1
57 7306.54 7353.1
58 7322.24 7353.1
59 7334.62 7353.1
60 7338.75 7353.1
61 7348.53 7353.1
62 7376.97 7353.1
63 7380.66 7353.1
64 7380.66 7353.1
65 7380.66 7353.1
66 7430.6 7353.1
67 7430.6 7353.1
68 7432.36 7353.1
69 7452.12 7353.1
70 7452.12 7353.1
71 7452.12 7353.1
72 7452.12 7353.1
73 7452.12 7353.1
74 7452.12 7353.1
75 7452.12 7353.1
76 7452.12 7353.1
