0 1132.7
1 1134.11
2 1152.34
3 1188.59
4 1230.36
5 1233.96
6 1235.16
7 1239.86
8 1253.52
9 1274.95
10 1321.56
11 1334
12 1334.23
13 1334.65
14 1338.57
15 1338.57
16 1338.57
17 1338.57
18 1338.57
19 1338.57
20 1338.57
21 1338.57
22 1338.57
23 1338.57
24 1338.57
25 1338.57
26 1338.57
27 1338.57
28 1338.57
29 1338.57
30 1338.57
31 1338.57
32 1338.57
33 1338.57
34 1338.57
35 1338.57
36 1338.57
37 1338.57
38 1338.57
39 1338.57
40 1338.57
41 1338.57
42 1338.57
43 1338.57
44 1338.57
45 1338.57
46 1338.57
47 1338.57
48 1338.57
49 1338.57
50 1338.57
51 1338.57
52 1338.57
53 1338.57
54 1338.57
55 1338.57
56 1338.57
57 1338.57
58 1338.57
59 1338.57
60 1338.57
61 1338.57
62 1338.57
63 1338.57
64 1338.57
65 1338.57
66 1338.57
67 1338.57
68 1338.57
69 1338.57
70 1338.57
71 1338.57
72 1338.57
73 1338.57
74 1338.57
75 1338.57
76 1338.57
77 1338.57
78 1338.57
79 1338.57
80 1338.57
81 1338.57
82 1338.57
83 1338.57
84 1338.57
85 1338.57
86 1338.57
87 1338.57
88 1338.57
89 1338.57
90 1338.57
91 1338.57
92 1338.57
93 1338.57
94 1338.57
95 1338.57
96 1338.57
97 1338.57
98 1338.57
99 1338.57
