0 1039.48
1 1071.78
2 1075.65
3 1106.2
4 1120.79
5 1158.07
6 1168.9
7 1175.36
8 1195.45
9 1221.76
10 1225.45
11 1227.05
12 1231.06
13 1232.05
14 1244.08
15 1245.88
16 1274.35
17 1282.32
18 1294.28
19 1324.48
20 1324.48
21 1324.48
22 1324.48
23 1324.48
24 1324.48
25 1324.48
26 1324.48
27 1324.48
28 1324.48
29 1324.48
30 1324.48
31 1324.48
32 1324.48
33 1324.48
34 1324.48
35 1324.48
36 1324.48
37 1324.48
38 1324.48
39 1324.48
40 1324.48
41 1324.48
42 1324.48
43 1324.48
44 1324.48
45 1324.48
46 1324.48
47 1324.48
48 1324.48
49 1324.48
50 1324.48
51 1324.48
52 1324.48
53 1324.48
54 1324.48
55 1324.48
56 1324.48
57 1324.48
58 1324.48
59 1324.48
60 1324.48
61 1324.48
62 1324.48
63 1324.48
64 1324.48
65 1324.48
66 1324.48
67 1324.48
68 1324.48
69 1324.48
70 1324.48
71 1324.48
72 1324.48
73 1324.48
74 1324.48
75 1324.48
76 1324.48
77 1324.48
78 1324.48
79 1324.48
80 1324.48
81 1324.48
82 1324.48
83 1324.48
84 1324.48
85 1324.48
86 1324.48
87 1324.48
88 1324.48
89 1324.48
90 1324.48
91 1324.48
92 1324.48
93 1324.48
94 1324.48
95 1324.48
96 1324.48
97 1324.48
98 1324.48
99 1324.48
