0 580634067 49418759
1 580529203 49410915
2 580634316 49410204
3 580711636 49419006
4 580682568 49415663
5 580742229 49413479
6 580804571 49415861
7 580751566 49411453
8 580740616 49419233
9 580762746 49416487
10 580676130 49414009
11 580699551 49415616
12 580746877 49416275
13 580718289 49415179
14 580655925 49413161
15 580568509 49412632
16 580795050 49419213
17 580656165 49415695
18 580998638 49417060
19 580766291 49417904
20 580697566 49415046
21 580711573 49413741
22 580638288 49419045
23 580828070 49419044
24 580654920 49415070
25 580650482 49419132
26 580672170 49413700
27 580604158 49414910
28 580763675 49416766
29 580761866 49418980
30 580813513 49413141
31 580767354 49417049
32 580790024 49419075
33 580883159 49419330
34 580709022 49415709
35 580651959 49411087
36 580633822 49410776
37 580705921 49418520
38 580934934 49418521
39 580821109 49416685
40 580909316 49418904
41 580771635 49417212
42 580721314 49411485
43 580623691 49417109
44 580887600 49415907
45 580793814 49414737
46 580672501 49408988
47 580709878 49418563
48 580877918 49414472
49 580674518 49414572
