0 579966690 49384276 579971731 49402196
22 579971731 49402196 579993793 49417800
140 579993793 49417800 580016937 49416082
455 580016937 49416082 580028808 49415472
655 580028808 49415472 580044637 49415746
1503 580044637 49415746 580044637 49415746
2504 580057759 49406684 580085820 49404122
2799 580085820 49404122 580106488 49415814
3595 580106488 49415814 580186727 49412090
4017 580186727 49412090 580273305 49417071
4367 580273305 49417071 580408950 49412933
5230 580408950 49412933 580420821 49412323
6050 580420821 49412323 580420821 49412323
7051 579743603 49332505 579758643 49373990
7079 579758643 49373990 579772416 49404591
7083 579772416 49404591 579780517 49417182
7129 579780517 49417182 579780517 49417182
8130 579829121 49309796 579843756 49410981
8142 579843756 49410981 579939483 49345329
8332 579939483 49345329 580018915 49411847
8333 580018915 49411847 580114387 49414370
8607 580114387 49414370 580114387 49414370
9608 579779732 49333488 579859952 49400252
9615 579859952 49400252 579890426 49414426
9655 579890426 49414426 579998663 49418258
9955 579998663 49418258 580189465 49415312
9984 580189465 49415312 580236954 49418098
10408 580236954 49418098 580236954 49418098
11409 579977208 49358146 580159530 49396252
11413 580159530 49396252 580197005 49409539
11763 580197005 49409539 580224430 49415765
12135 580224430 49415765 580224430 49415765
13136 579594702 49305838 579615050 49336582
13146 579615050 49336582 579639919 49407995
13147 579639919 49407995 579656580 49403642
13196 579656580 49403642 579695649 49418495
13267 579695649 49418495 579695649 49418495
14268 579914660 49350437 579969009 49406349
14270 579969009 49406349 580030295 49402616
14625 580030295 49402616 580102061 49417140
14873 580102061 49417140 580130519 49411048
14875 580130519 49411048 580138537 49381140
15726 580138537 49381140 580167344 49392335
15741 580167344 49392335 580197936 49414818
15808 580197936 49414818 580256759 49410414
16348 580256759 49410414 580257560 49415469
17106 580257560 49415469 580268362 49417108
17623 580268362 49417108 580268362 49417108
18624 579830759 49351770 579968779 49377686
18634 579968779 49377686 579971482 49411293
18654 579971482 49411293 580049177 49410681
19188 580049177 49410681 580077943 49417070
19223 580077943 49417070 580077943 49417070
20224 580122340 49395951 580184556 49409573
21017 580184556 49409573 580202584 49417625
21096 580202584 49417625 580238034 49412583
21175 580238034 49412583 580285992 49413853
22041 580285992 49413853 580285992 49413853
23042 579480678 49255454 579757002 49381365
23046 579757002 49381365 579813024 49404356
23053 579813024 49404356 579848010 49419071
23085 579848010 49419071 579848010 49419071
24086 580093640 49381662 580136877 49391386
24147 580136877 49391386 580171797 49407802
24318 580171797 49407802 580207886 49415916
24420 580207886 49415916 580210377 49418444
25275 580210377 49418444 580235908 49413518
26186 580235908 49413518 580235908 49413518
27187 579533280 49283580 579805497 49361595
27191 579805497 49361595 579818968 49416365
27239 579818968 49416365 579891095 49417337
28205 579891095 49417337 579893445 49406541
28929 579893445 49406541 579951854 49414561
29234 579951854 49414561 579954130 49412571
29245 579954130 49412571 580021929 49413541
30029 580021929 49413541 580028456 49414971
30880 580028456 49414971 580051307 49412369
31097 580051307 49412369 580122742 49386955
31178 580122742 49386955 580190916 49405919
31266 580190916 49405919 580207960 49418980
31511 580207960 49418980 580266277 49418326
32148 580266277 49418326 580346516 49414602
32175 580346516 49414602 580373406 49412888
32221 580373406 49412888 580451336 49412288
32235 580451336 49412288 580460550 49408473
32255 580460550 49408473 580508394 49411604
32792 580508394 49411604 580522303 49417076
33044 580522303 49417076 580574820 49410474
33628 580574820 49410474 580602245 49416700
33884 580602245 49416700 580613714 49416568
34066 580613714 49416568 580635410 49417843
34081 580635410 49417843 580637346 49416750
34418 580637346 49416750 580637346 49416750
35419 579336057 49324667 579393781 49388562
35420 579393781 49388562 579438753 49417449
35422 579438753 49417449 579438753 49417449
36423 579471282 49282679 579519492 49303309
36426 579519492 49303309 579830659 49383228
36427 579830659 49383228 579915887 49417294
36467 579915887 49417294 579994841 49408953
37236 579994841 49408953 580022716 49418913
37456 580022716 49418913 580026693 49410025
37658 580026693 49410025 580050639 49418265
37712 580050639 49418265 580051449 49407900
37819 580051449 49407900 580052759 49396845
38299 580052759 49396845 580081728 49418569
38362 580081728 49418569 580081728 49418569
39363 579681302 49298704 579864167 49401849
39364 579864167 49401849 580124965 49398831
39467 580124965 49398831 580180862 49397592
39674 580180862 49397592 580249576 49418400
39695 580249576 49418400 580249576 49418400
40696 580108191 49370040 580249815 49413078
40710 580249815 49413078 580249815 49413078
41711 580161843 49344044 580285550 49396500
41713 580285550 49396500 580399063 49418316
41767 580399063 49418316 580399063 49418316
42768 579621114 49322535 579658506 49402592
42778 579658506 49402592 579674210 49396841
43521 579674210 49396841 579791840 49418304
43622 579791840 49418304 579791840 49418304
44623 580377231 49370029 580425297 49402356
44651 580425297 49402356 580477465 49414967
44698 580477465 49414967 580477465 49414967
45699 580043842 49382846 580131933 49402150
45751 580131933 49402150 580163397 49404619
45866 580163397 49404619 580186978 49408879
46167 580186978 49408879 580201648 49415544
46739 580201648 49415544 580201648 49415544
47740 579864417 49326891 580277991 49419006
47742 580277991 49419006 580283903 49419300
47881 580283903 49419300 580345331 49410668
47909 580345331 49410668 580371754 49403326
48227 580371754 49403326 580390261 49400976
48327 580390261 49400976 580398658 49415133
48590 580398658 49415133 580418123 49418526
48696 580418123 49418526 580481057 49418790
49028 580481057 49418790 580481057 49418790
50029 579912578 49350333 580075047 49414235
50042 580075047 49414235 580075047 49414235
51043 579970362 49314875 579999303 49337489
51050 579999303 49337489 580048389 49395574
51111 580048389 49395574 580090529 49414406
51489 580090529 49414406 580090529 49414406
52490 580049126 49346246 580084110 49381532
52501 580084110 49381532 580129716 49417441
52552 580129716 49417441 580165066 49404417
53067 580165066 49404417 580169931 49414363
53311 580169931 49414363 580216555 49417565
54123 580216555 49417565 580216555 49417565
55124 579552239 49338853 579564312 49417828
55131 579564312 49417828 579675947 49411330
55270 579675947 49411330 579694632 49395177
55699 579694632 49395177 579759316 49415528
55867 579759316 49415528 580009517 49405237
55897 580009517 49405237 580011069 49408971
56231 580011069 49408971 580056506 49403630
56258 580056506 49403630 580099865 49407125
56585 580099865 49407125 580113236 49374694
56678 580113236 49374694 580187462 49403915
56700 580187462 49403915 580314852 49418975
57117 580314852 49418975 580318117 49418682
57335 580318117 49418682 580318117 49418682
58336 580124037 49407059 580229032 49416929
58823 580229032 49416929 580321006 49418057
59260 580321006 49418057 580392869 49417449
59381 580392869 49417449 580392869 49417449
60382 580205210 49363170 580323001 49392972
60397 580323001 49392972 580400688 49418702
60495 580400688 49418702 580427927 49415795
61301 580427927 49415795 580427927 49415795
62302 580081422 49379361 580118071 49387039
62312 580118071 49387039 580160629 49417386
62435 580160629 49417386 580160629 49417386
63436 580128519 49399698 580138381 49414546
63681 580138381 49414546 580174747 49406542
64597 580174747 49406542 580187955 49415110
65102 580187955 49415110 580187955 49415110
66103 580150990 49380424 580214598 49416459
66196 580214598 49416459 580316759 49417436
67126 580316759 49417436 580316759 49417436
68127 580381095 49399504 580478223 49417379
68354 580478223 49417379 580479063 49403937
68364 580479063 49403937 580508071 49411647
68377 580508071 49411647 580628747 49416037
69162 580628747 49416037 580628747 49416037
70163 579971390 49350230 580051477 49404505
70197 580051477 49404505 580063539 49414875
70378 580063539 49414875 580063539 49414875
71379 580198969 49369282 580206570 49409607
71382 580206570 49409607 580339983 49417521
71560 580339983 49417521 580339983 49417521
72561 579703281 49338023 579831920 49404608
72592 579831920 49404608 579883407 49410082
72667 579883407 49410082 579892556 49414890
72687 579892556 49414890 579904595 49418598
72955 579904595 49418598 579943518 49401951
73595 579943518 49401951 580007276 49406680
73680 580007276 49406680 580027290 49418957
73793 580027290 49418957 580027290 49418957
74794 580153472 49354004 580227018 49405861
74822 580227018 49405861 580236802 49413017
75087 580236802 49413017 580253470 49407891
75681 580253470 49407891 580257362 49410172
75853 580257362 49410172 580390988 49410932
75883 580390988 49410932 580463650 49411569
76834 580463650 49411569 580478432 49394835
76875 580478432 49394835 580535412 49395780
76941 580535412 49395780 580568696 49418911
76949 580568696 49418911 580571046 49408115
77154 580571046 49408115 580599203 49419229
77195 580599203 49419229 580625250 49409620
77959 580625250 49409620 580627305 49414096
78324 580627305 49414096 580627305 49414096
79325 579816503 49350815 579914312 49408692
79347 579914312 49408692 579967022 49418228
79620 579967022 49418228 580059395 49418969
80153 580059395 49418969 580186306 49395369
80339 580186306 49395369 580215475 49419186
80481 580215475 49419186 580223868 49411161
80728 580223868 49411161 580240267 49412597
81251 580240267 49412597 580286363 49417656
81760 580286363 49417656 580286363 49417656
82761 579950494 49415650 579950494 49415650
83762 579611717 49369841 579667688 49384325
83798 579667688 49384325 579760619 49417702
83966 579760619 49417702 579825551 49416829
84396 579825551 49416829 579997646 49413787
84687 579997646 49413787 579997646 49413787
85688 579819969 49317600 580061573 49413032
85692 580061573 49413032 580149762 49413142
85953 580149762 49413142 580215333 49385464
86212 580215333 49385464 580333318 49407346
86245 580333318 49407346 580335578 49417663
86977 580335578 49417663 580376953 49417866
87182 580376953 49417866 580386916 49401067
87681 580386916 49401067 580441343 49400990
87683 580441343 49400990 580479007 49418831
87774 580479007 49418831 580479007 49418831
88775 579791370 49392741 579893755 49418482
88782 579893755 49418482 579893755 49418482
89783 580254999 49399320 580273138 49400573
89853 580273138 49400573 580295249 49407814
90134 580295249 49407814 580316200 49412965
90362 580316200 49412965 580370992 49407685
90579 580370992 49407685 580445853 49418969
90607 580445853 49418969 580475681 49418966
90782 580475681 49418966 580475681 49418966
91783 579842014 49391627 579915555 49419263
92015 579915555 49419263 579915555 49419263
93016 580355111 49398160 580391484 49403179
93391 580391484 49403179 580392113 49406697
93422 580392113 49406697 580410141 49414749
93672 580410141 49414749 580410141 49414749
94673 579715148 49373649 579756288 49417396
94802 579756288 49417396 579830713 49415151
95180 579830713 49415151 579892927 49409693
95408 579892927 49409693 580030761 49419260
95421 580030761 49419260 580030761 49419260
96422 580031783 49386510 580048378 49413561
96508 580048378 49413561 580123973 49412624
96888 580123973 49412624 580195968 49419016
97512 580195968 49419016 580200396 49402613
97683 580200396 49402613 580259219 49398209
97960 580259219 49398209 580260133 49416207
97971 580260133 49416207 580260133 49416207
98972 579686463 49335555 579700339 49356866
99006 579700339 49356866 579779244 49387948
99022 579779244 49387948 579791177 49398923
99027 579791177 49398923 579927929 49415716
99072 579927929 49415716 579930431 49403417
99499 579930431 49403417 580026447 49405900
99519 580026447 49405900 580120166 49401755
99843 580120166 49401755 580122772 49415033
99886 580122772 49415033 580144231 49409907
99944 580144231 49409907 580159026 49416433
