0 1940 1940 2134 2134
3 2134 2134 2231 2231
14 2231 2231 2231 2231
1015 2037 2037 2148 2204
1016 2148 2204 2231 2231
1180 2231 2231 2231 2231
2181 1843 1843 1940 1940
2185 1940 1940 2134 2134
2192 2134 2134 2231 2231
2236 2231 2231 2231 2231
3237 2231 2231 2231 2231
4238 1940 1940 2037 2037
4247 2037 2037 2134 2134
4252 2134 2134 2231 2231
4258 2231 2231 2231 2231
5259 1552 1552 1649 1649
5263 1649 1649 1767 1851
5267 1767 1851 1923 2049
5268 1923 2049 2020 2146
5273 2020 2146 2117 2243
5276 2117 2243 2134 2134
5356 2134 2134 2231 2231
5392 2231 2231 2231 2231
6393 1940 1940 2134 2134
6406 2134 2134 2231 2231
6419 2231 2231 2231 2231
7420 2231 2231 2231 2231
8421 1843 1843 1940 1940
8423 1940 1940 2037 2037
8424 2037 2037 2231 2231
8425 2231 2231 2231 2231
9426 1649 1649 1940 1940
9441 1940 1940 1940 1940
10442 1358 1358 1843 1843
10443 1843 1843 2134 2134
10444 2134 2134 2231 2231
10455 2231 2231 2231 2231
11456 1552 1552 1746 1746
11469 1746 1746 1843 1843
11515 1843 1843 1940 1940
11525 1940 1940 1940 1940
12526 1455 1455 1552 1552
12531 1552 1552 1767 1851
12532 1767 1851 2134 2134
12534 2134 2134 2231 2231
12536 2231 2231 2231 2231
13537 2134 2134 2231 2231
13588 2231 2231 2231 2231
14589 2037 2037 2231 2231
14591 2231 2231 2231 2231
15592 1746 1746 1916 2014
15594 1916 2014 1930 2084
15597 1930 2084 2051 2107
15601 2051 2107 2148 2204
15603 2148 2204 2231 2231
15747 2231 2231 2231 2231
16748 1843 1843 2134 2134
16757 2134 2134 2231 2231
16829 2231 2231 2231 2231
17830 2037 2037 2231 2231
17832 2231 2231 2231 2231
18833 1843 1843 2110 2208
18836 2110 2208 2134 2134
18871 2134 2134 2231 2231
18901 2231 2231 2231 2231
19902 2134 2134 2148 2204
19904 2148 2204 2231 2231
19906 2231 2231 2231 2231
20907 1649 1649 1940 1940
20908 1940 1940 2058 2142
20909 2058 2142 2155 2239
20930 2155 2239 2231 2231
20992 2231 2231 2231 2231
21993 1940 1940 2134 2134
21994 2134 2134 2231 2231
22045 2231 2231 2231 2231
23046 1746 1746 2231 2231
23052 2231 2231 2231 2231
24053 2134 2134 2231 2231
24067 2231 2231 2231 2231
25068 1940 1940 2006 2076
25078 2006 2076 2103 2173
25080 2103 2173 2231 2231
25113 2231 2231 2231 2231
26114 1843 1843 2037 2037
26115 2037 2037 2096 2138
26141 2096 2138 2134 2134
26155 2134 2134 2148 2204
26205 2148 2204 2231 2231
26241 2231 2231 2231 2231
27242 1843 1843 2134 2134
27244 2134 2134 2231 2231
27261 2231 2231 2231 2231
28262 2231 2231 2231 2231
29263 1746 1746 2134 2134
29265 2134 2134 2148 2204
29290 2148 2204 2231 2231
29331 2231 2231 2231 2231
30332 1843 1843 1940 1940
30398 1940 1940 1940 1940
31399 2037 2037 2134 2134
31405 2134 2134 2231 2231
31421 2231 2231 2231 2231
32422 2231 2231 2231 2231
33423 1746 1746 1812 1882
33425 1812 1882 1909 1979
33426 1909 1979 2134 2134
33427 2134 2134 2231 2231
33437 2231 2231 2231 2231
34438 2231 2231 2231 2231
35439 1940 1940 1999 2041
35443 1999 2041 2134 2134
35445 2134 2134 2231 2231
35455 2231 2231 2231 2231
36456 2134 2134 2231 2231
36477 2231 2231 2231 2231
37478 2134 2134 2231 2231
37511 2231 2231 2231 2231
38512 1746 1746 2037 2037
38516 2037 2037 2134 2134
38532 2134 2134 2231 2231
38554 2231 2231 2231 2231
39555 1940 1940 2037 2037
39560 2037 2037 2134 2134
39562 2134 2134 2231 2231
39656 2231 2231 2231 2231
40657 1746 1746 1843 1843
40663 1843 1843 2037 2037
40664 2037 2037 2134 2134
40668 2134 2134 2231 2231
40674 2231 2231 2231 2231
41675 1649 1649 1975 2115
41689 1975 2115 2072 2212
41705 2072 2212 2134 2134
41730 2134 2134 2231 2231
41744 2231 2231 2231 2231
42745 2037 2037 2051 2107
42754 2051 2107 2148 2204
42755 2148 2204 2155 2239
42764 2155 2239 2155 2239
43765 2037 2037 2072 2212
43777 2072 2212 2134 2134
43778 2134 2134 2231 2231
43799 2231 2231 2231 2231
44800 1649 1649 2037 2037
44801 2037 2037 2155 2239
44802 2155 2239 2231 2231
44850 2231 2231 2231 2231
45851 1843 1843 1975 2115
45854 1975 2115 2072 2212
45872 2072 2212 2134 2134
45873 2134 2134 2231 2231
45879 2231 2231 2231 2231
46880 2134 2134 2231 2231
46896 2231 2231 2231 2231
47897 1746 1746 2134 2134
47899 2134 2134 2231 2231
47904 2231 2231 2231 2231
48905 1940 1940 2037 2037
48909 2037 2037 2134 2134
48917 2134 2134 2231 2231
48919 2231 2231 2231 2231
49920 1358 1358 1552 1552
49924 1552 1552 1649 1649
49941 1649 1649 1746 1746
49950 1746 1746 1843 1843
49955 1843 1843 1940 1940
49956 1940 1940 1940 1940
50957 2231 2231 2231 2231
51958 1940 1940 2103 2173
51959 2103 2173 2117 2243
51970 2117 2243 2148 2204
52054 2148 2204 2231 2231
52089 2231 2231 2231 2231
53090 1940 1940 2037 2037
53095 2037 2037 2117 2243
53096 2117 2243 2231 2231
53098 2231 2231 2231 2231
54099 1552 1552 1649 1649
54101 1649 1649 1746 1746
54105 1746 1746 1843 1843
54160 1843 1843 1940 1940
54168 1940 1940 1940 1940
55169 1746 1746 1961 2045
55170 1961 2045 2037 2037
55175 2037 2037 2044 2072
55177 2044 2072 2096 2138
55182 2096 2138 2193 2235
55184 2193 2235 2231 2231
55215 2231 2231 2231 2231
56216 2037 2037 2231 2231
56221 2231 2231 2231 2231
57222 1552 1552 1649 1649
57225 1649 1649 2231 2231
57228 2231 2231 2231 2231
58229 1940 1940 1968 2080
58230 1968 2080 2134 2134
58236 2134 2134 2231 2231
58242 2231 2231 2231 2231
59243 1552 1552 1573 1657
59244 1573 1657 1639 1793
59246 1639 1793 2006 2076
59247 2006 2076 2072 2212
59257 2072 2212 2103 2173
59266 2103 2173 2231 2231
59269 2231 2231 2231 2231
60270 1455 1455 1746 1746
60272 1746 1746 1843 1843
60298 1843 1843 1940 1940
60542 1940 1940 1940 1940
61543 1843 1843 2037 2037
61544 2037 2037 2148 2204
61552 2148 2204 2231 2231
61690 2231 2231 2231 2231
62691 1552 1552 1843 1843
62709 1843 1843 1940 1940
62729 1940 1940 1940 1940
63730 1649 1649 1746 1746
63776 1746 1746 1843 1843
63841 1843 1843 1940 1940
63857 1940 1940 1940 1940
64858 2231 2231 2231 2231
65859 2231 2231 2231 2231
66860 2037 2037 2231 2231
66862 2231 2231 2231 2231
67863 1455 1455 1684 1824
67864 1684 1824 2037 2037
67865 2037 2037 2134 2134
67878 2134 2134 2231 2231
67926 2231 2231 2231 2231
68927 1940 1940 1968 2080
68942 1968 2080 2065 2177
68943 2065 2177 2117 2243
68944 2117 2243 2231 2231
68963 2231 2231 2231 2231
69964 1746 1746 2117 2243
69967 2117 2243 2231 2231
70006 2231 2231 2231 2231
71007 1649 1649 1746 1746
71013 1746 1746 1940 1940
71017 1940 1940 1940 1940
72018 2231 2231 2231 2231
73019 1940 1940 1999 2041
73023 1999 2041 2103 2173
73025 2103 2173 2110 2208
73028 2110 2208 2117 2243
73050 2117 2243 2148 2204
73090 2148 2204 2155 2239
73149 2155 2239 2155 2239
74150 1843 1843 2134 2134
74158 2134 2134 2231 2231
74159 2231 2231 2231 2231
75160 1455 1455 1843 1843
75162 1843 1843 1940 1940
75166 1940 1940 2037 2037
75171 2037 2037 2231 2231
75173 2231 2231 2231 2231
76174 1843 1843 2134 2134
76180 2134 2134 2231 2231
76189 2231 2231 2231 2231
77190 1746 1746 1812 1882
77193 1812 1882 2103 2173
77198 2103 2173 2134 2134
77199 2134 2134 2231 2231
77200 2231 2231 2231 2231
78201 1649 1649 2037 2037
78202 2037 2037 2134 2134
78206 2134 2134 2231 2231
78209 2231 2231 2231 2231
79210 1746 1746 1843 1843
79218 1843 1843 2134 2134
79221 2134 2134 2231 2231
79249 2231 2231 2231 2231
80250 1940 1940 2037 2037
80252 2037 2037 2134 2134
80253 2134 2134 2231 2231
80259 2231 2231 2231 2231
81260 1746 1746 2231 2231
81261 2231 2231 2231 2231
82262 1649 1649 1767 1851
82263 1767 1851 1944 2154
82267 1944 2154 2041 2251
82277 2041 2251 2155 2239
82288 2155 2239 2231 2231
82289 2231 2231 2231 2231
83290 2037 2037 2231 2231
83292 2231 2231 2231 2231
84293 1843 1843 2037 2037
84300 2037 2037 2134 2134
84303 2134 2134 2231 2231
84331 2231 2231 2231 2231
85332 2037 2037 2155 2239
85333 2155 2239 2231 2231
85427 2231 2231 2231 2231
86428 1649 1649 2072 2212
86431 2072 2212 2231 2231
86449 2231 2231 2231 2231
87450 2037 2037 2134 2134
87463 2134 2134 2231 2231
87527 2231 2231 2231 2231
88528 1843 1843 2134 2134
88533 2134 2134 2231 2231
88549 2231 2231 2231 2231
89550 1746 1746 2134 2134
89554 2134 2134 2231 2231
89597 2231 2231 2231 2231
90598 2037 2037 2044 2072
90599 2044 2072 2110 2208
90601 2110 2208 2141 2169
90605 2141 2169 2231 2231
90622 2231 2231 2231 2231
91623 1843 1843 2134 2134
91630 2134 2134 2231 2231
91652 2231 2231 2231 2231
92653 2037 2037 2231 2231
92656 2231 2231 2231 2231
93657 2037 2037 2051 2107
93665 2051 2107 2134 2134
93667 2134 2134 2231 2231
93675 2231 2231 2231 2231
94676 2134 2134 2231 2231
94681 2231 2231 2231 2231
95682 2037 2037 2231 2231
95686 2231 2231 2231 2231
96687 2037 2037 2072 2212
96692 2072 2212 2079 2247
96698 2079 2247 2141 2169
96821 2141 2169 2193 2235
96835 2193 2235 2231 2231
96840 2231 2231 2231 2231
97841 1843 1843 2058 2142
97845 2058 2142 2155 2239
97851 2155 2239 2231 2231
97974 2231 2231 2231 2231
98975 1843 1843 2037 2037
98976 2037 2037 2231 2231
98979 2231 2231 2231 2231
99980 2231 2231 2231 2231
