0 76127 9901 76579 8443
3 76579 8443 77592 8732
10 77592 8732 80851 9232
19 80851 9232 81294 9869
49 81294 9869 82069 10053
65 82069 10053 83443 9767
94 83443 9767 83650 8783
95 83650 8783 86230 9759
104 86230 9759 87381 10256
120 87381 10256 87460 9687
138 87460 9687 88951 10272
159 88951 10272 89588 10248
298 89588 10248 89588 10248
1299 60926 6956 61649 9875
1300 61649 9875 63001 8736
1306 63001 8736 64183 10132
1307 64183 10132 66405 8203
1309 66405 8203 71640 8835
1310 71640 8835 71649 9916
1320 71649 9916 75008 10006
1323 75008 10006 77332 9269
1324 77332 9269 77336 9091
1325 77336 9091 77781 9490
1332 77781 9490 78915 10246
1334 78915 10246 79237 9570
1338 79237 9570 79575 10186
1349 79575 10186 79928 9292
1353 79928 9292 80569 9991
1355 80569 9991 81383 9603
1386 81383 9603 82124 9828
1388 82124 9828 82317 10222
1426 82317 10222 82488 9455
1574 82488 9455 82850 10130
1593 82850 10130 82985 10235
1718 82985 10235 83019 10194
1721 83019 10194 83019 10194
2722 70172 10123 73442 9014
2723 73442 9014 73944 8652
2735 73944 8652 74137 9046
2742 74137 9046 75647 10115
2744 75647 10115 77202 9952
2759 77202 9952 77475 10108
2767 77475 10108 78718 9009
2773 78718 9009 81963 10108
2782 81963 10108 81997 10067
2865 81997 10067 83019 10194
2992 83019 10194 83019 10194
3993 78084 9324 78332 10009
3994 78332 10009 78366 9968
3997 78366 9968 79050 9479
4007 79050 9479 82683 9454
4016 82683 9454 84825 10141
4034 84825 10141 86775 9929
4052 86775 9929 86905 9929
4068 86905 9929 87887 9129
4155 87887 9129 88384 9909
4183 88384 9909 88694 10203
4206 88694 10203 89331 10179
4604 89331 10179 89466 10284
4651 89466 10284 89466 10284
5652 84308 9296 85863 9133
5653 85863 9133 87158 9416
5681 87158 9416 88646 8779
5687 88646 8779 92025 9801
5692 92025 9801 92817 9776
5706 92817 9776 92997 10090
5709 92997 10090 93132 10195
5723 93132 10195 93454 9519
5727 93454 9519 93816 10194
5761 93816 10194 93850 10153
5774 93850 10153 94487 10129
5807 94487 10129 94524 10267
5850 94524 10267 95837 10079
5982 95837 10079 95972 10184
6103 95972 10184 95972 10184
7104 62434 8039 68018 9223
7109 68018 9223 68022 9045
7111 68022 9045 69139 9583
7116 69139 9583 69314 9284
7121 69314 9284 69476 8599
7123 69476 8599 70475 9250
7131 70475 9250 71289 8862
7134 71289 8862 73577 10294
7137 73577 10294 75182 9870
7153 75182 9870 75558 10183
7156 75558 10183 76333 9977
7161 76333 9977 76468 10082
7177 76468 10082 76505 10220
7190 76505 10220 77331 10154
7267 77331 10154 77968 10130
7595 77968 10130 78241 10286
7774 78241 10286 78241 10286
8775 56129 8495 58075 9183
8776 58075 9183 58402 9500
8777 58402 9500 61761 9590
8799 61761 9590 62365 10151
8800 62365 10151 63348 9983
8821 63348 9983 64903 9820
8828 64903 9820 65594 9542
8852 65594 9542 65925 9947
8856 65925 9947 66279 10106
8857 66279 10106 66632 9212
8920 66632 9212 67823 8308
8934 67823 8308 68961 9787
8939 68961 9787 69337 10100
9218 69337 10100 69974 10076
9299 69974 10076 69974 10076
10300 83521 9698 87564 10267
10304 87564 10267 90818 10154
10308 90818 10154 93253 9554
10309 93253 9554 93615 9741
10314 93615 9741 96975 10146
10316 96975 10146 97513 9579
10318 97513 9579 97648 9684
10325 97648 9684 98799 10181
10330 98799 10181 99579 9834
10347 99579 9834 99583 9656
10348 99583 9656 100156 10293
10363 100156 10293 100788 9911
10373 100788 9911 101964 9832
10379 101964 9832 104276 10295
10407 104276 10295 104321 9996
10423 104321 9996 104456 10101
10534 104456 10101 104493 10239
10723 104493 10239 104493 10239
11724 85786 9320 86390 9881
11726 86390 9881 90396 10065
11730 90396 10065 91208 9997
11740 91208 9997 91338 9215
11772 91338 9215 91582 10078
11776 91582 10078 91781 9852
11777 91781 9852 92157 10165
11856 92157 10165 92287 10165
11878 92287 10165 92978 9887
11925 92978 9887 93023 9588
11926 93023 9588 93764 9813
11947 93764 9813 93960 9087
11986 93960 9087 96076 10276
11997 96076 10276 96110 10235
12293 96110 10235 96110 10235
13294 70670 9471 71125 7727
13298 71125 7727 72242 8265
13300 72242 8265 74017 9720
13303 74017 9720 74843 9654
13315 74843 9654 75025 9527
13324 75025 9527 75196 8760
13358 75196 8760 75896 9563
13375 75896 9563 76068 9806
13415 76068 9806 76700 9424
13468 76700 9424 78241 10286
13537 78241 10286 78241 10286
14538 72629 9119 76008 10141
14540 76008 10141 76834 10075
14547 76834 10075 77130 8939
14557 77130 8939 78302 9038
14558 78302 9038 79431 8948
14568 79431 8948 80243 8880
14569 80243 8880 81009 9948
14576 81009 9948 81013 9770
14580 81013 9770 81206 10164
14581 81206 10164 81986 9817
14640 81986 9817 82317 10222
14653 82317 10222 82351 10181
14682 82351 10181 82522 9414
14686 82522 9414 82898 9727
14692 82898 9727 83639 9952
14944 83639 9952 83639 9952
15945 61964 9608 63269 8764
15948 63269 8764 65437 8125
15950 65437 8125 69838 9274
15952 69838 9274 70031 9668
15962 70031 9668 70277 10247
15972 70277 10247 72519 9799
15973 72519 9799 72570 9549
15981 72570 9549 74358 10022
16009 74358 10022 76289 10172
16041 76289 10172 77236 10209
16139 77236 10209 77236 10209
17140 67886 9185 69016 9880
17146 69016 9880 72457 10253
17147 72457 10253 74117 9859
17153 74117 9859 74931 9471
17155 74931 9471 77549 9336
17171 77549 9336 77642 10148
17178 77642 10148 79598 9722
17200 79598 9722 79871 9878
17227 79871 9878 80725 9103
17238 80725 9103 81222 9883
17261 81222 9883 81259 10021
17285 81259 10021 82034 10205
17312 82034 10205 82034 10205
18313 48095 9933 48240 7649
18316 48240 7649 51172 8212
18328 51172 8212 51451 9764
18329 51451 9764 52243 9739
18330 52243 9739 57537 9435
18333 57537 9435 57717 9749
18343 57717 9749 58206 9932
18348 58206 9932 58533 10249
18355 58533 10249 58948 8809
18359 58948 8809 60099 9306
18362 60099 9306 61979 8077
18367 61979 8077 62013 8036
18371 62013 8036 62366 7142
18374 62366 7142 63827 8242
18380 63827 8242 65927 10260
18404 65927 10260 65978 10010
18406 65978 10010 66274 8874
18415 66274 8874 68040 9248
18416 68040 9248 68211 8481
18434 68211 8481 70327 9670
18504 70327 9670 70462 9775
18632 70462 9775 70772 10069
18705 70772 10069 70772 10069
19706 75777 10257 77437 9863
19715 77437 9863 77617 10177
19722 77617 10177 78254 10153
19726 78254 10153 79191 9652
19731 79191 9652 82888 10176
19735 82888 10176 82939 9926
19749 82939 9926 83876 10227
19759 83876 10227 83876 10227
20760 30426 9450 31373 9487
20766 31373 9487 32490 10025
20796 32490 10025 32626 4815
20840 32626 4815 33940 6647
20842 33940 6647 34265 7210
20857 34265 7210 35298 9788
20858 35298 9788 35480 9661
20870 35480 9661 35581 7839
20873 35581 7839 35981 9061
20880 35981 9061 36042 7462
20882 36042 7462 36509 5559
20898 36509 5559 36847 6175
20901 36847 6175 38134 9739
20905 38134 9739 38425 7175
21087 38425 7175 38425 7175
22088 63509 9875 64621 9075
22099 64621 9075 65253 7931
22102 65253 7931 65844 9704
22104 65844 9704 66161 8637
22106 66161 8637 68067 10136
22108 68067 10136 68543 9314
22124 68543 9314 69335 9289
22126 69335 9289 70755 10073
22137 70755 10073 74727 10181
22152 74727 10181 80286 9951
22153 80286 9951 83739 9612
22154 83739 9612 86096 9776
22157 86096 9776 86231 9881
22176 86231 9881 86265 9840
22203 86265 9840 86427 9155
22281 86427 9155 86607 10231
22308 86607 10231 87759 9576
22309 87759 9576 88005 10155
22326 88005 10155 88642 10131
22821 88642 10131 88642 10131
23822 98951 9859 100494 9614
23837 100494 9614 103428 10237
23840 103428 10237 104240 10169
23900 104240 10169 104415 9870
23903 104415 9870 106907 10139
23905 106907 10139 108079 10238
23936 108079 10238 108079 10238
24937 90531 9976 93610 10162
24940 93610 10162 93785 9863
24969 93785 9863 93967 9736
24985 93967 9736 95923 9310
24986 95923 9310 96420 10090
25009 96420 10090 99724 10291
25023 99724 10291 101674 10079
25082 101674 10079 101711 10217
25147 101711 10217 101711 10217
26148 77285 10027 78457 10126
26159 78457 10126 79445 9375
26162 79445 9375 83508 9908
26163 83508 9908 83680 10151
26201 83680 10151 83680 10151
27202 94541 9782 95353 9714
27213 95353 9714 95525 9957
27222 95525 9957 96538 10246
27265 96538 10246 97222 9757
27268 97222 9757 97313 10182
27282 97313 10182 97799 10216
27290 97799 10216 99354 10053
27305 99354 10053 101711 10217
27331 101711 10217 101711 10217
28332 59440 10093 63040 9158
28336 63040 9158 64308 9864
28353 64308 9864 65867 9523
28363 65867 9523 66243 9836
28378 66243 9836 67798 9673
28397 67798 9673 67849 9423
28399 67849 9423 68486 9399
28425 68486 9399 69006 9888
28439 69006 9888 69199 10282
28475 69199 10282 69794 9762
28503 69794 9762 69974 10076
28552 69974 10076 69974 10076
29553 71140 9110 74023 10022
29558 74023 10022 74074 9772
29559 74074 9772 76805 9530
29566 76805 9530 79252 10098
29576 79252 10098 79614 10285
29613 79614 10285 80246 9903
29614 80246 9903 80722 9081
29660 80722 9081 82872 10229
29662 82872 10229 83639 9952
29893 83639 9952 83639 9952
30894 73044 9421 73491 9880
30899 73491 9880 73671 10194
30904 73671 10194 76925 10081
30905 76925 10081 77562 10057
30922 77562 10057 79406 9604
30935 79406 9604 81534 10165
30946 81534 10165 82847 9977
31009 82847 9977 83639 9952
31085 83639 9952 83639 9952
32086 79995 8894 82445 9870
32090 82445 9870 84065 10163
32093 84065 10163 85553 9676
32102 85553 9676 86848 9959
32111 86848 9959 86983 10064
32160 86983 10064 87724 10289
32189 87724 10289 88508 9764
32201 88508 9764 89320 9696
32264 89320 9696 89513 10090
32289 89513 10090 89547 10049
32497 89547 10049 89547 10049
33498 69919 9661 70629 9337
33501 70629 9337 70772 10275
33512 70772 10275 70886 9266
33513 70886 9266 71347 8889
33514 71347 8889 74412 9795
33520 74412 9795 74542 9795
33521 74542 9795 75226 9306
33531 75226 9306 78143 10177
33540 78143 10177 78961 9611
33544 78961 9611 82265 9812
33597 82265 9812 82575 10106
33668 82575 10106 83212 10082
33953 83212 10082 83212 10082
34954 49157 6108 50716 5767
34955 50716 5767 50960 6630
34961 50960 6630 52681 5561
34962 52681 5561 54228 6768
34964 54228 6768 57861 6743
34967 57861 6743 63210 6366
34968 63210 6366 63985 6550
34971 63985 6550 65018 9128
34973 65018 9128 65299 8382
34976 65299 8382 66767 10158
34990 66767 10158 67534 9881
35014 67534 9881 68686 9226
35070 68686 9226 68829 10164
35092 68829 10164 70227 10088
35111 70227 10088 70910 10080
35155 70910 10080 70910 10080
36156 76178 10290 77891 9932
36165 77891 9932 80383 10201
36167 80383 10201 83836 9862
36170 83836 9862 87391 9226
36191 87391 9226 88700 9938
36204 88700 9938 89010 10232
36291 89010 10232 89010 10232
37292 82829 10049 84384 9886
37299 84384 9886 84760 10199
37309 84760 10199 85717 9866
37310 85717 9866 85889 10109
37319 85889 10109 89633 10156
37320 89633 10156 89633 10156
38321 74733 8487 76552 9218
38323 76552 9218 76728 7976
38324 76728 7976 78145 10002
38328 78145 10002 78196 9752
38379 78196 9752 78971 9546
38390 78971 9546 79167 8820
38400 79167 8820 79302 8925
38401 79302 8925 80068 9993
38413 80068 9993 80378 10287
38414 80378 10287 80700 9611
38440 80700 9611 81052 9198
38450 81052 9198 81245 9592
38472 81245 9592 81986 9817
38552 81986 9817 82488 9455
38559 82488 9455 82734 10034
38616 82734 10034 82768 9993
38629 82768 9993 82768 9993
39630 64458 10029 66468 8934
39637 66468 8934 69533 9840
39640 69533 9840 69774 8815
39645 69774 8815 70768 8620
39654 70768 8620 70992 10245
39667 70992 10245 71273 9499
39681 71273 9499 71408 9604
39704 71408 9604 71538 8822
39708 71538 8822 72630 10285
39714 72630 10285 72926 9149
39718 72926 9149 75017 10086
39722 75017 10086 75871 9311
39728 75871 9311 77139 10017
39761 77139 10017 77176 10155
39859 77176 10155 77968 10130
40068 77968 10130 78241 10286
40358 78241 10286 78241 10286
41359 71650 10038 72607 9705
41361 72607 9705 72929 9029
41362 72929 9029 74046 9567
41371 74046 9567 74756 9243
41375 74756 9243 75664 9949
41381 75664 9949 79379 10172
41390 79379 10172 82065 10110
41401 82065 10110 84546 9633
41411 84546 9633 87348 10196
41423 87348 10196 88166 9630
41501 88166 9630 88907 9855
41521 88907 9855 89929 9982
41552 89929 9982 90202 10138
41569 90202 10138 90337 10243
41634 90337 10243 90337 10243
42635 55237 8644 60810 9892
42639 60810 9892 61437 8391
42640 61437 8391 61975 7824
42643 61975 7824 65063 9091
42652 65063 9091 65206 10029
42691 65206 10029 66604 9953
42709 66604 9953 67847 8854
42712 67847 8854 68172 9417
42713 68172 9417 68343 8650
42746 68343 8650 69302 10112
42804 69302 10112 70094 10087
42933 70094 10087 70731 10063
43869 70731 10063 70731 10063
44870 65879 8155 67325 9415
44877 67325 9415 67418 10227
44885 67418 10227 67879 9850
44892 67879 9850 67958 9281
44894 67958 9281 69499 10143
44895 69499 10143 71432 9905
44902 71432 9905 71908 9083
44947 71908 9083 72649 9308
45010 72649 9308 74791 9995
45023 74791 9995 75293 9633
45024 75293 9633 75327 9592
45033 75327 9592 75680 8698
45036 75680 8698 76487 9772
45056 76487 9772 76818 10177
45095 76818 10177 76818 10177
46096 77460 9496 77574 8487
46105 77574 8487 80732 9866
46106 80732 9866 80925 10260
46108 80925 10260 81055 10260
46110 81055 10260 81869 8989
46139 81869 8989 82738 9790
46143 82738 9790 82851 8189
46160 82851 8189 83479 10015
46181 83479 10015 86434 9904
46221 86434 9904 88200 10278
46386 88200 10278 88234 10237
46402 88234 10237 88396 9552
46415 88396 9552 89513 10090
46418 89513 10090 89547 10049
46488 89547 10049 89547 10049
47489 80082 10261 80244 9576
47507 80244 9576 80569 10139
47532 80569 10139 81395 10073
47550 81395 10073 81432 10211
47566 81432 10211 82207 10005
47608 82207 10005 82898 9727
47828 82898 9727 83639 9952
48523 83639 9952 83639 9952
49524 92353 10202 95712 10292
49526 95712 10292 96086 9767
49527 96086 9767 96533 10226
49540 96533 10226 96729 9500
49542 96729 9500 97105 9813
49547 97105 9813 97277 10056
49548 97277 10056 100120 10254
49551 100120 10254 101675 10091
49583 101675 10091 101948 10247
49622 101948 10247 103124 10168
49629 103124 10168 103254 10168
49639 103254 10168 103389 10273
49655 103389 10273 103434 9974
49671 103434 9974 103471 10112
49764 103471 10112 104493 10239
50218 104493 10239 104493 10239
51219 95896 9965 97364 9199
51222 97364 9199 97898 10117
51225 97898 10117 98920 10244
51235 98920 10244 102664 10291
51239 102664 10291 103439 10085
51312 103439 10085 105863 10096
51313 105863 10096 105863 10096
52314 66631 7586 68048 9612
52316 68048 9612 69607 9271
52317 69607 9271 71227 9564
52326 71227 9564 72019 9539
52335 72019 9539 72375 9573
52339 72375 9573 72671 8437
52343 72671 8437 75124 9561
52350 75124 9561 76112 8810
52360 76112 8810 78383 10061
52365 78383 10061 79163 9714
52371 79163 9714 79534 8689
52378 79534 8689 79727 9083
52380 79727 9083 80247 9572
52400 80247 9572 81039 9547
52429 81039 9547 82038 10198
52435 82038 10198 82985 10235
52501 82985 10235 83019 10194
52527 83019 10194 83019 10194
53528 80803 10120 82647 9667
53529 82647 9667 84031 9582
53533 84031 9582 84608 10041
53541 84608 10041 86163 9878
53552 86163 9878 88288 9367
53568 88288 9367 88929 10066
53580 88929 10066 89620 9788
53589 89620 9788 90304 9299
53591 90304 9299 90838 10217
53601 90838 10217 90880 9510
53603 90880 9510 93682 10073
53604 93682 10073 94184 9711
53613 94184 9711 94457 9867
53632 94457 9867 95470 10156
53658 95470 10156 95507 10294
53781 95507 10294 95507 10294
54782 81792 10021 82502 9697
54788 82502 9697 82695 10091
54793 82695 10091 84053 9604
54799 84053 9604 84375 8928
54819 84375 8928 85182 10002
54822 85182 10002 85962 9655
54839 85962 9655 86984 9782
54848 86984 9782 87257 9938
54858 87257 9938 87437 10252
54910 87437 10252 88074 10228
54956 88074 10228 88396 9552
55519 88396 9552 88758 10227
55667 88758 10227 88758 10227
56668 67084 9319 69652 9445
56669 69652 9445 69694 8738
56670 69694 8738 70134 10066
56672 70134 10066 70487 9172
56673 70487 9172 74188 9518
56675 74188 9518 76451 9753
56678 76451 9753 77192 9978
56681 77192 9978 78089 8347
56690 78089 8347 79228 10123
56706 79228 10123 80042 9735
56712 80042 9735 81171 10133
56725 81171 10133 81208 10271
56738 81208 10271 81259 10021
56784 81259 10021 82281 10148
56816 82281 10148 82281 10148
57817 59721 9567 61095 9281
57826 61095 9281 62640 8536
57827 62640 8536 63137 9316
57837 63137 9316 64288 9813
57841 64288 9813 65106 9247
57852 65106 9247 68465 9337
57872 68465 9337 69636 10231
57954 69636 10231 69687 9981
57961 69687 9981 69867 10295
57967 69867 10295 70499 9913
58050 70499 9913 70772 10069
58112 70772 10069 70772 10069
59113 73379 9943 75312 9705
59117 75312 9705 75403 10130
59119 75403 10130 77697 9460
59128 77697 9460 77869 9703
59133 77869 9703 78355 9737
59152 78355 9737 78731 10050
59157 78731 10050 79688 9717
59165 79688 9717 81442 10231
59172 81442 10231 82424 9431
59175 82424 9431 83446 9558
59209 83446 9558 83808 10233
59216 83808 10233 84445 10209
59423 84445 10209 84445 10209
60424 94431 10051 98403 10159
60427 98403 10159 98407 9981
60428 98407 9981 99090 9973
60434 99090 9973 99135 9674
60438 99135 9674 99580 10073
60441 99580 10073 100602 10200
60443 100602 10200 100773 9433
60468 100773 9433 101270 10213
60470 101270 10213 105014 10260
60503 105014 10260 105014 10260
61504 71794 9573 74281 9737
61506 74281 9737 75960 8915
61512 75960 8915 76153 9309
61516 76153 9309 76246 10121
61521 76246 10121 77801 9958
61527 77801 9958 79421 10251
61540 79421 10251 80205 9726
61542 80205 9726 81322 10264
61544 81322 10264 81356 10223
61574 81356 10223 81993 10199
61727 81993 10199 82768 9993
61827 82768 9993 82768 9993
62828 61257 10264 61786 8853
62832 61786 8853 62404 9191
62837 62404 9191 63228 10291
62840 63228 10291 65552 9554
62841 65552 9554 66681 9952
62848 66681 9952 68262 10127
62849 68262 10127 68296 10086
62852 68296 10086 68979 10078
62870 68979 10078 69016 10216
62879 69016 10216 69808 10191
62883 69808 10191 70499 9913
63230 70499 9913 70772 10069
63389 70772 10069 70772 10069
64390 72174 8585 73949 10040
64391 73949 10040 76821 9468
64398 76821 9468 77955 10224
64401 77955 10224 78336 8908
64425 78336 8908 79914 9908
64441 79914 9908 80681 9631
64481 80681 9631 81057 9944
64511 81057 9944 81748 9666
64533 81748 9666 82021 9822
64541 82021 9822 82352 10227
64593 82352 10227 82534 10100
64667 82534 10100 82705 9333
64794 82705 9333 83446 9558
64816 83446 9558 83639 9952
65014 83639 9952 83639 9952
66015 69624 9955 74973 9578
66017 74973 9578 75219 9393
66023 75219 9393 76033 9005
66030 76033 9005 76530 9785
66031 76530 9785 77515 9030
66036 77515 9030 79606 9967
66043 79606 9967 80901 10250
66054 80901 10250 80952 10000
66063 80952 10000 81889 9499
66070 81889 9499 81926 9637
66076 81926 9637 82251 10200
66078 82251 10200 82888 10176
66128 82888 10176 82939 9926
66140 82939 9926 83876 10227
66194 83876 10227 83876 10227
67195 75351 9307 83584 10157
67196 83584 10157 83755 9390
67208 83755 9390 84086 9795
67214 84086 9795 84723 9771
67247 84723 9771 85711 9020
67260 85711 9020 86452 9245
67284 86452 9245 86891 10218
67298 86891 10218 87582 9940
67308 87582 9940 87958 10253
67370 87958 10253 88772 9865
67511 88772 9865 89513 10090
67567 89513 10090 89547 10049
67573 89547 10049 89547 10049
68574 89016 9016 90329 8828
68575 90329 8828 92651 10219
68577 92651 10219 93153 9857
68586 93153 9857 93426 10013
68636 93426 10013 94206 9666
68678 94206 9666 94399 10060
68877 94399 10060 95421 10187
69129 95421 10187 95421 10187
70130 74434 9877 75677 8778
70132 75677 8778 77928 9316
70133 77928 9316 79722 9575
70138 79722 9575 82656 10198
70148 82656 10198 83340 9709
70175 83340 9709 83533 10103
70181 83533 10103 87143 10024
70183 87143 10024 87884 10249
70243 87884 10249 88046 9564
70246 88046 9564 88566 10053
70286 88566 10053 88701 10158
70462 88701 10158 88735 10117
70593 88735 10117 88772 10255
70704 88772 10255 89547 10049
70810 89547 10049 89547 10049
71811 91655 9925 91817 9240
71829 91817 9240 92754 9541
71845 92754 9541 95246 9810
71847 95246 9810 95556 10104
71867 95556 10104 98124 10230
71893 98124 10230 99300 10151
72242 99300 10151 100322 10278
72248 100322 10278 100322 10278
73249 71166 8699 73987 9971
73257 73987 9971 78804 10069
73258 78804 10069 78979 9770
73261 78979 9770 82680 10116
73263 82680 10116 82842 9431
73268 82842 9431 83617 9615
73273 83617 9615 85548 9765
73276 85548 9765 87153 9341
73280 87153 9341 88287 10097
73284 88287 10097 89309 10224
73756 89309 10224 89309 10224
74757 82557 9925 86297 10179
74763 86297 10179 88983 10117
74765 88983 10117 89930 10154
74769 89930 10154 90913 9986
74819 90913 9986 94399 10060
74825 94399 10060 95421 10187
75010 95421 10187 95421 10187
76011 99434 10243 102887 9904
76012 102887 9904 102924 10042
76016 102924 10042 103546 10202
76058 103546 10202 104321 9996
76072 104321 9996 104493 10239
76085 104493 10239 104493 10239
77086 86809 9827 87386 10286
77088 87386 10286 90662 10067
77090 90662 10067 93019 10231
77097 93019 10231 95750 9989
77099 95750 9989 97370 10282
77106 97370 10282 98043 9820
77109 98043 9820 98990 9857
77121 98990 9857 99027 9995
77176 99027 9995 100322 10278
77287 100322 10278 100322 10278
78288 69695 9664 69830 9769
78296 69830 9769 70758 7489
78299 70758 7489 71342 8684
78300 71342 8684 72166 9784
78308 72166 9784 72655 8496
78313 72655 8496 73649 8301
78317 73649 8301 73829 8615
78323 73829 8615 74363 9533
78327 74363 9533 75189 9467
78358 75189 9467 75784 8947
78371 75784 8947 76918 9703
78374 76918 9703 77880 10242
78447 77880 10242 77931 9992
78545 77931 9992 77968 10130
78567 77968 10130 78241 10286
78588 78241 10286 78241 10286
79589 81647 9309 83266 9867
79590 83266 9867 84871 9443
79599 84871 9443 86269 9367
79603 86269 9367 87282 9656
79605 87282 9656 88057 9840
79647 88057 9840 88388 10245
79688 88388 10245 90323 10217
79691 90323 10217 90453 10217
79737 90453 10217 91144 9939
79751 91144 9939 91189 9640
79759 91189 9640 91969 9293
79769 91969 9293 92149 9607
79782 92149 9607 93915 9981
79831 93915 9981 95228 9793
79893 95228 9793 95421 10187
79919 95421 10187 95421 10187
80920 63307 9098 63622 10279
80921 63622 10279 63752 9497
80922 63752 9497 63789 9635
80931 63789 9635 66767 9938
80932 66767 9938 67800 8888
80934 67800 8888 70253 10012
80935 70253 10012 73762 9416
81011 73762 9416 75317 9253
81044 75317 9253 75921 9814
81051 75921 9814 76858 10115
81059 76858 10115 76895 10253
81112 76895 10253 76946 10003
81128 76946 10003 77968 10130
81435 77968 10130 78241 10286
81442 78241 10286 78241 10286
82443 86443 9729 87127 9240
82452 87127 9240 87465 9856
82461 87465 9856 88279 9468
82463 88279 9468 90591 9931
82469 90591 9931 90595 9753
82475 90595 9753 90730 9858
82488 90730 9858 91348 10196
82518 91348 10196 91530 10069
82524 91530 10069 91567 10207
82550 91567 10207 92342 10001
82558 92342 10001 95421 10187
82932 95421 10187 95421 10187
83933 91228 9944 92404 9865
83935 92404 9865 94064 9471
83938 94064 9471 95011 9508
83949 95011 9508 95284 9664
83959 95284 9664 95371 10267
83962 95371 10267 98981 10188
84046 98981 10188 99672 9910
84055 99672 9910 99672 9910
85056 81650 10003 84336 9941
85070 84336 9941 85895 9600
85074 85895 9600 85932 9738
85080 85932 9738 86067 9843
85099 86067 9843 86247 10157
85116 86247 10157 86842 9637
85136 86842 9637 90202 10042
85164 90202 10042 90982 9695
85179 90982 9695 92158 9616
85192 92158 9616 92601 10253
85228 92601 10253 92776 9954
85270 92776 9954 92813 10092
85294 92813 10092 94126 9904
85341 94126 9904 95421 10187
85459 95421 10187 95421 10187
86460 69680 9863 74325 9718
86461 74325 9718 78502 9242
86462 78502 9242 81281 9992
86464 81281 9992 82231 9922
86465 82231 9922 82453 10291
86469 82453 10291 85184 10049
86480 85184 10049 85894 9725
86487 85894 9725 87292 9649
86504 87292 9649 89058 10023
86519 89058 10023 89193 10128
86571 89193 10128 89466 10284
86631 89466 10284 89466 10284
87632 92473 10096 95552 10282
87633 95552 10282 95556 10104
87678 95556 10104 98124 10230
87684 98124 10230 99300 10151
87723 99300 10151 100322 10278
88064 100322 10278 100322 10278
89065 76081 9862 77103 9989
89067 77103 9989 78215 9189
89073 78215 9189 79198 9021
89076 79198 9021 81510 9484
89080 81510 9484 82114 10045
89083 82114 10045 83061 10082
89091 83061 10082 87699 9884
89098 87699 9884 87733 9843
89119 87733 9843 87915 9716
89146 87915 9716 88417 9354
89148 88417 9354 88779 10029
89212 88779 10029 88951 10272
89240 88951 10272 89588 10248
89347 89588 10248 89588 10248
90348 63882 10147 67492 10068
90352 67492 10068 67788 8932
90358 67788 8932 72841 9691
90359 72841 9691 73863 9818
90379 73863 9818 74573 9494
90387 74573 9494 74755 9367
90398 74755 9367 74806 9117
90406 74806 9117 75618 9049
90416 75618 9049 76079 10267
90420 76079 10267 76255 9025
90468 76255 9025 76580 9588
90487 76580 9588 77025 9987
90502 77025 9987 77025 9987
91503 66948 10257 66982 10216
91510 66982 10216 68642 9822
91514 68642 9822 70094 7164
91516 70094 7164 73343 8968
91519 73343 8968 75459 10157
91521 75459 10157 76588 10067
91523 76588 10067 76639 9817
91528 76639 9817 77271 8673
91537 77271 8673 78230 10135
91553 78230 10135 78825 9615
91556 78825 9615 80380 9452
91565 80380 9452 81514 10208
91571 81514 10208 81676 9523
91580 81676 9523 82052 9836
91636 82052 9836 82827 10020
91644 82827 10020 82864 10158
91695 82864 10158 83639 9952
91708 83639 9952 83639 9952
92709 52547 9289 53327 8942
92721 53327 8942 54795 8176
92724 54795 8176 57117 9177
92726 57117 9177 60861 9224
92732 60861 9224 61183 8548
92733 61183 8548 64576 8597
92743 64576 8597 67682 9463
92751 67682 9463 68382 10266
92753 68382 10266 68578 9540
92788 68578 9540 69319 9765
92791 69319 9765 69592 9921
92809 69592 9921 69968 10234
92956 69968 10234 70290 9558
93042 70290 9558 70536 10137
93135 70536 10137 70536 10137
94136 62165 8527 62444 10079
94137 62444 10079 63932 9442
94138 63932 9442 69472 9717
94142 69472 9717 69476 9539
94143 69476 9539 73649 9241
94147 73649 9241 74280 9486
94151 74280 9486 74777 10266
94165 74777 10266 76151 9980
94197 76151 9980 76918 9703
94207 76918 9703 77228 9997
94308 77228 9997 78241 10286
94442 78241 10286 78241 10286
95443 66804 8564 70981 8088
95453 70981 8088 71599 8426
95460 71599 8426 73109 9495
95461 73109 9495 74239 10190
95464 74239 10190 75233 9995
95465 75233 9995 78312 10181
95536 78312 10181 78487 9882
95575 78487 9882 78667 10196
95614 78667 10196 79128 9819
95637 79128 9819 80894 10193
95645 80894 10193 81585 9915
95681 81585 9915 82898 9727
95693 82898 9727 83639 9952
95884 83639 9952 83639 9952
96885 72719 9636 74379 9242
96895 74379 9242 74708 10234
96896 74708 10234 75522 9846
96899 75522 9846 77198 8813
96900 77198 8813 77982 8288
96906 77982 8288 78171 10289
96907 78171 10289 78216 9990
96912 78216 9990 80166 9778
96924 80166 9778 80301 9883
96926 80301 9883 81846 9138
96930 81846 9138 83937 10075
96939 83937 10075 83974 10213
96940 83974 10213 84931 9880
96950 84931 9880 85111 10194
96956 85111 10194 85903 10169
96970 85903 10169 86389 10203
97012 86389 10203 86423 10162
97036 86423 10162 89547 10049
97046 89547 10049 89547 10049
98047 80174 9584 83875 9930
98049 83875 9930 86982 10001
98082 86982 10001 87757 9795
98098 87757 9795 88770 10084
98109 88770 10084 88807 10222
98123 88807 10222 89599 10197
98131 89599 10197 89633 10156
98166 89633 10156 89633 10156
99167 82491 9507 82605 8498
99173 82605 8498 83562 8165
99178 83562 8165 84239 10021
99183 84239 10021 84369 9239
99242 84369 9239 85540 10133
99263 85540 10133 87535 9622
99265 87535 9622 87781 10201
99266 87781 10201 88556 9995
99341 88556 9995 88691 10100
99358 88691 10100 89713 10227
99459 89713 10227 89713 10227
