0 354.086 354.086
1 396.866 396.866
2 412.428 412.428
3 414.915 414.915
4 414.915 414.915
5 414.915 414.915
6 414.915 414.915
7 414.915 414.915
8 414.915 414.915
9 414.915 414.915
10 414.915 414.915
11 414.915 414.915
12 414.915 414.915
13 436.821 436.821
14 481.211 481.211
15 503.126 503.126
16 503.126 503.126
17 503.126 503.126
18 503.126 503.126
19 503.126 503.126
20 503.126 503.126
21 503.126 503.126
22 503.126 503.126
23 503.126 503.126
24 503.126 503.126
25 329.115 503.126
26 330.302 503.126
27 333.851 503.126
28 354.187 503.126
29 354.187 503.126
30 354.187 503.126
31 354.187 503.126
32 354.187 503.126
33 354.187 503.126
34 354.187 503.126
35 354.187 503.126
36 354.187 503.126
37 354.187 503.126
38 277.847 503.126
39 283.553 503.126
40 300.178 503.126
41 319.548 503.126
42 319.548 503.126
43 319.548 503.126
44 319.548 503.126
45 319.548 503.126
46 319.548 503.126
47 319.548 503.126
48 319.548 503.126
49 319.548 503.126
50 319.548 503.126
51 309.927 503.126
52 368.784 503.126
53 368.784 503.126
54 368.784 503.126
55 368.784 503.126
56 368.784 503.126
57 368.784 503.126
58 368.784 503.126
59 368.784 503.126
60 368.784 503.126
61 368.784 503.126
62 471.976 503.126
63 502.342 503.126
64 502.342 503.126
65 502.342 503.126
66 502.342 503.126
67 502.342 503.126
68 502.342 503.126
69 502.342 503.126
70 502.342 503.126
71 502.342 503.126
72 502.342 503.126
73 413.169 503.126
74 436.135 503.126
75 458.762 503.126
76 458.762 503.126
77 458.762 503.126
78 458.762 503.126
79 458.762 503.126
80 458.762 503.126
81 458.762 503.126
82 458.762 503.126
83 458.762 503.126
84 458.762 503.126
85 422.925 503.126
86 435.807 503.126
87 435.807 503.126
88 435.807 503.126
89 435.807 503.126
90 435.807 503.126
91 435.807 503.126
92 435.807 503.126
93 435.807 503.126
94 435.807 503.126
95 435.807 503.126
96 367.957 503.126
97 398.98 503.126
98 407.505 503.126
99 407.505 503.126
100 407.505 503.126
101 407.505 503.126
102 407.505 503.126
103 407.505 503.126
104 407.505 503.126
105 407.505 503.126
106 407.505 503.126
107 407.505 503.126
108 433.26 503.126
109 472.915 503.126
110 488.391 503.126
111 502.72 503.126
112 502.72 503.126
113 502.72 503.126
114 502.72 503.126
115 502.72 503.126
116 502.72 503.126
117 502.72 503.126
118 502.72 503.126
119 502.72 503.126
120 502.72 503.126
121 394.288 503.126
122 424.573 503.126
123 424.774 503.126
124 435.709 503.126
125 449.515 503.126
126 452.108 503.126
127 452.108 503.126
128 452.108 503.126
129 452.108 503.126
130 452.108 503.126
131 452.108 503.126
132 452.108 503.126
133 452.108 503.126
134 452.108 503.126
135 452.108 503.126
136 342.503 503.126
137 383.637 503.126
138 399.303 503.126
139 399.575 503.126
140 419.84 503.126
141 419.84 503.126
142 419.84 503.126
143 419.84 503.126
144 419.84 503.126
145 419.84 503.126
146 419.84 503.126
147 419.84 503.126
148 419.84 503.126
149 419.84 503.126
150 339.305 503.126
151 412.598 503.126
152 429.888 503.126
153 429.888 503.126
154 429.888 503.126
155 429.888 503.126
156 429.888 503.126
157 429.888 503.126
158 429.888 503.126
159 429.888 503.126
160 429.888 503.126
161 429.888 503.126
162 371.833 503.126
163 373.422 503.126
164 373.422 503.126
165 373.422 503.126
166 373.422 503.126
167 373.422 503.126
168 373.422 503.126
169 373.422 503.126
170 373.422 503.126
171 373.422 503.126
172 373.422 503.126
173 326.263 503.126
174 344.722 503.126
175 345.6 503.126
176 374.891 503.126
177 374.891 503.126
178 374.891 503.126
179 374.891 503.126
180 374.891 503.126
181 374.891 503.126
182 374.891 503.126
183 374.891 503.126
184 374.891 503.126
185 374.891 503.126
186 387.724 503.126
187 416.249 503.126
188 416.249 503.126
189 416.249 503.126
190 416.249 503.126
191 416.249 503.126
192 416.249 503.126
193 416.249 503.126
194 416.249 503.126
195 416.249 503.126
196 416.249 503.126
197 380.569 503.126
198 399.165 503.126
199 409.788 503.126
200 411.711 503.126
201 419.881 503.126
202 427.035 503.126
203 427.035 503.126
204 427.035 503.126
205 427.035 503.126
206 427.035 503.126
207 427.035 503.126
208 427.035 503.126
209 427.035 503.126
210 427.035 503.126
211 427.035 503.126
212 343.31 503.126
213 370.544 503.126
214 370.544 503.126
215 370.544 503.126
216 370.544 503.126
217 370.544 503.126
218 370.544 503.126
219 370.544 503.126
220 370.544 503.126
221 370.544 503.126
222 370.544 503.126
223 333.211 503.126
224 338.39 503.126
225 385.86 503.126
226 398.441 503.126
227 398.441 503.126
228 398.441 503.126
229 398.441 503.126
230 398.441 503.126
231 398.441 503.126
232 398.441 503.126
233 398.441 503.126
234 398.441 503.126
235 398.441 503.126
236 365.573 503.126
237 370.606 503.126
238 403.858 503.126
239 415.353 503.126
240 415.353 503.126
241 415.353 503.126
242 415.353 503.126
243 415.353 503.126
244 415.353 503.126
245 415.353 503.126
246 415.353 503.126
247 415.353 503.126
248 415.353 503.126
249 380.81 503.126
250 395.993 503.126
251 415.941 503.126
252 415.941 503.126
253 415.941 503.126
254 415.941 503.126
255 415.941 503.126
256 415.941 503.126
257 415.941 503.126
258 415.941 503.126
259 415.941 503.126
260 415.941 503.126
261 428.015 503.126
262 444.555 503.126
263 454.689 503.126
264 465.186 503.126
265 480.066 503.126
266 480.127 503.126
267 480.127 503.126
268 480.127 503.126
269 480.127 503.126
270 480.127 503.126
271 480.127 503.126
272 480.127 503.126
273 480.127 503.126
274 480.127 503.126
275 480.127 503.126
276 380.779 503.126
277 399.917 503.126
278 400.673 503.126
279 400.673 503.126
280 400.673 503.126
281 400.673 503.126
282 400.673 503.126
283 400.673 503.126
284 400.673 503.126
285 400.673 503.126
286 400.673 503.126
287 400.673 503.126
288 342.863 503.126
289 375.396 503.126
290 403.085 503.126
291 406.917 503.126
292 406.917 503.126
293 406.917 503.126
294 406.917 503.126
295 406.917 503.126
296 406.917 503.126
297 406.917 503.126
298 406.917 503.126
299 406.917 503.126
300 406.917 503.126
301 462.56 503.126
302 484.649 503.126
303 503.803 503.803
304 503.826 503.826
305 514.768 514.768
306 516.346 516.346
307 516.346 516.346
308 516.346 516.346
309 516.346 516.346
310 516.346 516.346
311 516.346 516.346
312 516.346 516.346
313 516.346 516.346
314 516.346 516.346
315 516.346 516.346
316 372.877 516.346
317 438.639 516.346
318 349.781 516.346
319 384.87 516.346
320 424.182 516.346
321 428.598 516.346
322 428.598 516.346
323 428.598 516.346
324 428.598 516.346
325 428.598 516.346
326 428.598 516.346
327 428.598 516.346
328 428.598 516.346
329 428.598 516.346
330 428.598 516.346
331 391.904 516.346
332 396.238 516.346
333 396.238 516.346
334 396.238 516.346
335 396.238 516.346
336 396.238 516.346
337 396.238 516.346
338 396.238 516.346
339 396.238 516.346
340 396.238 516.346
341 396.238 516.346
342 443.858 516.346
343 465.373 516.346
344 503.362 516.346
345 503.681 516.346
346 503.681 516.346
347 503.681 516.346
348 503.681 516.346
349 503.681 516.346
350 503.681 516.346
351 503.681 516.346
352 503.681 516.346
353 503.681 516.346
354 503.681 516.346
355 351.714 516.346
356 354.435 516.346
357 373.017 516.346
358 435.823 516.346
359 447.46 516.346
360 474.856 516.346
361 474.856 516.346
362 474.856 516.346
363 474.856 516.346
364 474.856 516.346
365 474.856 516.346
366 474.856 516.346
367 474.856 516.346
368 474.856 516.346
369 474.856 516.346
370 411.891 516.346
371 477.887 516.346
372 484.186 516.346
373 484.186 516.346
374 484.186 516.346
375 484.186 516.346
376 484.186 516.346
377 484.186 516.346
378 484.186 516.346
379 484.186 516.346
380 484.186 516.346
381 484.186 516.346
382 359.852 516.346
383 366.842 516.346
384 439.624 516.346
385 456.373 516.346
386 466.698 516.346
387 490.238 516.346
388 490.238 516.346
389 490.238 516.346
390 490.238 516.346
391 490.238 516.346
392 490.238 516.346
393 490.238 516.346
394 490.238 516.346
395 490.238 516.346
396 490.238 516.346
397 389.033 516.346
398 441.089 516.346
399 443.104 516.346
400 463.102 516.346
401 465.625 516.346
402 465.625 516.346
403 465.625 516.346
404 465.625 516.346
405 465.625 516.346
406 465.625 516.346
407 465.625 516.346
408 465.625 516.346
409 465.625 516.346
410 465.625 516.346
411 356.674 516.346
412 371.645 516.346
413 416.623 516.346
414 416.623 516.346
415 416.623 516.346
416 416.623 516.346
417 416.623 516.346
418 416.623 516.346
419 416.623 516.346
420 416.623 516.346
421 416.623 516.346
422 416.623 516.346
423 331.932 516.346
424 368.399 516.346
425 383.388 516.346
426 387.669 516.346
427 387.669 516.346
428 387.669 516.346
429 387.669 516.346
430 387.669 516.346
431 387.669 516.346
432 387.669 516.346
433 387.669 516.346
434 387.669 516.346
435 387.669 516.346
436 350.026 516.346
437 385.488 516.346
438 403.784 516.346
439 408.251 516.346
440 414.423 516.346
441 431.994 516.346
442 431.994 516.346
443 431.994 516.346
444 431.994 516.346
445 431.994 516.346
446 431.994 516.346
447 431.994 516.346
448 431.994 516.346
449 431.994 516.346
450 431.994 516.346
451 384.185 516.346
452 428.877 516.346
453 430.139 516.346
454 438.974 516.346
455 452.728 516.346
456 452.728 516.346
457 452.728 516.346
458 452.728 516.346
459 452.728 516.346
460 452.728 516.346
461 452.728 516.346
462 452.728 516.346
463 452.728 516.346
464 452.728 516.346
465 455.901 516.346
466 471.504 516.346
467 511.097 516.346
468 512.955 516.346
469 521.973 521.973
470 521.973 521.973
471 521.973 521.973
472 521.973 521.973
473 521.973 521.973
474 521.973 521.973
475 521.973 521.973
476 521.973 521.973
477 521.973 521.973
478 521.973 521.973
479 517.1 521.973
480 548.104 548.104
481 548.104 548.104
482 548.104 548.104
483 548.104 548.104
484 548.104 548.104
485 548.104 548.104
486 548.104 548.104
487 548.104 548.104
488 548.104 548.104
489 548.104 548.104
490 391.167 548.104
491 451.272 548.104
492 478.572 548.104
493 478.572 548.104
494 478.572 548.104
495 478.572 548.104
496 478.572 548.104
497 478.572 548.104
498 478.572 548.104
499 478.572 548.104
500 478.572 548.104
501 478.572 548.104
502 459.833 548.104
503 349.537 548.104
504 391.74 548.104
505 396.241 548.104
506 396.281 548.104
507 396.281 548.104
508 396.281 548.104
509 396.281 548.104
510 396.281 548.104
511 396.281 548.104
512 396.281 548.104
513 396.281 548.104
514 396.281 548.104
515 396.281 548.104
516 518.449 548.104
517 529.885 548.104
518 551.17 551.17
519 551.17 551.17
520 551.17 551.17
521 551.17 551.17
522 551.17 551.17
523 551.17 551.17
524 551.17 551.17
525 551.17 551.17
526 551.17 551.17
527 551.17 551.17
528 363.67 551.17
529 369.848 551.17
530 425.562 551.17
531 433.161 551.17
532 433.161 551.17
533 433.161 551.17
534 433.161 551.17
535 433.161 551.17
536 433.161 551.17
537 433.161 551.17
538 433.161 551.17
539 433.161 551.17
540 433.161 551.17
541 444.082 551.17
542 404.71 551.17
543 415.229 551.17
544 419.583 551.17
545 422.571 551.17
546 431.461 551.17
547 431.461 551.17
548 431.461 551.17
549 431.461 551.17
550 431.461 551.17
551 431.461 551.17
552 431.461 551.17
553 431.461 551.17
554 431.461 551.17
555 431.461 551.17
556 352.537 551.17
557 357.272 551.17
558 378.751 551.17
559 380.55 551.17
560 397.737 551.17
561 407.081 551.17
562 407.081 551.17
563 407.081 551.17
564 407.081 551.17
565 407.081 551.17
566 407.081 551.17
567 407.081 551.17
568 407.081 551.17
569 407.081 551.17
570 407.081 551.17
571 387.516 551.17
572 396.888 551.17
573 396.888 551.17
574 396.888 551.17
575 396.888 551.17
576 396.888 551.17
577 396.888 551.17
578 396.888 551.17
579 396.888 551.17
580 396.888 551.17
581 396.888 551.17
582 413.894 551.17
583 450.499 551.17
584 470.829 551.17
585 478.78 551.17
586 478.78 551.17
587 478.78 551.17
588 478.78 551.17
589 478.78 551.17
590 478.78 551.17
591 478.78 551.17
592 478.78 551.17
593 478.78 551.17
594 478.78 551.17
595 513.113 551.17
596 519.043 551.17
597 519.043 551.17
598 519.043 551.17
599 519.043 551.17
600 519.043 551.17
601 519.043 551.17
602 519.043 551.17
603 519.043 551.17
604 519.043 551.17
605 519.043 551.17
606 457.949 551.17
607 496.49 551.17
608 538.647 551.17
609 538.647 551.17
610 538.647 551.17
611 538.647 551.17
612 538.647 551.17
613 538.647 551.17
614 538.647 551.17
615 538.647 551.17
616 538.647 551.17
617 538.647 551.17
618 352.555 551.17
619 407.826 551.17
620 426.061 551.17
621 452.051 551.17
622 452.051 551.17
623 452.051 551.17
624 452.051 551.17
625 452.051 551.17
626 452.051 551.17
627 452.051 551.17
628 452.051 551.17
629 452.051 551.17
630 452.051 551.17
631 305.804 551.17
632 333.487 551.17
633 339.898 551.17
634 339.898 551.17
635 339.898 551.17
636 339.898 551.17
637 339.898 551.17
638 339.898 551.17
639 339.898 551.17
640 339.898 551.17
641 339.898 551.17
642 339.898 551.17
643 462.831 551.17
644 469.531 551.17
645 479.701 551.17
646 479.701 551.17
647 479.701 551.17
648 479.701 551.17
649 479.701 551.17
650 479.701 551.17
651 479.701 551.17
652 479.701 551.17
653 479.701 551.17
654 479.701 551.17
655 315.41 551.17
656 339.613 551.17
657 354.596 551.17
658 372.054 551.17
659 372.054 551.17
660 372.054 551.17
661 372.054 551.17
662 372.054 551.17
663 372.054 551.17
664 372.054 551.17
665 372.054 551.17
666 372.054 551.17
667 372.054 551.17
668 336.814 551.17
669 359.798 551.17
670 398.947 551.17
671 398.947 551.17
672 398.947 551.17
673 398.947 551.17
674 398.947 551.17
675 398.947 551.17
676 398.947 551.17
677 398.947 551.17
678 398.947 551.17
679 398.947 551.17
680 265.322 551.17
681 297.215 551.17
682 310.706 551.17
683 310.706 551.17
684 310.706 551.17
685 310.706 551.17
686 310.706 551.17
687 310.706 551.17
688 310.706 551.17
689 310.706 551.17
690 310.706 551.17
691 310.706 551.17
692 463.635 551.17
693 475.581 551.17
694 482.162 551.17
695 498.689 551.17
696 516.56 551.17
697 516.56 551.17
698 516.56 551.17
699 516.56 551.17
700 516.56 551.17
701 516.56 551.17
702 516.56 551.17
703 516.56 551.17
704 516.56 551.17
705 516.56 551.17
706 494.535 551.17
707 363.282 551.17
708 374.265 551.17
709 388.504 551.17
710 404.92 551.17
711 450.865 551.17
712 480.636 551.17
713 480.636 551.17
714 480.636 551.17
715 480.636 551.17
716 480.636 551.17
717 480.636 551.17
718 480.636 551.17
719 480.636 551.17
720 480.636 551.17
721 480.636 551.17
722 440.168 551.17
723 487.205 551.17
724 487.205 551.17
725 487.205 551.17
726 487.205 551.17
727 487.205 551.17
728 487.205 551.17
729 487.205 551.17
730 487.205 551.17
731 487.205 551.17
732 487.205 551.17
733 293.429 551.17
734 311 551.17
735 323.328 551.17
736 338.226 551.17
737 377.795 551.17
738 377.795 551.17
739 377.795 551.17
740 377.795 551.17
741 377.795 551.17
742 377.795 551.17
743 377.795 551.17
744 377.795 551.17
745 377.795 551.17
746 377.795 551.17
747 442.787 551.17
748 462.047 551.17
749 503.526 551.17
750 522.787 551.17
751 522.787 551.17
752 522.787 551.17
753 522.787 551.17
754 522.787 551.17
755 522.787 551.17
756 522.787 551.17
757 522.787 551.17
758 522.787 551.17
759 522.787 551.17
760 428.151 551.17
761 514.038 551.17
762 514.667 551.17
763 514.667 551.17
764 514.667 551.17
765 514.667 551.17
766 514.667 551.17
767 514.667 551.17
768 514.667 551.17
769 514.667 551.17
770 514.667 551.17
771 514.667 551.17
772 368.491 551.17
773 376.039 551.17
774 402.152 551.17
775 431.069 551.17
776 467.198 551.17
777 471.605 551.17
778 471.605 551.17
779 471.605 551.17
780 471.605 551.17
781 471.605 551.17
782 471.605 551.17
783 471.605 551.17
784 471.605 551.17
785 471.605 551.17
786 471.605 551.17
787 382.497 551.17
788 531.443 551.17
789 536.774 551.17
790 536.785 551.17
791 538.66 551.17
792 538.66 551.17
793 538.66 551.17
794 538.66 551.17
795 538.66 551.17
796 538.66 551.17
797 538.66 551.17
798 538.66 551.17
799 538.66 551.17
800 538.66 551.17
801 316.737 551.17
802 334.992 551.17
803 432.2 551.17
804 432.2 551.17
805 432.2 551.17
806 432.2 551.17
807 432.2 551.17
808 432.2 551.17
809 432.2 551.17
810 432.2 551.17
811 432.2 551.17
812 432.2 551.17
813 466.253 551.17
814 486.32 551.17
815 495.485 551.17
816 497.963 551.17
817 497.963 551.17
818 497.963 551.17
819 497.963 551.17
820 497.963 551.17
821 497.963 551.17
822 497.963 551.17
823 497.963 551.17
824 497.963 551.17
825 497.963 551.17
826 388.047 551.17
827 409.183 551.17
828 412.891 551.17
829 412.891 551.17
830 412.891 551.17
831 412.891 551.17
832 412.891 551.17
833 412.891 551.17
834 412.891 551.17
835 412.891 551.17
836 412.891 551.17
837 412.891 551.17
838 339.479 551.17
839 371.6 551.17
840 404.776 551.17
841 424.683 551.17
842 424.683 551.17
843 424.683 551.17
844 424.683 551.17
845 424.683 551.17
846 424.683 551.17
847 424.683 551.17
848 424.683 551.17
849 424.683 551.17
850 424.683 551.17
851 281.932 551.17
852 368.317 551.17
853 461.587 551.17
854 461.587 551.17
855 461.587 551.17
856 461.587 551.17
857 461.587 551.17
858 461.587 551.17
859 461.587 551.17
860 461.587 551.17
861 461.587 551.17
862 461.587 551.17
863 452.881 551.17
864 461.96 551.17
865 476.233 551.17
866 487.746 551.17
867 492.119 551.17
868 492.119 551.17
869 492.119 551.17
870 492.119 551.17
871 492.119 551.17
872 492.119 551.17
873 492.119 551.17
874 492.119 551.17
875 492.119 551.17
876 492.119 551.17
877 336.465 551.17
878 374.75 551.17
879 375.083 551.17
880 385.905 551.17
881 396.472 551.17
882 401.627 551.17
883 405.188 551.17
884 405.188 551.17
885 405.188 551.17
886 405.188 551.17
887 405.188 551.17
888 405.188 551.17
889 405.188 551.17
890 405.188 551.17
891 405.188 551.17
892 405.188 551.17
893 323.951 551.17
894 326.085 551.17
895 412.811 551.17
896 412.811 551.17
897 412.811 551.17
898 412.811 551.17
899 412.811 551.17
900 412.811 551.17
901 412.811 551.17
902 412.811 551.17
903 412.811 551.17
904 412.811 551.17
905 324.766 551.17
906 337.381 551.17
907 342.307 551.17
908 387.316 551.17
909 389.147 551.17
910 389.147 551.17
911 389.147 551.17
912 389.147 551.17
913 389.147 551.17
914 389.147 551.17
915 389.147 551.17
916 389.147 551.17
917 389.147 551.17
918 389.147 551.17
919 425.753 551.17
920 428.282 551.17
921 449.832 551.17
922 464.633 551.17
923 476.601 551.17
924 487.181 551.17
925 487.181 551.17
926 487.181 551.17
927 487.181 551.17
928 487.181 551.17
929 487.181 551.17
930 487.181 551.17
931 487.181 551.17
932 487.181 551.17
933 487.181 551.17
934 388.433 551.17
935 401.713 551.17
936 412.716 551.17
937 472.361 551.17
938 483 551.17
939 483 551.17
940 483 551.17
941 483 551.17
942 483 551.17
943 483 551.17
944 483 551.17
945 483 551.17
946 483 551.17
947 483 551.17
948 355.575 551.17
949 375.528 551.17
950 442.271 551.17
951 458.357 551.17
952 473.98 551.17
953 473.98 551.17
954 473.98 551.17
955 473.98 551.17
956 473.98 551.17
957 473.98 551.17
958 473.98 551.17
959 473.98 551.17
960 473.98 551.17
961 473.98 551.17
962 350.497 551.17
963 366.854 551.17
964 431.612 551.17
965 431.612 551.17
966 431.612 551.17
967 431.612 551.17
968 431.612 551.17
969 431.612 551.17
970 431.612 551.17
971 431.612 551.17
972 431.612 551.17
973 431.612 551.17
974 379.332 551.17
975 410.729 551.17
976 411.737 551.17
977 435.907 551.17
978 436.828 551.17
979 442.505 551.17
980 472.783 551.17
981 472.783 551.17
982 472.783 551.17
983 472.783 551.17
984 472.783 551.17
985 472.783 551.17
986 472.783 551.17
987 472.783 551.17
988 472.783 551.17
989 472.783 551.17
990 500.342 551.17
991 504.412 551.17
992 504.5 551.17
993 504.5 551.17
994 504.5 551.17
995 504.5 551.17
996 504.5 551.17
997 504.5 551.17
998 504.5 551.17
999 504.5 551.17
