0 782.916 782.916
1 855.242 855.242
2 859.555 859.555
3 1002.3 1002.3
4 1019.6 1019.6
5 1023.75 1023.75
6 1023.97 1023.97
7 1093.5 1093.5
8 1098.98 1098.98
9 1114.78 1114.78
10 1147.26 1147.26
11 1147.48 1147.48
12 1149.93 1149.93
13 1152.41 1152.41
14 1152.78 1152.78
15 1168.16 1168.16
16 1169.19 1169.19
17 1183.86 1183.86
18 1184.7 1184.7
19 1185.02 1185.02
20 1185.02 1185.02
21 1185.02 1185.02
22 1185.02 1185.02
23 1185.02 1185.02
24 1185.02 1185.02
25 1185.02 1185.02
26 1185.02 1185.02
27 1185.02 1185.02
28 1185.02 1185.02
29 939.676 1185.02
30 952.097 1185.02
31 975.739 1185.02
32 976.488 1185.02
33 977.953 1185.02
34 984.038 1185.02
35 991.011 1185.02
36 1021.48 1185.02
37 1030.74 1185.02
38 1032.08 1185.02
39 1074.2 1185.02
40 1075.65 1185.02
41 1084.17 1185.02
42 1090.23 1185.02
43 1099.96 1185.02
44 1101.55 1185.02
45 1101.67 1185.02
46 1105.6 1185.02
47 1111.95 1185.02
48 1113 1185.02
49 1120.68 1185.02
50 1124.41 1185.02
51 1125.85 1185.02
52 1137.12 1185.02
53 1138.62 1185.02
54 1138.62 1185.02
55 1138.62 1185.02
56 1138.62 1185.02
57 1138.62 1185.02
58 1138.62 1185.02
59 1138.62 1185.02
60 1138.62 1185.02
61 1138.62 1185.02
62 1138.62 1185.02
63 955.37 1185.02
64 1107.89 1185.02
65 1108.98 1185.02
66 1112.45 1185.02
67 1118.15 1185.02
68 1120.55 1185.02
69 1121.7 1185.02
70 1124.76 1185.02
71 1124.76 1185.02
72 1124.76 1185.02
73 1124.76 1185.02
74 1124.76 1185.02
75 1124.76 1185.02
76 1124.76 1185.02
77 1124.76 1185.02
78 1124.76 1185.02
79 1124.76 1185.02
80 1064.97 1185.02
81 1066.17 1185.02
82 1074.34 1185.02
83 1106.67 1185.02
84 1107.57 1185.02
85 1114.08 1185.02
86 1114.59 1185.02
87 1122.22 1185.02
88 1122.83 1185.02
89 1138.57 1185.02
90 1161.82 1185.02
91 1192.58 1192.58
92 1193.59 1193.59
93 1193.59 1193.59
94 1193.59 1193.59
95 1193.59 1193.59
96 1193.59 1193.59
97 1193.59 1193.59
98 1193.59 1193.59
99 1193.59 1193.59
100 1193.59 1193.59
101 1193.59 1193.59
102 965.298 1193.59
103 981.261 1193.59
104 1006.21 1193.59
105 1018.29 1193.59
106 1021.34 1193.59
107 1034.19 1193.59
108 1053.11 1193.59
109 1055.09 1193.59
110 1055.7 1193.59
111 1061.01 1193.59
112 1061.01 1193.59
113 1061.01 1193.59
114 1061.01 1193.59
115 1061.01 1193.59
116 1061.01 1193.59
117 1061.01 1193.59
118 1061.01 1193.59
119 1061.01 1193.59
120 1061.01 1193.59
121 835.106 1193.59
122 871.235 1193.59
123 890.965 1193.59
124 908.118 1193.59
125 946.195 1193.59
126 953.783 1193.59
127 971.384 1193.59
128 984.591 1193.59
129 996.728 1193.59
130 1000.1 1193.59
131 1001.72 1193.59
132 1005.23 1193.59
133 1006.75 1193.59
134 1010.82 1193.59
135 1030.59 1193.59
136 1040.5 1193.59
137 1046.44 1193.59
138 1049.01 1193.59
139 1049.12 1193.59
140 1050.64 1193.59
141 1050.64 1193.59
142 1050.64 1193.59
143 1050.64 1193.59
144 1050.64 1193.59
145 1050.64 1193.59
146 1050.64 1193.59
147 1050.64 1193.59
148 1050.64 1193.59
149 1050.64 1193.59
150 976.665 1193.59
151 980.831 1193.59
152 992.816 1193.59
153 997.622 1193.59
154 1013.88 1193.59
155 1016 1193.59
156 1026.82 1193.59
157 1028.38 1193.59
158 1034.42 1193.59
159 1045.48 1193.59
160 1047.59 1193.59
161 1049.15 1193.59
162 1050.51 1193.59
163 1050.51 1193.59
164 1050.51 1193.59
165 1050.51 1193.59
166 1050.51 1193.59
167 1050.51 1193.59
168 1050.51 1193.59
169 1050.51 1193.59
170 1050.51 1193.59
171 1050.51 1193.59
172 876.435 1193.59
173 915.616 1193.59
174 926.028 1193.59
175 963.191 1193.59
176 988.157 1193.59
177 1001.6 1193.59
178 1009.86 1193.59
179 1019.03 1193.59
180 1023.25 1193.59
181 1023.81 1193.59
182 1024.99 1193.59
183 1030.42 1193.59
184 1048.98 1193.59
185 1050.17 1193.59
186 1050.75 1193.59
187 1053.07 1193.59
188 1053.07 1193.59
189 1053.07 1193.59
190 1053.07 1193.59
191 1053.07 1193.59
192 1053.07 1193.59
193 1053.07 1193.59
194 1053.07 1193.59
195 1053.07 1193.59
196 1053.07 1193.59
197 957.806 1193.59
198 1002.42 1193.59
199 1005.61 1193.59
200 1070.84 1193.59
201 1086.01 1193.59
202 1087.8 1193.59
203 1109.01 1193.59
204 1117.63 1193.59
205 1119.23 1193.59
206 1123.82 1193.59
207 1124.11 1193.59
208 1124.11 1193.59
209 1124.11 1193.59
210 1124.11 1193.59
211 1124.11 1193.59
212 1124.11 1193.59
213 1124.11 1193.59
214 1124.11 1193.59
215 1124.11 1193.59
216 1124.11 1193.59
217 871.052 1193.59
218 875.49 1193.59
219 902.634 1193.59
220 968.778 1193.59
221 983.688 1193.59
222 993.606 1193.59
223 997.374 1193.59
224 1002.59 1193.59
225 1006.35 1193.59
226 1013.71 1193.59
227 1014.26 1193.59
228 1023.58 1193.59
229 1040.32 1193.59
230 1040.43 1193.59
231 1052.52 1193.59
232 1052.52 1193.59
233 1052.52 1193.59
234 1052.52 1193.59
235 1052.52 1193.59
236 1052.52 1193.59
237 1052.52 1193.59
238 1052.52 1193.59
239 1052.52 1193.59
240 1052.52 1193.59
241 879.623 1193.59
242 885.85 1193.59
243 924.797 1193.59
244 943.078 1193.59
245 997.422 1193.59
246 1006.89 1193.59
247 1007.86 1193.59
248 1008.04 1193.59
249 1027.35 1193.59
250 1051.05 1193.59
251 1053.92 1193.59
252 1060.62 1193.59
253 1062.28 1193.59
254 1073.43 1193.59
255 1076.4 1193.59
256 1076.83 1193.59
257 1080.94 1193.59
258 1080.94 1193.59
259 1080.94 1193.59
260 1080.94 1193.59
261 1080.94 1193.59
262 1080.94 1193.59
263 1080.94 1193.59
264 1080.94 1193.59
265 1080.94 1193.59
266 1080.94 1193.59
267 868.706 1193.59
268 912.485 1193.59
269 920.778 1193.59
270 930.966 1193.59
271 941.163 1193.59
272 944.873 1193.59
273 945.284 1193.59
274 949.56 1193.59
275 956.905 1193.59
276 960.552 1193.59
277 987.165 1193.59
278 990.523 1193.59
279 997.368 1193.59
280 1001.08 1193.59
281 1004.92 1193.59
282 1004.92 1193.59
283 1004.92 1193.59
284 1004.92 1193.59
285 1004.92 1193.59
286 1004.92 1193.59
287 1004.92 1193.59
288 1004.92 1193.59
289 1004.92 1193.59
290 1004.92 1193.59
291 851.722 1193.59
292 851.875 1193.59
293 870.664 1193.59
294 875.828 1193.59
295 889.614 1193.59
296 913.805 1193.59
297 914.445 1193.59
298 916.769 1193.59
299 920.457 1193.59
300 920.538 1193.59
301 922.24 1193.59
302 922.24 1193.59
303 922.24 1193.59
304 922.24 1193.59
305 922.24 1193.59
306 922.24 1193.59
307 922.24 1193.59
308 922.24 1193.59
309 922.24 1193.59
310 922.24 1193.59
311 943.366 1193.59
312 961.557 1193.59
313 961.799 1193.59
314 978.652 1193.59
315 979.447 1193.59
316 1000.89 1193.59
317 1005.36 1193.59
318 1006.06 1193.59
319 1026.63 1193.59
320 1029.38 1193.59
321 1033.08 1193.59
322 1043.49 1193.59
323 1043.92 1193.59
324 1045.96 1193.59
325 1050.12 1193.59
326 1053.81 1193.59
327 1053.81 1193.59
328 1053.81 1193.59
329 1053.81 1193.59
330 1053.81 1193.59
331 1053.81 1193.59
332 1053.81 1193.59
333 1053.81 1193.59
334 1053.81 1193.59
335 1053.81 1193.59
336 765.338 1193.59
337 767.472 1193.59
338 819.424 1193.59
339 852.006 1193.59
340 856.322 1193.59
341 858.618 1193.59
342 860.888 1193.59
343 864.667 1193.59
344 872.447 1193.59
345 877.426 1193.59
346 888.939 1193.59
347 909.18 1193.59
348 909.96 1193.59
349 932.627 1193.59
350 933.635 1193.59
351 933.966 1193.59
352 948.381 1193.59
353 949.069 1193.59
354 950.323 1193.59
355 951.194 1193.59
356 959.424 1193.59
357 960.531 1193.59
358 965.578 1193.59
359 969.257 1193.59
360 979.862 1193.59
361 980.037 1193.59
362 980.247 1193.59
363 980.247 1193.59
364 980.247 1193.59
365 980.247 1193.59
366 980.247 1193.59
367 980.247 1193.59
368 980.247 1193.59
369 980.247 1193.59
370 980.247 1193.59
371 980.247 1193.59
372 809.807 1193.59
373 833.99 1193.59
374 855.513 1193.59
375 862.861 1193.59
376 863.057 1193.59
377 881.803 1193.59
378 884.315 1193.59
379 884.716 1193.59
380 891.111 1193.59
381 903.401 1193.59
382 907.371 1193.59
383 916.309 1193.59
384 936.591 1193.59
385 937.735 1193.59
386 938.388 1193.59
387 940.129 1193.59
388 943.078 1193.59
389 962.028 1193.59
390 965.771 1193.59
391 978.274 1193.59
392 981.948 1193.59
393 983.344 1193.59
394 983.344 1193.59
395 983.344 1193.59
396 983.344 1193.59
397 983.344 1193.59
398 983.344 1193.59
399 983.344 1193.59
400 983.344 1193.59
401 983.344 1193.59
402 983.344 1193.59
403 813.712 1193.59
404 816.493 1193.59
405 828.402 1193.59
406 834.96 1193.59
407 880.789 1193.59
408 881.539 1193.59
409 892.382 1193.59
410 896.67 1193.59
411 920.665 1193.59
412 923.633 1193.59
413 926.272 1193.59
414 932.804 1193.59
415 940.511 1193.59
416 943.478 1193.59
417 945.794 1193.59
418 950.855 1193.59
419 952.406 1193.59
420 952.467 1193.59
421 952.875 1193.59
422 955.863 1193.59
423 955.863 1193.59
424 955.863 1193.59
425 955.863 1193.59
426 955.863 1193.59
427 955.863 1193.59
428 955.863 1193.59
429 955.863 1193.59
430 955.863 1193.59
431 955.863 1193.59
432 886.987 1193.59
433 913.319 1193.59
434 939.172 1193.59
435 939.972 1193.59
436 946.204 1193.59
437 958.46 1193.59
438 1008.02 1193.59
439 1013.02 1193.59
440 1014.2 1193.59
441 1023.47 1193.59
442 1024.39 1193.59
443 1033.06 1193.59
444 1045.88 1193.59
445 1054.41 1193.59
446 1058.55 1193.59
447 1061.65 1193.59
448 1076.67 1193.59
449 1076.9 1193.59
450 1077.21 1193.59
451 1078.13 1193.59
452 1080.46 1193.59
453 1081.29 1193.59
454 1081.29 1193.59
455 1081.29 1193.59
456 1081.29 1193.59
457 1081.29 1193.59
458 1081.29 1193.59
459 1081.29 1193.59
460 1081.29 1193.59
461 1081.29 1193.59
462 1081.29 1193.59
463 1008.97 1193.59
464 1011.38 1193.59
465 1033.89 1193.59
466 1042.95 1193.59
467 1043.22 1193.59
468 1043.34 1193.59
469 1064 1193.59
470 1068.47 1193.59
471 1068.47 1193.59
472 1068.47 1193.59
473 1068.47 1193.59
474 1068.47 1193.59
475 1068.47 1193.59
476 1068.47 1193.59
477 1068.47 1193.59
478 1068.47 1193.59
479 1068.47 1193.59
480 1024.82 1193.59
481 1025.74 1193.59
482 1033.45 1193.59
483 1041.55 1193.59
484 1056.6 1193.59
485 1069.85 1193.59
486 1071.78 1193.59
487 1074.18 1193.59
488 1080.08 1193.59
489 1080.92 1193.59
490 1081.22 1193.59
491 1085.71 1193.59
492 1085.74 1193.59
493 1096.82 1193.59
494 1096.92 1193.59
495 1096.92 1193.59
496 1096.92 1193.59
497 1096.92 1193.59
498 1096.92 1193.59
499 1096.92 1193.59
500 1096.92 1193.59
501 1096.92 1193.59
502 1096.92 1193.59
503 1096.92 1193.59
504 912.589 1193.59
505 923.422 1193.59
506 1044.46 1193.59
507 1053.99 1193.59
508 1060.99 1193.59
509 1073.13 1193.59
510 1077.55 1193.59
511 1085.29 1193.59
512 1085.33 1193.59
513 1086.45 1193.59
514 1086.57 1193.59
515 1086.57 1193.59
516 1086.57 1193.59
517 1086.57 1193.59
518 1086.57 1193.59
519 1086.57 1193.59
520 1086.57 1193.59
521 1086.57 1193.59
522 1086.57 1193.59
523 1086.57 1193.59
524 983.602 1193.59
525 989.234 1193.59
526 1032.3 1193.59
527 1044.87 1193.59
528 1064.96 1193.59
529 1067.01 1193.59
530 1067.57 1193.59
531 1067.57 1193.59
532 1067.57 1193.59
533 1067.57 1193.59
534 1067.57 1193.59
535 1067.57 1193.59
536 1067.57 1193.59
537 1067.57 1193.59
538 1067.57 1193.59
539 1067.57 1193.59
540 1029.03 1193.59
541 1084.53 1193.59
542 1085.26 1193.59
543 1088.95 1193.59
544 1092.79 1193.59
545 1102.16 1193.59
546 1106.35 1193.59
547 1109.18 1193.59
548 1115.8 1193.59
549 1115.8 1193.59
550 1115.8 1193.59
551 1115.8 1193.59
552 1115.8 1193.59
553 1115.8 1193.59
554 1115.8 1193.59
555 1115.8 1193.59
556 1115.8 1193.59
557 1115.8 1193.59
558 1010.56 1193.59
559 1025.07 1193.59
560 1032.43 1193.59
561 1037.67 1193.59
562 1092.78 1193.59
563 1092.87 1193.59
564 1098.91 1193.59
565 1135.68 1193.59
566 1158.16 1193.59
567 1159.95 1193.59
568 1186.36 1193.59
569 1209.63 1209.63
570 1217.6 1217.6
571 1218.33 1218.33
572 1230.93 1230.93
573 1235.63 1235.63
574 1238.55 1238.55
575 1239.46 1239.46
576 1241.33 1241.33
577 1242.09 1242.09
578 1243.24 1243.24
579 1243.45 1243.45
580 1243.62 1243.62
581 1243.62 1243.62
582 1243.62 1243.62
583 1243.62 1243.62
584 1243.62 1243.62
585 1243.62 1243.62
586 1243.62 1243.62
587 1243.62 1243.62
588 1243.62 1243.62
589 1243.62 1243.62
590 1106.13 1243.62
591 1124.21 1243.62
592 1124.35 1243.62
593 1124.67 1243.62
594 1140.21 1243.62
595 1141.95 1243.62
596 1158.29 1243.62
597 1160.08 1243.62
598 1171.9 1243.62
599 1176.99 1243.62
600 1189.67 1243.62
601 1190.15 1243.62
602 1194.12 1243.62
603 1195.99 1243.62
604 1196.99 1243.62
605 1196.99 1243.62
606 1196.99 1243.62
607 1196.99 1243.62
608 1196.99 1243.62
609 1196.99 1243.62
610 1196.99 1243.62
611 1196.99 1243.62
612 1196.99 1243.62
613 1196.99 1243.62
614 1020.8 1243.62
615 1023.73 1243.62
616 1034.91 1243.62
617 1040.07 1243.62
618 1068.65 1243.62
619 1082.05 1243.62
620 1092.39 1243.62
621 1092.64 1243.62
622 1106.94 1243.62
623 1107.58 1243.62
624 1108.88 1243.62
625 1108.93 1243.62
626 1108.93 1243.62
627 1108.93 1243.62
628 1108.93 1243.62
629 1108.93 1243.62
630 1108.93 1243.62
631 1108.93 1243.62
632 1108.93 1243.62
633 1108.93 1243.62
634 1108.93 1243.62
635 1063.6 1243.62
636 1075.09 1243.62
637 1081.49 1243.62
638 1084.18 1243.62
639 1111.37 1243.62
640 1120.28 1243.62
641 1135.67 1243.62
642 1141.78 1243.62
643 1143.82 1243.62
644 1147.58 1243.62
645 1153.98 1243.62
646 1154.19 1243.62
647 1154.19 1243.62
648 1154.19 1243.62
649 1154.19 1243.62
650 1154.19 1243.62
651 1154.19 1243.62
652 1154.19 1243.62
653 1154.19 1243.62
654 1154.19 1243.62
655 1154.19 1243.62
656 759.408 1243.62
657 761.975 1243.62
658 916.424 1243.62
659 956.65 1243.62
660 957.611 1243.62
661 987.687 1243.62
662 1005.78 1243.62
663 1014.63 1243.62
664 1026 1243.62
665 1030.52 1243.62
666 1030.67 1243.62
667 1031.66 1243.62
668 1051.21 1243.62
669 1052.23 1243.62
670 1057.26 1243.62
671 1061.1 1243.62
672 1066.02 1243.62
673 1067.13 1243.62
674 1086.99 1243.62
675 1087.26 1243.62
676 1089.98 1243.62
677 1090.2 1243.62
678 1091.51 1243.62
679 1091.78 1243.62
680 1091.78 1243.62
681 1091.78 1243.62
682 1091.78 1243.62
683 1091.78 1243.62
684 1091.78 1243.62
685 1091.78 1243.62
686 1091.78 1243.62
687 1091.78 1243.62
688 1091.78 1243.62
689 811.223 1243.62
690 814.666 1243.62
691 952.976 1243.62
692 971.36 1243.62
693 978.069 1243.62
694 1043.88 1243.62
695 1057.46 1243.62
696 1061.74 1243.62
697 1064.08 1243.62
698 1066.28 1243.62
699 1066.7 1243.62
700 1066.93 1243.62
701 1067.94 1243.62
702 1076.32 1243.62
703 1084.4 1243.62
704 1084.95 1243.62
705 1085.64 1243.62
706 1091 1243.62
707 1091.06 1243.62
708 1091.96 1243.62
709 1092.5 1243.62
710 1092.83 1243.62
711 1093.02 1243.62
712 1093.23 1243.62
713 1093.34 1243.62
714 1093.34 1243.62
715 1093.34 1243.62
716 1093.34 1243.62
717 1093.34 1243.62
718 1093.34 1243.62
719 1093.34 1243.62
720 1093.34 1243.62
721 1093.34 1243.62
722 1093.34 1243.62
723 772.548 1243.62
724 790.215 1243.62
725 790.748 1243.62
726 800.098 1243.62
727 817.416 1243.62
728 826.237 1243.62
729 835.996 1243.62
730 840.125 1243.62
731 846.403 1243.62
732 847.011 1243.62
733 847.574 1243.62
734 879.74 1243.62
735 880.294 1243.62
736 880.294 1243.62
737 880.294 1243.62
738 880.294 1243.62
739 880.294 1243.62
740 880.294 1243.62
741 880.294 1243.62
742 880.294 1243.62
743 880.294 1243.62
744 880.294 1243.62
745 842.193 1243.62
746 849.953 1243.62
747 877.851 1243.62
748 885.394 1243.62
749 887.744 1243.62
750 895.226 1243.62
751 897.203 1243.62
752 914.189 1243.62
753 918.102 1243.62
754 918.121 1243.62
755 918.564 1243.62
756 930.34 1243.62
757 931.811 1243.62
758 932.176 1243.62
759 932.598 1243.62
760 936.498 1243.62
761 943.269 1243.62
762 944.293 1243.62
763 945.593 1243.62
764 950.466 1243.62
765 950.756 1243.62
766 950.903 1243.62
767 950.903 1243.62
768 950.903 1243.62
769 950.903 1243.62
770 950.903 1243.62
771 950.903 1243.62
772 950.903 1243.62
773 950.903 1243.62
774 950.903 1243.62
775 950.903 1243.62
776 830.878 1243.62
777 840.165 1243.62
778 844.779 1243.62
779 854.53 1243.62
780 855.507 1243.62
781 863.571 1243.62
782 864.157 1243.62
783 865.128 1243.62
784 866.159 1243.62
785 866.159 1243.62
786 866.159 1243.62
787 866.159 1243.62
788 866.159 1243.62
789 866.159 1243.62
790 866.159 1243.62
791 866.159 1243.62
792 866.159 1243.62
793 866.159 1243.62
794 687.689 1243.62
795 727.377 1243.62
796 731.465 1243.62
797 750.42 1243.62
798 754.681 1243.62
799 826.561 1243.62
800 855.51 1243.62
801 860.109 1243.62
802 860.584 1243.62
803 863.667 1243.62
804 864.865 1243.62
805 876.667 1243.62
806 877.838 1243.62
807 899.621 1243.62
808 907.629 1243.62
809 911.575 1243.62
810 912.066 1243.62
811 912.403 1243.62
812 914.852 1243.62
813 934.611 1243.62
814 938.65 1243.62
815 939.898 1243.62
816 944.238 1243.62
817 944.238 1243.62
818 944.238 1243.62
819 944.238 1243.62
820 944.238 1243.62
821 944.238 1243.62
822 944.238 1243.62
823 944.238 1243.62
824 944.238 1243.62
825 944.238 1243.62
826 983.778 1243.62
827 988.473 1243.62
828 1021.88 1243.62
829 1065.46 1243.62
830 1090.35 1243.62
831 1092.88 1243.62
832 1132.75 1243.62
833 1134.59 1243.62
834 1141.96 1243.62
835 1154.27 1243.62
836 1159.96 1243.62
837 1159.96 1243.62
838 1159.96 1243.62
839 1159.96 1243.62
840 1159.96 1243.62
841 1159.96 1243.62
842 1159.96 1243.62
843 1159.96 1243.62
844 1159.96 1243.62
845 1159.96 1243.62
846 931.399 1243.62
847 949.986 1243.62
848 1001.44 1243.62
849 1071.56 1243.62
850 1077.55 1243.62
851 1081.69 1243.62
852 1082.88 1243.62
853 1100.28 1243.62
854 1103.57 1243.62
855 1110.77 1243.62
856 1120.95 1243.62
857 1126.17 1243.62
858 1126.43 1243.62
859 1126.7 1243.62
860 1126.7 1243.62
861 1126.7 1243.62
862 1126.7 1243.62
863 1126.7 1243.62
864 1126.7 1243.62
865 1126.7 1243.62
866 1126.7 1243.62
867 1126.7 1243.62
868 1126.7 1243.62
869 1044.91 1243.62
870 1046.72 1243.62
871 1048.02 1243.62
872 1051.2 1243.62
873 1051.29 1243.62
874 1069.99 1243.62
875 1075.83 1243.62
876 1078.96 1243.62
877 1085 1243.62
878 1104.72 1243.62
879 1112.44 1243.62
880 1113.11 1243.62
881 1113.84 1243.62
882 1114.01 1243.62
883 1115.88 1243.62
884 1116.5 1243.62
885 1122.65 1243.62
886 1128.01 1243.62
887 1129.4 1243.62
888 1139.32 1243.62
889 1145.25 1243.62
890 1145.25 1243.62
891 1145.25 1243.62
892 1145.25 1243.62
893 1145.25 1243.62
894 1145.25 1243.62
895 1145.25 1243.62
896 1145.25 1243.62
897 1145.25 1243.62
898 1145.25 1243.62
899 826.011 1243.62
900 903.811 1243.62
901 967.016 1243.62
902 1028.82 1243.62
903 1030.09 1243.62
904 1055.34 1243.62
905 1077.29 1243.62
906 1106.89 1243.62
907 1110.46 1243.62
908 1112.88 1243.62
909 1129.21 1243.62
910 1131.26 1243.62
911 1146.21 1243.62
912 1148.81 1243.62
913 1149.64 1243.62
914 1151.68 1243.62
915 1152.15 1243.62
916 1153.36 1243.62
917 1153.36 1243.62
918 1153.36 1243.62
919 1153.36 1243.62
920 1153.36 1243.62
921 1153.36 1243.62
922 1153.36 1243.62
923 1153.36 1243.62
924 1153.36 1243.62
925 1153.36 1243.62
926 896.86 1243.62
927 940.068 1243.62
928 971.378 1243.62
929 987.832 1243.62
930 1000.34 1243.62
931 1000.64 1243.62
932 1095.6 1243.62
933 1109.23 1243.62
934 1115.11 1243.62
935 1128.23 1243.62
936 1129.74 1243.62
937 1131.92 1243.62
938 1155.21 1243.62
939 1156.36 1243.62
940 1156.48 1243.62
941 1164.92 1243.62
942 1166.7 1243.62
943 1169.77 1243.62
944 1173.29 1243.62
945 1174.07 1243.62
946 1174.07 1243.62
947 1174.07 1243.62
948 1174.07 1243.62
949 1174.07 1243.62
950 1174.07 1243.62
951 1174.07 1243.62
952 1174.07 1243.62
953 1174.07 1243.62
954 1174.07 1243.62
955 1005.96 1243.62
956 1049.21 1243.62
957 1064.38 1243.62
958 1065.7 1243.62
959 1070.1 1243.62
960 1071.3 1243.62
961 1098.52 1243.62
962 1101.26 1243.62
963 1104.74 1243.62
964 1106.05 1243.62
965 1106.58 1243.62
966 1115.04 1243.62
967 1138.42 1243.62
968 1142.63 1243.62
969 1146 1243.62
970 1150.21 1243.62
971 1152.89 1243.62
972 1154.42 1243.62
973 1156.06 1243.62
974 1159.44 1243.62
975 1159.84 1243.62
976 1160.39 1243.62
977 1160.39 1243.62
978 1160.39 1243.62
979 1160.39 1243.62
980 1160.39 1243.62
981 1160.39 1243.62
982 1160.39 1243.62
983 1160.39 1243.62
984 1160.39 1243.62
985 1160.39 1243.62
986 834.63 1243.62
987 884.396 1243.62
988 885.265 1243.62
989 932.443 1243.62
990 994.709 1243.62
991 998.217 1243.62
992 1001.33 1243.62
993 1052.47 1243.62
994 1067.22 1243.62
995 1077.32 1243.62
996 1103.13 1243.62
997 1106.5 1243.62
998 1111.5 1243.62
999 1115.91 1243.62
