0 1627.37 1627.37
1 1634.52 1634.52
2 1657.43 1657.43
3 1693.18 1693.18
4 1731.23 1731.23
5 1791.87 1791.87
6 1805.36 1805.36
7 1821.03 1821.03
8 1827.15 1827.15
9 1827.15 1827.15
10 1827.15 1827.15
11 1827.15 1827.15
12 1827.15 1827.15
13 1827.15 1827.15
14 1827.15 1827.15
15 1827.15 1827.15
16 1827.15 1827.15
17 1827.15 1827.15
18 1622.11 1827.15
19 1679.9 1827.15
20 1684.78 1827.15
21 1699.08 1827.15
22 1699.08 1827.15
23 1699.08 1827.15
24 1699.08 1827.15
25 1699.08 1827.15
26 1699.08 1827.15
27 1699.08 1827.15
28 1699.08 1827.15
29 1699.08 1827.15
30 1699.08 1827.15
31 1660.12 1827.15
32 1688.67 1827.15
33 1737.43 1827.15
34 1751.2 1827.15
35 1768.85 1827.15
36 1778.62 1827.15
37 1781.45 1827.15
38 1807.21 1827.15
39 1814.44 1827.15
40 1814.44 1827.15
41 1814.44 1827.15
42 1814.44 1827.15
43 1814.44 1827.15
44 1814.44 1827.15
45 1814.44 1827.15
46 1814.44 1827.15
47 1814.44 1827.15
48 1814.44 1827.15
49 1634.68 1827.15
50 1687.78 1827.15
51 1736.4 1827.15
52 1773.58 1827.15
53 1788.66 1827.15
54 1798.74 1827.15
55 1835.05 1835.05
56 1838.33 1838.33
57 1857.27 1857.27
58 1876.23 1876.23
59 1876.23 1876.23
60 1876.23 1876.23
61 1876.23 1876.23
62 1876.23 1876.23
63 1876.23 1876.23
64 1876.23 1876.23
65 1876.23 1876.23
66 1876.23 1876.23
67 1876.23 1876.23
68 1688.86 1876.23
69 1705.76 1876.23
70 1723.63 1876.23
71 1753.7 1876.23
72 1782.7 1876.23
73 1789.38 1876.23
74 1797.46 1876.23
75 1797.46 1876.23
76 1797.46 1876.23
77 1797.46 1876.23
78 1797.46 1876.23
79 1797.46 1876.23
80 1797.46 1876.23
81 1797.46 1876.23
82 1797.46 1876.23
83 1797.46 1876.23
84 1565.81 1876.23
85 1573.08 1876.23
86 1620.03 1876.23
87 1687.74 1876.23
88 1710.79 1876.23
89 1723.64 1876.23
90 1724.76 1876.23
91 1726.7 1876.23
92 1728.29 1876.23
93 1750.1 1876.23
94 1752.44 1876.23
95 1753.52 1876.23
96 1755.3 1876.23
97 1755.3 1876.23
98 1755.3 1876.23
99 1755.3 1876.23
100 1755.3 1876.23
101 1755.3 1876.23
102 1755.3 1876.23
103 1755.3 1876.23
104 1755.3 1876.23
105 1755.3 1876.23
106 1587.65 1876.23
107 1641.98 1876.23
108 1677.15 1876.23
109 1688.38 1876.23
110 1736.67 1876.23
111 1748.56 1876.23
112 1755.44 1876.23
113 1806 1876.23
114 1818.19 1876.23
115 1821.32 1876.23
116 1831.7 1876.23
117 1831.7 1876.23
118 1831.7 1876.23
119 1831.7 1876.23
120 1831.7 1876.23
121 1831.7 1876.23
122 1831.7 1876.23
123 1831.7 1876.23
124 1831.7 1876.23
125 1831.7 1876.23
126 1681.26 1876.23
127 1689 1876.23
128 1703.63 1876.23
129 1705.22 1876.23
130 1716.77 1876.23
131 1722.55 1876.23
132 1726.53 1876.23
133 1750.81 1876.23
134 1765.94 1876.23
135 1783.98 1876.23
136 1784.88 1876.23
137 1784.88 1876.23
138 1784.88 1876.23
139 1784.88 1876.23
140 1784.88 1876.23
141 1784.88 1876.23
142 1784.88 1876.23
143 1784.88 1876.23
144 1784.88 1876.23
145 1784.88 1876.23
146 1553.6 1876.23
147 1655.37 1876.23
148 1669.16 1876.23
149 1721.41 1876.23
150 1757.52 1876.23
151 1757.52 1876.23
152 1757.52 1876.23
153 1757.52 1876.23
154 1757.52 1876.23
155 1757.52 1876.23
156 1757.52 1876.23
157 1757.52 1876.23
158 1757.52 1876.23
159 1757.52 1876.23
160 1503 1876.23
161 1511.63 1876.23
162 1611.28 1876.23
163 1628.97 1876.23
164 1651.5 1876.23
165 1673.71 1876.23
166 1753.75 1876.23
167 1755.5 1876.23
168 1762.26 1876.23
169 1801.36 1876.23
170 1802.8 1876.23
171 1809.05 1876.23
172 1831.69 1876.23
173 1831.69 1876.23
174 1831.69 1876.23
175 1831.69 1876.23
176 1831.69 1876.23
177 1831.69 1876.23
178 1831.69 1876.23
179 1831.69 1876.23
180 1831.69 1876.23
181 1831.69 1876.23
182 1521.26 1876.23
183 1589.95 1876.23
184 1598.18 1876.23
185 1611.14 1876.23
186 1631.17 1876.23
187 1682 1876.23
188 1682.08 1876.23
189 1682.89 1876.23
190 1703.76 1876.23
191 1715.24 1876.23
192 1716.6 1876.23
193 1719.48 1876.23
194 1719.48 1876.23
195 1719.48 1876.23
196 1719.48 1876.23
197 1719.48 1876.23
198 1719.48 1876.23
199 1719.48 1876.23
200 1719.48 1876.23
201 1719.48 1876.23
202 1719.48 1876.23
203 1682.55 1876.23
204 1707.95 1876.23
205 1709.29 1876.23
206 1726.26 1876.23
207 1742.12 1876.23
208 1742.12 1876.23
209 1742.12 1876.23
210 1742.12 1876.23
211 1742.12 1876.23
212 1742.12 1876.23
213 1742.12 1876.23
214 1742.12 1876.23
215 1742.12 1876.23
216 1742.12 1876.23
217 1550.3 1876.23
218 1587.98 1876.23
219 1660.9 1876.23
220 1666.33 1876.23
221 1676.06 1876.23
222 1704.96 1876.23
223 1730.5 1876.23
224 1745.43 1876.23
225 1745.43 1876.23
226 1745.43 1876.23
227 1745.43 1876.23
228 1745.43 1876.23
229 1745.43 1876.23
230 1745.43 1876.23
231 1745.43 1876.23
232 1745.43 1876.23
233 1745.43 1876.23
234 1592.54 1876.23
235 1670.59 1876.23
236 1674.21 1876.23
237 1681.28 1876.23
238 1684.28 1876.23
239 1690.34 1876.23
240 1700.56 1876.23
241 1717.9 1876.23
242 1722.04 1876.23
243 1722.04 1876.23
244 1722.04 1876.23
245 1722.04 1876.23
246 1722.04 1876.23
247 1722.04 1876.23
248 1722.04 1876.23
249 1722.04 1876.23
250 1722.04 1876.23
251 1722.04 1876.23
252 1628.77 1876.23
253 1679.6 1876.23
254 1681.11 1876.23
255 1761.67 1876.23
256 1767.3 1876.23
257 1773.91 1876.23
258 1773.91 1876.23
259 1773.91 1876.23
260 1773.91 1876.23
261 1773.91 1876.23
262 1773.91 1876.23
263 1773.91 1876.23
264 1773.91 1876.23
265 1773.91 1876.23
266 1773.91 1876.23
267 1671.49 1876.23
268 1710.74 1876.23
269 1718.53 1876.23
270 1728.32 1876.23
271 1734.16 1876.23
272 1734.16 1876.23
273 1734.16 1876.23
274 1734.16 1876.23
275 1734.16 1876.23
276 1734.16 1876.23
277 1734.16 1876.23
278 1734.16 1876.23
279 1734.16 1876.23
280 1734.16 1876.23
281 1481.06 1876.23
282 1499.27 1876.23
283 1527.1 1876.23
284 1535.52 1876.23
285 1583.14 1876.23
286 1606.98 1876.23
287 1610.12 1876.23
288 1622.65 1876.23
289 1624.36 1876.23
290 1634.23 1876.23
291 1647.25 1876.23
292 1663.88 1876.23
293 1677.3 1876.23
294 1677.3 1876.23
295 1677.3 1876.23
296 1677.3 1876.23
297 1677.3 1876.23
298 1677.3 1876.23
299 1677.3 1876.23
300 1677.3 1876.23
301 1677.3 1876.23
302 1677.3 1876.23
303 1599.36 1876.23
304 1629.05 1876.23
305 1632.64 1876.23
306 1638.25 1876.23
307 1641.26 1876.23
308 1649.48 1876.23
309 1701.41 1876.23
310 1701.6 1876.23
311 1714.56 1876.23
312 1751.31 1876.23
313 1773.35 1876.23
314 1773.35 1876.23
315 1773.35 1876.23
316 1773.35 1876.23
317 1773.35 1876.23
318 1773.35 1876.23
319 1773.35 1876.23
320 1773.35 1876.23
321 1773.35 1876.23
322 1773.35 1876.23
323 1550.05 1876.23
324 1586.72 1876.23
325 1624.54 1876.23
326 1645.55 1876.23
327 1647.54 1876.23
328 1656.6 1876.23
329 1678.38 1876.23
330 1728.14 1876.23
331 1745.59 1876.23
332 1763.36 1876.23
333 1763.36 1876.23
334 1763.36 1876.23
335 1763.36 1876.23
336 1763.36 1876.23
337 1763.36 1876.23
338 1763.36 1876.23
339 1763.36 1876.23
340 1763.36 1876.23
341 1763.36 1876.23
342 1644.79 1876.23
343 1675.07 1876.23
344 1677.58 1876.23
345 1718.9 1876.23
346 1742.72 1876.23
347 1746.99 1876.23
348 1767.15 1876.23
349 1770.87 1876.23
350 1772.68 1876.23
351 1779.56 1876.23
352 1779.56 1876.23
353 1779.56 1876.23
354 1779.56 1876.23
355 1779.56 1876.23
356 1779.56 1876.23
357 1779.56 1876.23
358 1779.56 1876.23
359 1779.56 1876.23
360 1779.56 1876.23
361 1629.65 1876.23
362 1640.97 1876.23
363 1668.64 1876.23
364 1692.21 1876.23
365 1716.47 1876.23
366 1773.22 1876.23
367 1825.3 1876.23
368 1846.6 1876.23
369 1875.32 1876.23
370 1892.24 1892.24
371 1912.11 1912.11
372 1912.11 1912.11
373 1912.11 1912.11
374 1912.11 1912.11
375 1912.11 1912.11
376 1912.11 1912.11
377 1912.11 1912.11
378 1912.11 1912.11
379 1912.11 1912.11
380 1912.11 1912.11
381 1589.53 1912.11
382 1591.63 1912.11
383 1624.35 1912.11
384 1691.28 1912.11
385 1713.75 1912.11
386 1725.36 1912.11
387 1772.37 1912.11
388 1804.13 1912.11
389 1804.13 1912.11
390 1804.13 1912.11
391 1804.13 1912.11
392 1804.13 1912.11
393 1804.13 1912.11
394 1804.13 1912.11
395 1804.13 1912.11
396 1804.13 1912.11
397 1804.13 1912.11
398 1491.16 1912.11
399 1492.74 1912.11
400 1600.08 1912.11
401 1621.25 1912.11
402 1626.79 1912.11
403 1660.95 1912.11
404 1706.45 1912.11
405 1713.69 1912.11
406 1713.69 1912.11
407 1713.69 1912.11
408 1713.69 1912.11
409 1713.69 1912.11
410 1713.69 1912.11
411 1713.69 1912.11
412 1713.69 1912.11
413 1713.69 1912.11
414 1713.69 1912.11
415 1677.16 1912.11
416 1720.12 1912.11
417 1745.73 1912.11
418 1780.55 1912.11
419 1780.55 1912.11
420 1780.55 1912.11
421 1780.55 1912.11
422 1780.55 1912.11
423 1780.55 1912.11
424 1780.55 1912.11
425 1780.55 1912.11
426 1780.55 1912.11
427 1780.55 1912.11
428 1555.07 1912.11
429 1651.44 1912.11
430 1710.91 1912.11
431 1711.58 1912.11
432 1759.29 1912.11
433 1807.78 1912.11
434 1807.78 1912.11
435 1807.78 1912.11
436 1807.78 1912.11
437 1807.78 1912.11
438 1807.78 1912.11
439 1807.78 1912.11
440 1807.78 1912.11
441 1807.78 1912.11
442 1807.78 1912.11
443 1636.17 1912.11
444 1664.25 1912.11
445 1664.96 1912.11
446 1675.66 1912.11
447 1706.17 1912.11
448 1718.07 1912.11
449 1744.03 1912.11
450 1752.53 1912.11
451 1760.34 1912.11
452 1775.49 1912.11
453 1776.34 1912.11
454 1776.34 1912.11
455 1776.34 1912.11
456 1776.34 1912.11
457 1776.34 1912.11
458 1776.34 1912.11
459 1776.34 1912.11
460 1776.34 1912.11
461 1776.34 1912.11
462 1776.34 1912.11
463 1518.17 1912.11
464 1547.27 1912.11
465 1568.47 1912.11
466 1618.99 1912.11
467 1646.15 1912.11
468 1652.32 1912.11
469 1699.74 1912.11
470 1700.1 1912.11
471 1701.75 1912.11
472 1714.61 1912.11
473 1726.05 1912.11
474 1738.34 1912.11
475 1744.78 1912.11
476 1754.2 1912.11
477 1756.57 1912.11
478 1756.57 1912.11
479 1756.57 1912.11
480 1756.57 1912.11
481 1756.57 1912.11
482 1756.57 1912.11
483 1756.57 1912.11
484 1756.57 1912.11
485 1756.57 1912.11
486 1756.57 1912.11
487 1423.06 1912.11
488 1440.2 1912.11
489 1471.39 1912.11
490 1507.41 1912.11
491 1519.07 1912.11
492 1527.42 1912.11
493 1530.3 1912.11
494 1561.76 1912.11
495 1566.35 1912.11
496 1573.65 1912.11
497 1576.85 1912.11
498 1594.57 1912.11
499 1614.95 1912.11
500 1618.18 1912.11
501 1663.5 1912.11
502 1663.5 1912.11
503 1663.5 1912.11
504 1663.5 1912.11
505 1663.5 1912.11
506 1663.5 1912.11
507 1663.5 1912.11
508 1663.5 1912.11
509 1663.5 1912.11
510 1663.5 1912.11
511 1659.29 1912.11
512 1700.06 1912.11
513 1714.91 1912.11
514 1747.48 1912.11
515 1766.23 1912.11
516 1814.76 1912.11
517 1830.36 1912.11
518 1840.62 1912.11
519 1851.57 1912.11
520 1857.56 1912.11
521 1857.56 1912.11
522 1857.56 1912.11
523 1857.56 1912.11
524 1857.56 1912.11
525 1857.56 1912.11
526 1857.56 1912.11
527 1857.56 1912.11
528 1857.56 1912.11
529 1857.56 1912.11
530 1547.8 1912.11
531 1549.09 1912.11
532 1553.25 1912.11
533 1569.51 1912.11
534 1620.74 1912.11
535 1640.55 1912.11
536 1654.76 1912.11
537 1687.07 1912.11
538 1712.03 1912.11
539 1729.76 1912.11
540 1733.4 1912.11
541 1754.29 1912.11
542 1756.21 1912.11
543 1756.21 1912.11
544 1756.21 1912.11
545 1756.21 1912.11
546 1756.21 1912.11
547 1756.21 1912.11
548 1756.21 1912.11
549 1756.21 1912.11
550 1756.21 1912.11
551 1756.21 1912.11
552 1685.45 1912.11
553 1704.92 1912.11
554 1734.33 1912.11
555 1751.51 1912.11
556 1809.7 1912.11
557 1809.7 1912.11
558 1809.7 1912.11
559 1809.7 1912.11
560 1809.7 1912.11
561 1809.7 1912.11
562 1809.7 1912.11
563 1809.7 1912.11
564 1809.7 1912.11
565 1809.7 1912.11
566 1553.99 1912.11
567 1609.59 1912.11
568 1663.13 1912.11
569 1667.75 1912.11
570 1684.37 1912.11
571 1684.37 1912.11
572 1684.37 1912.11
573 1684.37 1912.11
574 1684.37 1912.11
575 1684.37 1912.11
576 1684.37 1912.11
577 1684.37 1912.11
578 1684.37 1912.11
579 1684.37 1912.11
580 1504.22 1912.11
581 1512.03 1912.11
582 1525.54 1912.11
583 1549.3 1912.11
584 1608.22 1912.11
585 1641.65 1912.11
586 1663.54 1912.11
587 1666.25 1912.11
588 1681.56 1912.11
589 1688.48 1912.11
590 1737.77 1912.11
591 1745.89 1912.11
592 1752.65 1912.11
593 1752.65 1912.11
594 1752.65 1912.11
595 1752.65 1912.11
596 1752.65 1912.11
597 1752.65 1912.11
598 1752.65 1912.11
599 1752.65 1912.11
600 1752.65 1912.11
601 1752.65 1912.11
602 1512.67 1912.11
603 1568.73 1912.11
604 1574.76 1912.11
605 1581.26 1912.11
606 1617.11 1912.11
607 1617.78 1912.11
608 1618.72 1912.11
609 1650.5 1912.11
610 1658.85 1912.11
611 1672.48 1912.11
612 1702 1912.11
613 1713.13 1912.11
614 1721.15 1912.11
615 1721.15 1912.11
616 1721.15 1912.11
617 1721.15 1912.11
618 1721.15 1912.11
619 1721.15 1912.11
620 1721.15 1912.11
621 1721.15 1912.11
622 1721.15 1912.11
623 1721.15 1912.11
624 1589.49 1912.11
625 1632.85 1912.11
626 1637.43 1912.11
627 1651.38 1912.11
628 1654.52 1912.11
629 1662.08 1912.11
630 1671.08 1912.11
631 1688.82 1912.11
632 1688.82 1912.11
633 1688.82 1912.11
634 1688.82 1912.11
635 1688.82 1912.11
636 1688.82 1912.11
637 1688.82 1912.11
638 1688.82 1912.11
639 1688.82 1912.11
640 1688.82 1912.11
641 1622.25 1912.11
642 1778.85 1912.11
643 1787.28 1912.11
644 1806.38 1912.11
645 1817.07 1912.11
646 1817.07 1912.11
647 1817.07 1912.11
648 1817.07 1912.11
649 1817.07 1912.11
650 1817.07 1912.11
651 1817.07 1912.11
652 1817.07 1912.11
653 1817.07 1912.11
654 1817.07 1912.11
655 1750.83 1912.11
656 1756.83 1912.11
657 1759.11 1912.11
658 1796.59 1912.11
659 1836.13 1912.11
660 1863.5 1912.11
661 1891.54 1912.11
662 1908.29 1912.11
663 1911.45 1912.11
664 1911.45 1912.11
665 1911.45 1912.11
666 1911.45 1912.11
667 1911.45 1912.11
668 1911.45 1912.11
669 1911.45 1912.11
670 1911.45 1912.11
671 1911.45 1912.11
672 1911.45 1912.11
673 1571.93 1912.11
674 1623.75 1912.11
675 1665.54 1912.11
676 1696.45 1912.11
677 1708.16 1912.11
678 1713.73 1912.11
679 1736.2 1912.11
680 1744.47 1912.11
681 1769.79 1912.11
682 1773.12 1912.11
683 1784.53 1912.11
684 1829.24 1912.11
685 1829.24 1912.11
686 1829.24 1912.11
687 1829.24 1912.11
688 1829.24 1912.11
689 1829.24 1912.11
690 1829.24 1912.11
691 1829.24 1912.11
692 1829.24 1912.11
693 1829.24 1912.11
694 1616.6 1912.11
695 1683.1 1912.11
696 1696.76 1912.11
697 1705.78 1912.11
698 1751.23 1912.11
699 1762.13 1912.11
700 1779.88 1912.11
701 1779.88 1912.11
702 1779.88 1912.11
703 1779.88 1912.11
704 1779.88 1912.11
705 1779.88 1912.11
706 1779.88 1912.11
707 1779.88 1912.11
708 1779.88 1912.11
709 1779.88 1912.11
710 1422.04 1912.11
711 1507.89 1912.11
712 1594.11 1912.11
713 1633.37 1912.11
714 1636.79 1912.11
715 1645.26 1912.11
716 1651.5 1912.11
717 1659.65 1912.11
718 1673.32 1912.11
719 1677.91 1912.11
720 1679.52 1912.11
721 1680.68 1912.11
722 1694.15 1912.11
723 1726.99 1912.11
724 1726.99 1912.11
725 1726.99 1912.11
726 1726.99 1912.11
727 1726.99 1912.11
728 1726.99 1912.11
729 1726.99 1912.11
730 1726.99 1912.11
731 1726.99 1912.11
732 1726.99 1912.11
733 1643.7 1912.11
734 1710.2 1912.11
735 1715.12 1912.11
736 1761.69 1912.11
737 1776.2 1912.11
738 1806.06 1912.11
739 1811.72 1912.11
740 1855.29 1912.11
741 1855.29 1912.11
742 1855.29 1912.11
743 1855.29 1912.11
744 1855.29 1912.11
745 1855.29 1912.11
746 1855.29 1912.11
747 1855.29 1912.11
748 1855.29 1912.11
749 1855.29 1912.11
750 1596.99 1912.11
751 1631.54 1912.11
752 1676.75 1912.11
753 1697.64 1912.11
754 1710.74 1912.11
755 1714.02 1912.11
756 1715.59 1912.11
757 1743.72 1912.11
758 1769.59 1912.11
759 1769.59 1912.11
760 1769.59 1912.11
761 1769.59 1912.11
762 1769.59 1912.11
763 1769.59 1912.11
764 1769.59 1912.11
765 1769.59 1912.11
766 1769.59 1912.11
767 1769.59 1912.11
768 1709.52 1912.11
769 1711.21 1912.11
770 1729.4 1912.11
771 1731.86 1912.11
772 1751.53 1912.11
773 1773.91 1912.11
774 1807.84 1912.11
775 1808.96 1912.11
776 1812.13 1912.11
777 1812.13 1912.11
778 1812.13 1912.11
779 1812.13 1912.11
780 1812.13 1912.11
781 1812.13 1912.11
782 1812.13 1912.11
783 1812.13 1912.11
784 1812.13 1912.11
785 1812.13 1912.11
786 1581.63 1912.11
787 1608.7 1912.11
788 1632.54 1912.11
789 1668.55 1912.11
790 1742.91 1912.11
791 1752.73 1912.11
792 1752.73 1912.11
793 1752.73 1912.11
794 1752.73 1912.11
795 1752.73 1912.11
796 1752.73 1912.11
797 1752.73 1912.11
798 1752.73 1912.11
799 1752.73 1912.11
800 1752.73 1912.11
801 1743.83 1912.11
802 1770.97 1912.11
803 1802.48 1912.11
804 1860.9 1912.11
805 1865.5 1912.11
806 1879.11 1912.11
807 1879.94 1912.11
808 1882.46 1912.11
809 1901.2 1912.11
810 1908.29 1912.11
811 1914.22 1914.22
812 1940.45 1940.45
813 1940.45 1940.45
814 1940.45 1940.45
815 1940.45 1940.45
816 1940.45 1940.45
817 1940.45 1940.45
818 1940.45 1940.45
819 1940.45 1940.45
820 1940.45 1940.45
821 1940.45 1940.45
822 1705.84 1940.45
823 1708.57 1940.45
824 1714.26 1940.45
825 1730.71 1940.45
826 1753.28 1940.45
827 1763.51 1940.45
828 1766.2 1940.45
829 1785.6 1940.45
830 1796.88 1940.45
831 1829.9 1940.45
832 1855.54 1940.45
833 1855.54 1940.45
834 1855.54 1940.45
835 1855.54 1940.45
836 1855.54 1940.45
837 1855.54 1940.45
838 1855.54 1940.45
839 1855.54 1940.45
840 1855.54 1940.45
841 1855.54 1940.45
842 1573.89 1940.45
843 1606.84 1940.45
844 1652.88 1940.45
845 1712.91 1940.45
846 1760.37 1940.45
847 1769.04 1940.45
848 1779.97 1940.45
849 1797.94 1940.45
850 1802.16 1940.45
851 1802.16 1940.45
852 1802.16 1940.45
853 1802.16 1940.45
854 1802.16 1940.45
855 1802.16 1940.45
856 1802.16 1940.45
857 1802.16 1940.45
858 1802.16 1940.45
859 1802.16 1940.45
860 1637.29 1940.45
861 1665.48 1940.45
862 1672.15 1940.45
863 1674.98 1940.45
864 1687.41 1940.45
865 1689.49 1940.45
866 1694.22 1940.45
867 1695.79 1940.45
868 1701.75 1940.45
869 1709.28 1940.45
870 1748.01 1940.45
871 1752.33 1940.45
872 1752.33 1940.45
873 1752.33 1940.45
874 1752.33 1940.45
875 1752.33 1940.45
876 1752.33 1940.45
877 1752.33 1940.45
878 1752.33 1940.45
879 1752.33 1940.45
880 1752.33 1940.45
881 1641.31 1940.45
882 1644.01 1940.45
883 1723.44 1940.45
884 1745.11 1940.45
885 1768.38 1940.45
886 1768.38 1940.45
887 1768.38 1940.45
888 1768.38 1940.45
889 1768.38 1940.45
890 1768.38 1940.45
891 1768.38 1940.45
892 1768.38 1940.45
893 1768.38 1940.45
894 1768.38 1940.45
895 1627.91 1940.45
896 1655.8 1940.45
897 1657.99 1940.45
898 1658.5 1940.45
899 1673.88 1940.45
900 1692.79 1940.45
901 1699.02 1940.45
902 1702.32 1940.45
903 1718.82 1940.45
904 1726.31 1940.45
905 1748.64 1940.45
906 1750.96 1940.45
907 1756.97 1940.45
908 1756.97 1940.45
909 1756.97 1940.45
910 1756.97 1940.45
911 1756.97 1940.45
912 1756.97 1940.45
913 1756.97 1940.45
914 1756.97 1940.45
915 1756.97 1940.45
916 1756.97 1940.45
917 1617.56 1940.45
918 1640.37 1940.45
919 1662.26 1940.45
920 1703.66 1940.45
921 1728.17 1940.45
922 1735.58 1940.45
923 1744.14 1940.45
924 1765.03 1940.45
925 1769.91 1940.45
926 1775.28 1940.45
927 1775.28 1940.45
928 1775.28 1940.45
929 1775.28 1940.45
930 1775.28 1940.45
931 1775.28 1940.45
932 1775.28 1940.45
933 1775.28 1940.45
934 1775.28 1940.45
935 1775.28 1940.45
936 1570.97 1940.45
937 1579.37 1940.45
938 1603.79 1940.45
939 1634.68 1940.45
940 1644.74 1940.45
941 1690.42 1940.45
942 1712.1 1940.45
943 1749.35 1940.45
944 1749.35 1940.45
945 1749.35 1940.45
946 1749.35 1940.45
947 1749.35 1940.45
948 1749.35 1940.45
949 1749.35 1940.45
950 1749.35 1940.45
951 1749.35 1940.45
952 1749.35 1940.45
953 1649.93 1940.45
954 1675.39 1940.45
955 1682.44 1940.45
956 1728.35 1940.45
957 1737.75 1940.45
958 1738.02 1940.45
959 1813.4 1940.45
960 1848.43 1940.45
961 1848.43 1940.45
962 1848.43 1940.45
963 1848.43 1940.45
964 1848.43 1940.45
965 1848.43 1940.45
966 1848.43 1940.45
967 1848.43 1940.45
968 1848.43 1940.45
969 1848.43 1940.45
970 1638.84 1940.45
971 1779.47 1940.45
972 1803.11 1940.45
973 1830.98 1940.45
974 1830.98 1940.45
975 1830.98 1940.45
976 1830.98 1940.45
977 1830.98 1940.45
978 1830.98 1940.45
979 1830.98 1940.45
980 1830.98 1940.45
981 1830.98 1940.45
982 1830.98 1940.45
983 1491.09 1940.45
984 1553.69 1940.45
985 1593.74 1940.45
986 1626.16 1940.45
987 1633.83 1940.45
988 1652.32 1940.45
989 1655.7 1940.45
990 1655.83 1940.45
991 1655.83 1940.45
992 1655.83 1940.45
993 1655.83 1940.45
994 1655.83 1940.45
995 1655.83 1940.45
996 1655.83 1940.45
997 1655.83 1940.45
998 1655.83 1940.45
999 1655.83 1940.45
