0 726.16 726.16
1 739.169 739.169
2 782.251 782.251
3 789.657 789.657
4 791.843 791.843
5 809.541 809.541
6 818.297 818.297
7 897.734 897.734
8 899.078 899.078
9 899.078 899.078
10 899.078 899.078
11 899.078 899.078
12 899.078 899.078
13 899.078 899.078
14 899.078 899.078
15 899.078 899.078
16 899.078 899.078
17 899.078 899.078
18 677.436 899.078
19 678.381 899.078
20 709.503 899.078
21 709.904 899.078
22 738.071 899.078
23 767.104 899.078
24 767.219 899.078
25 777.957 899.078
26 807.901 899.078
27 816.378 899.078
28 817.549 899.078
29 819.574 899.078
30 821.424 899.078
31 826.607 899.078
32 834.089 899.078
33 834.089 899.078
34 834.089 899.078
35 834.089 899.078
36 834.089 899.078
37 834.089 899.078
38 834.089 899.078
39 834.089 899.078
40 834.089 899.078
41 834.089 899.078
42 654.373 899.078
43 665.434 899.078
44 682.184 899.078
45 698.562 899.078
46 704.985 899.078
47 710.471 899.078
48 713.142 899.078
49 713.73 899.078
50 714.058 899.078
51 721.13 899.078
52 726.032 899.078
53 726.621 899.078
54 726.974 899.078
55 727.998 899.078
56 736.842 899.078
57 738.493 899.078
58 756.091 899.078
59 756.091 899.078
60 756.091 899.078
61 756.091 899.078
62 756.091 899.078
63 756.091 899.078
64 756.091 899.078
65 756.091 899.078
66 756.091 899.078
67 756.091 899.078
68 510.604 899.078
69 555.587 899.078
70 602.416 899.078
71 610.897 899.078
72 625.159 899.078
73 658.464 899.078
74 663.403 899.078
75 693.46 899.078
76 698.01 899.078
77 707.425 899.078
78 710.534 899.078
79 721.431 899.078
80 743.409 899.078
81 761.472 899.078
82 764.606 899.078
83 774.33 899.078
84 774.798 899.078
85 780.485 899.078
86 790.33 899.078
87 791.07 899.078
88 791.07 899.078
89 791.07 899.078
90 791.07 899.078
91 791.07 899.078
92 791.07 899.078
93 791.07 899.078
94 791.07 899.078
95 791.07 899.078
96 791.07 899.078
97 449.758 899.078
98 463.997 899.078
99 486.935 899.078
100 589.369 899.078
101 618.786 899.078
102 639.633 899.078
103 644.106 899.078
104 658.726 899.078
105 677.347 899.078
106 684.472 899.078
107 685.715 899.078
108 691.099 899.078
109 695.879 899.078
110 697.534 899.078
111 697.598 899.078
112 702.611 899.078
113 725.018 899.078
114 726.269 899.078
115 731.692 899.078
116 731.692 899.078
117 731.692 899.078
118 731.692 899.078
119 731.692 899.078
120 731.692 899.078
121 731.692 899.078
122 731.692 899.078
123 731.692 899.078
124 731.692 899.078
125 627.674 899.078
126 633.274 899.078
127 636.694 899.078
128 687.04 899.078
129 688.038 899.078
130 710.903 899.078
131 713.982 899.078
132 719.245 899.078
133 732.047 899.078
134 734.699 899.078
135 735.127 899.078
136 735.127 899.078
137 735.127 899.078
138 735.127 899.078
139 735.127 899.078
140 735.127 899.078
141 735.127 899.078
142 735.127 899.078
143 735.127 899.078
144 735.127 899.078
145 506.106 899.078
146 595.016 899.078
147 595.354 899.078
148 599.922 899.078
149 606.616 899.078
150 641.952 899.078
151 661.218 899.078
152 667.078 899.078
153 679.975 899.078
154 680.09 899.078
155 695.249 899.078
156 695.812 899.078
157 707.044 899.078
158 714.001 899.078
159 715.667 899.078
160 715.667 899.078
161 715.667 899.078
162 715.667 899.078
163 715.667 899.078
164 715.667 899.078
165 715.667 899.078
166 715.667 899.078
167 715.667 899.078
168 715.667 899.078
169 706.462 899.078
170 747.048 899.078
171 807.396 899.078
172 821.042 899.078
173 825.327 899.078
174 829.971 899.078
175 852.379 899.078
176 853.164 899.078
177 854.429 899.078
178 854.831 899.078
179 862.275 899.078
180 863.227 899.078
181 867.749 899.078
182 867.896 899.078
183 873.123 899.078
184 873.523 899.078
185 873.523 899.078
186 873.523 899.078
187 873.523 899.078
188 873.523 899.078
189 873.523 899.078
190 873.523 899.078
191 873.523 899.078
192 873.523 899.078
193 873.523 899.078
194 632.169 899.078
195 647.107 899.078
196 712.559 899.078
197 716.535 899.078
198 727.665 899.078
199 729.204 899.078
200 757.14 899.078
201 760.466 899.078
202 762.135 899.078
203 798.55 899.078
204 802.113 899.078
205 812.298 899.078
206 813.52 899.078
207 816.506 899.078
208 821.442 899.078
209 821.442 899.078
210 821.442 899.078
211 821.442 899.078
212 821.442 899.078
213 821.442 899.078
214 821.442 899.078
215 821.442 899.078
216 821.442 899.078
217 821.442 899.078
218 641.433 899.078
219 657.863 899.078
220 687.528 899.078
221 703.163 899.078
222 727.609 899.078
223 728.744 899.078
224 742.555 899.078
225 746.322 899.078
226 783.227 899.078
227 789.478 899.078
228 814.804 899.078
229 828.48 899.078
230 849.346 899.078
231 873.427 899.078
232 873.427 899.078
233 873.427 899.078
234 873.427 899.078
235 873.427 899.078
236 873.427 899.078
237 873.427 899.078
238 873.427 899.078
239 873.427 899.078
240 873.427 899.078
241 676.407 899.078
242 699.231 899.078
243 753.066 899.078
244 797.142 899.078
245 800.822 899.078
246 857.552 899.078
247 878.021 899.078
248 884.163 899.078
249 884.527 899.078
250 886.86 899.078
251 888.606 899.078
252 910.597 910.597
253 932.604 932.604
254 933.302 933.302
255 936.431 936.431
256 937.36 937.36
257 943.912 943.912
258 951.875 951.875
259 994.039 994.039
260 994.242 994.242
261 994.333 994.333
262 994.333 994.333
263 994.333 994.333
264 994.333 994.333
265 994.333 994.333
266 994.333 994.333
267 994.333 994.333
268 994.333 994.333
269 994.333 994.333
270 994.333 994.333
271 622.514 994.333
272 654.457 994.333
273 673.748 994.333
274 677.346 994.333
275 715.995 994.333
276 731.213 994.333
277 779.681 994.333
278 798.124 994.333
279 807.102 994.333
280 823.209 994.333
281 843.141 994.333
282 844.001 994.333
283 844.001 994.333
284 844.001 994.333
285 844.001 994.333
286 844.001 994.333
287 844.001 994.333
288 844.001 994.333
289 844.001 994.333
290 844.001 994.333
291 844.001 994.333
292 726.248 994.333
293 727.711 994.333
294 753.81 994.333
295 771.727 994.333
296 793.296 994.333
297 799.792 994.333
298 823.068 994.333
299 827.827 994.333
300 837.191 994.333
301 841.674 994.333
302 842.189 994.333
303 842.189 994.333
304 842.189 994.333
305 842.189 994.333
306 842.189 994.333
307 842.189 994.333
308 842.189 994.333
309 842.189 994.333
310 842.189 994.333
311 842.189 994.333
312 747.811 994.333
313 845.015 994.333
314 856.156 994.333
315 879.155 994.333
316 905.716 994.333
317 906.791 994.333
318 907.446 994.333
319 907.446 994.333
320 907.446 994.333
321 907.446 994.333
322 907.446 994.333
323 907.446 994.333
324 907.446 994.333
325 907.446 994.333
326 907.446 994.333
327 907.446 994.333
328 550.148 994.333
329 731.173 994.333
330 745.111 994.333
331 752.525 994.333
332 756.129 994.333
333 757.098 994.333
334 757.098 994.333
335 757.098 994.333
336 757.098 994.333
337 757.098 994.333
338 757.098 994.333
339 757.098 994.333
340 757.098 994.333
341 757.098 994.333
342 757.098 994.333
343 604.932 994.333
344 605.981 994.333
345 634.115 994.333
346 644.148 994.333
347 644.423 994.333
348 660.788 994.333
349 669.813 994.333
350 682.534 994.333
351 683.039 994.333
352 711.913 994.333
353 723.991 994.333
354 726.082 994.333
355 735.445 994.333
356 737.903 994.333
357 739.273 994.333
358 752.444 994.333
359 756.587 994.333
360 756.803 994.333
361 756.803 994.333
362 756.803 994.333
363 756.803 994.333
364 756.803 994.333
365 756.803 994.333
366 756.803 994.333
367 756.803 994.333
368 756.803 994.333
369 756.803 994.333
370 630.829 994.333
371 693.725 994.333
372 697.117 994.333
373 756.08 994.333
374 789.95 994.333
375 837.394 994.333
376 853.84 994.333
377 855.61 994.333
378 857.315 994.333
379 864.132 994.333
380 868.322 994.333
381 886.874 994.333
382 888.92 994.333
383 890.772 994.333
384 890.772 994.333
385 890.772 994.333
386 890.772 994.333
387 890.772 994.333
388 890.772 994.333
389 890.772 994.333
390 890.772 994.333
391 890.772 994.333
392 890.772 994.333
393 671.318 994.333
394 690.822 994.333
395 751.525 994.333
396 769.245 994.333
397 787.875 994.333
398 796.83 994.333
399 836.638 994.333
400 837.377 994.333
401 842.263 994.333
402 842.8 994.333
403 843.272 994.333
404 843.272 994.333
405 843.272 994.333
406 843.272 994.333
407 843.272 994.333
408 843.272 994.333
409 843.272 994.333
410 843.272 994.333
411 843.272 994.333
412 843.272 994.333
413 506.311 994.333
414 547.732 994.333
415 552.336 994.333
416 563.089 994.333
417 575.997 994.333
418 580.183 994.333
419 611.645 994.333
420 655.798 994.333
421 660.296 994.333
422 686.378 994.333
423 689.677 994.333
424 697.876 994.333
425 700.609 994.333
426 713.115 994.333
427 748.25 994.333
428 748.467 994.333
429 748.486 994.333
430 748.486 994.333
431 748.486 994.333
432 748.486 994.333
433 748.486 994.333
434 748.486 994.333
435 748.486 994.333
436 748.486 994.333
437 748.486 994.333
438 748.486 994.333
439 490.297 994.333
440 528.812 994.333
441 540.686 994.333
442 579.487 994.333
443 580.605 994.333
444 583.701 994.333
445 585.264 994.333
446 602.337 994.333
447 603.558 994.333
448 608.879 994.333
449 614.258 994.333
450 614.528 994.333
451 615.695 994.333
452 617.145 994.333
453 617.145 994.333
454 617.145 994.333
455 617.145 994.333
456 617.145 994.333
457 617.145 994.333
458 617.145 994.333
459 617.145 994.333
460 617.145 994.333
461 617.145 994.333
462 586.36 994.333
463 625.944 994.333
464 632.863 994.333
465 653.498 994.333
466 674.23 994.333
467 691.672 994.333
468 697.348 994.333
469 698.312 994.333
470 732.538 994.333
471 741.103 994.333
472 751.241 994.333
473 755.119 994.333
474 755.119 994.333
475 755.119 994.333
476 755.119 994.333
477 755.119 994.333
478 755.119 994.333
479 755.119 994.333
480 755.119 994.333
481 755.119 994.333
482 755.119 994.333
483 754.447 994.333
484 782.809 994.333
485 815.817 994.333
486 839.359 994.333
487 925.777 994.333
488 983.872 994.333
489 985.632 994.333
490 990.587 994.333
491 1002.21 1002.21
492 1007.04 1007.04
493 1007.04 1007.04
494 1007.04 1007.04
495 1007.04 1007.04
496 1007.04 1007.04
497 1007.04 1007.04
498 1007.04 1007.04
499 1007.04 1007.04
500 1007.04 1007.04
501 1007.04 1007.04
502 796.453 1007.04
503 798.639 1007.04
504 836.806 1007.04
505 839.26 1007.04
506 839.643 1007.04
507 846.022 1007.04
508 877.965 1007.04
509 880.939 1007.04
510 881.085 1007.04
511 881.467 1007.04
512 881.467 1007.04
513 881.467 1007.04
514 881.467 1007.04
515 881.467 1007.04
516 881.467 1007.04
517 881.467 1007.04
518 881.467 1007.04
519 881.467 1007.04
520 881.467 1007.04
521 703.745 1007.04
522 749.83 1007.04
523 775.242 1007.04
524 783.43 1007.04
525 790.44 1007.04
526 842.906 1007.04
527 845.986 1007.04
528 847.951 1007.04
529 849.418 1007.04
530 863.403 1007.04
531 865.49 1007.04
532 865.49 1007.04
533 865.49 1007.04
534 865.49 1007.04
535 865.49 1007.04
536 865.49 1007.04
537 865.49 1007.04
538 865.49 1007.04
539 865.49 1007.04
540 865.49 1007.04
541 799.374 1007.04
542 822.383 1007.04
543 823.247 1007.04
544 828.68 1007.04
545 836.374 1007.04
546 837.084 1007.04
547 861.949 1007.04
548 864.087 1007.04
549 864.422 1007.04
550 864.575 1007.04
551 868.521 1007.04
552 868.623 1007.04
553 868.776 1007.04
554 868.776 1007.04
555 868.776 1007.04
556 868.776 1007.04
557 868.776 1007.04
558 868.776 1007.04
559 868.776 1007.04
560 868.776 1007.04
561 868.776 1007.04
562 868.776 1007.04
563 493.186 1007.04
564 514.544 1007.04
565 514.976 1007.04
566 525.272 1007.04
567 561.897 1007.04
568 612.767 1007.04
569 628.596 1007.04
570 689.676 1007.04
571 717.239 1007.04
572 735.963 1007.04
573 748.384 1007.04
574 767.754 1007.04
575 774.58 1007.04
576 782.764 1007.04
577 782.981 1007.04
578 784.118 1007.04
579 785.007 1007.04
580 813.551 1007.04
581 829.708 1007.04
582 833.858 1007.04
583 837.97 1007.04
584 837.97 1007.04
585 837.97 1007.04
586 837.97 1007.04
587 837.97 1007.04
588 837.97 1007.04
589 837.97 1007.04
590 837.97 1007.04
591 837.97 1007.04
592 837.97 1007.04
593 534.513 1007.04
594 553.668 1007.04
595 566.256 1007.04
596 588.684 1007.04
597 605.233 1007.04
598 616.392 1007.04
599 623.06 1007.04
600 632.444 1007.04
601 639.418 1007.04
602 729.389 1007.04
603 735.716 1007.04
604 770.866 1007.04
605 774.018 1007.04
606 778.294 1007.04
607 790.666 1007.04
608 794.11 1007.04
609 803.795 1007.04
610 805.233 1007.04
611 805.233 1007.04
612 805.233 1007.04
613 805.233 1007.04
614 805.233 1007.04
615 805.233 1007.04
616 805.233 1007.04
617 805.233 1007.04
618 805.233 1007.04
619 805.233 1007.04
620 514.792 1007.04
621 594.075 1007.04
622 610.408 1007.04
623 617.729 1007.04
624 650.303 1007.04
625 663.558 1007.04
626 667.771 1007.04
627 675.236 1007.04
628 679.516 1007.04
629 679.516 1007.04
630 679.516 1007.04
631 679.516 1007.04
632 679.516 1007.04
633 679.516 1007.04
634 679.516 1007.04
635 679.516 1007.04
636 679.516 1007.04
637 679.516 1007.04
638 688.294 1007.04
639 716.239 1007.04
640 721.028 1007.04
641 735.232 1007.04
642 771.722 1007.04
643 787.884 1007.04
644 789.877 1007.04
645 790.178 1007.04
646 792.402 1007.04
647 793.655 1007.04
648 793.845 1007.04
649 793.845 1007.04
650 793.845 1007.04
651 793.845 1007.04
652 793.845 1007.04
653 793.845 1007.04
654 793.845 1007.04
655 793.845 1007.04
656 793.845 1007.04
657 793.845 1007.04
658 662.096 1007.04
659 712.99 1007.04
660 730.957 1007.04
661 782.024 1007.04
662 823.506 1007.04
663 835.478 1007.04
664 884.08 1007.04
665 895.37 1007.04
666 904.869 1007.04
667 923.44 1007.04
668 936.639 1007.04
669 955.825 1007.04
670 970.576 1007.04
671 971.329 1007.04
672 971.897 1007.04
673 973.085 1007.04
674 973.838 1007.04
675 982.764 1007.04
676 982.764 1007.04
677 982.764 1007.04
678 982.764 1007.04
679 982.764 1007.04
680 982.764 1007.04
681 982.764 1007.04
682 982.764 1007.04
683 982.764 1007.04
684 982.764 1007.04
685 774.495 1007.04
686 780.839 1007.04
687 798.774 1007.04
688 803.174 1007.04
689 848.466 1007.04
690 871.671 1007.04
691 881.639 1007.04
692 897.285 1007.04
693 927.341 1007.04
694 956.321 1007.04
695 959.488 1007.04
696 962.926 1007.04
697 962.926 1007.04
698 962.926 1007.04
699 962.926 1007.04
700 962.926 1007.04
701 962.926 1007.04
702 962.926 1007.04
703 962.926 1007.04
704 962.926 1007.04
705 962.926 1007.04
706 815.966 1007.04
707 831.449 1007.04
708 866.511 1007.04
709 870.954 1007.04
710 879.995 1007.04
711 905.28 1007.04
712 906.195 1007.04
713 906.533 1007.04
714 909.684 1007.04
715 932.004 1007.04
716 935.1 1007.04
717 954.507 1007.04
718 976.383 1007.04
719 985.232 1007.04
720 985.232 1007.04
721 985.232 1007.04
722 985.232 1007.04
723 985.232 1007.04
724 985.232 1007.04
725 985.232 1007.04
726 985.232 1007.04
727 985.232 1007.04
728 985.232 1007.04
729 647.91 1007.04
730 659.636 1007.04
731 661.649 1007.04
732 676.362 1007.04
733 681.038 1007.04
734 710.595 1007.04
735 722.907 1007.04
736 755.907 1007.04
737 759.429 1007.04
738 769.937 1007.04
739 782.213 1007.04
740 782.972 1007.04
741 783.443 1007.04
742 784.799 1007.04
743 785.1 1007.04
744 793.173 1007.04
745 793.503 1007.04
746 800.579 1007.04
747 806.836 1007.04
748 806.836 1007.04
749 806.836 1007.04
750 806.836 1007.04
751 806.836 1007.04
752 806.836 1007.04
753 806.836 1007.04
754 806.836 1007.04
755 806.836 1007.04
756 806.836 1007.04
757 601.418 1007.04
758 627.043 1007.04
759 643.042 1007.04
760 669.377 1007.04
761 687.487 1007.04
762 688.763 1007.04
763 707.343 1007.04
764 727.777 1007.04
765 753.051 1007.04
766 791.062 1007.04
767 791.194 1007.04
768 794.151 1007.04
769 794.151 1007.04
770 794.151 1007.04
771 794.151 1007.04
772 794.151 1007.04
773 794.151 1007.04
774 794.151 1007.04
775 794.151 1007.04
776 794.151 1007.04
777 794.151 1007.04
778 501.954 1007.04
779 527.308 1007.04
780 591.59 1007.04
781 614.46 1007.04
782 661.829 1007.04
783 697.376 1007.04
784 720.742 1007.04
785 733.589 1007.04
786 753.567 1007.04
787 755.586 1007.04
788 756.767 1007.04
789 763.546 1007.04
790 790.681 1007.04
791 790.759 1007.04
792 790.759 1007.04
793 790.759 1007.04
794 790.759 1007.04
795 790.759 1007.04
796 790.759 1007.04
797 790.759 1007.04
798 790.759 1007.04
799 790.759 1007.04
800 790.759 1007.04
801 422.381 1007.04
802 425.993 1007.04
803 450.866 1007.04
804 516.027 1007.04
805 518.388 1007.04
806 519.009 1007.04
807 531.969 1007.04
808 532.967 1007.04
809 537.742 1007.04
810 540.028 1007.04
811 540.225 1007.04
812 540.225 1007.04
813 540.225 1007.04
814 540.225 1007.04
815 540.225 1007.04
816 540.225 1007.04
817 540.225 1007.04
818 540.225 1007.04
819 540.225 1007.04
820 540.225 1007.04
821 529.483 1007.04
822 550.843 1007.04
823 567.126 1007.04
824 567.283 1007.04
825 608.847 1007.04
826 616.809 1007.04
827 618.233 1007.04
828 628.092 1007.04
829 630.72 1007.04
830 633.642 1007.04
831 640.254 1007.04
832 665.707 1007.04
833 672.483 1007.04
834 673.968 1007.04
835 675.658 1007.04
836 680.589 1007.04
837 681.076 1007.04
838 683.272 1007.04
839 684.805 1007.04
840 684.805 1007.04
841 684.805 1007.04
842 684.805 1007.04
843 684.805 1007.04
844 684.805 1007.04
845 684.805 1007.04
846 684.805 1007.04
847 684.805 1007.04
848 684.805 1007.04
849 565.695 1007.04
850 692.653 1007.04
851 694.549 1007.04
852 708.692 1007.04
853 712.997 1007.04
854 712.997 1007.04
855 712.997 1007.04
856 712.997 1007.04
857 712.997 1007.04
858 712.997 1007.04
859 712.997 1007.04
860 712.997 1007.04
861 712.997 1007.04
862 712.997 1007.04
863 729.635 1007.04
864 732.749 1007.04
865 750.231 1007.04
866 750.711 1007.04
867 772.073 1007.04
868 774.692 1007.04
869 775.984 1007.04
870 787.312 1007.04
871 798.967 1007.04
872 808.896 1007.04
873 811.949 1007.04
874 812.951 1007.04
875 812.951 1007.04
876 812.951 1007.04
877 812.951 1007.04
878 812.951 1007.04
879 812.951 1007.04
880 812.951 1007.04
881 812.951 1007.04
882 812.951 1007.04
883 812.951 1007.04
884 735.037 1007.04
885 740.498 1007.04
886 761.612 1007.04
887 967.815 1007.04
888 968.061 1007.04
889 968.136 1007.04
890 982.551 1007.04
891 989.226 1007.04
892 991.016 1007.04
893 1008.22 1008.22
894 1008.79 1008.79
895 1021.04 1021.04
896 1021.18 1021.18
897 1024.86 1024.86
898 1027.77 1027.77
899 1028.02 1028.02
900 1028.42 1028.42
901 1028.42 1028.42
902 1028.42 1028.42
903 1028.42 1028.42
904 1028.42 1028.42
905 1028.42 1028.42
906 1028.42 1028.42
907 1028.42 1028.42
908 1028.42 1028.42
909 1028.42 1028.42
910 460.317 1028.42
911 752.275 1028.42
912 771.962 1028.42
913 784.962 1028.42
914 785.52 1028.42
915 786.875 1028.42
916 788.624 1028.42
917 884.812 1028.42
918 888.279 1028.42
919 888.485 1028.42
920 890.554 1028.42
921 891.032 1028.42
922 891.032 1028.42
923 891.032 1028.42
924 891.032 1028.42
925 891.032 1028.42
926 891.032 1028.42
927 891.032 1028.42
928 891.032 1028.42
929 891.032 1028.42
930 891.032 1028.42
931 658.069 1028.42
932 691.713 1028.42
933 704.502 1028.42
934 715.341 1028.42
935 715.567 1028.42
936 719.053 1028.42
937 719.053 1028.42
938 719.053 1028.42
939 719.053 1028.42
940 719.053 1028.42
941 719.053 1028.42
942 719.053 1028.42
943 719.053 1028.42
944 719.053 1028.42
945 719.053 1028.42
946 650.387 1028.42
947 658.269 1028.42
948 719.608 1028.42
949 720.338 1028.42
950 728.063 1028.42
951 731.706 1028.42
952 750.863 1028.42
953 777.065 1028.42
954 805.945 1028.42
955 810.522 1028.42
956 812.851 1028.42
957 812.851 1028.42
958 812.851 1028.42
959 812.851 1028.42
960 812.851 1028.42
961 812.851 1028.42
962 812.851 1028.42
963 812.851 1028.42
964 812.851 1028.42
965 812.851 1028.42
966 585.639 1028.42
967 629.701 1028.42
968 678.815 1028.42
969 684.703 1028.42
970 702.586 1028.42
971 704.032 1028.42
972 706.284 1028.42
973 714.544 1028.42
974 714.971 1028.42
975 714.971 1028.42
976 714.971 1028.42
977 714.971 1028.42
978 714.971 1028.42
979 714.971 1028.42
980 714.971 1028.42
981 714.971 1028.42
982 714.971 1028.42
983 714.971 1028.42
984 457.634 1028.42
985 517.432 1028.42
986 582.67 1028.42
987 647.241 1028.42
988 692.795 1028.42
989 724.805 1028.42
990 725.889 1028.42
991 735.639 1028.42
992 747.935 1028.42
993 754.381 1028.42
994 763.591 1028.42
995 773.418 1028.42
996 780.189 1028.42
997 781.74 1028.42
998 784.912 1028.42
999 784.912 1028.42
