0 4383.95 4383.95
1 4410.8 4410.8
2 4500.98 4500.98
3 4535.45 4535.45
4 4602.48 4602.48
5 4685.2 4685.2
6 4704.79 4704.79
7 4745.67 4745.67
8 4802.74 4802.74
9 4826.25 4826.25
10 4867.35 4867.35
11 4881.8 4881.8
12 4900.21 4900.21
13 4905.84 4905.84
14 4943.03 4943.03
15 4948.15 4948.15
16 4991.43 4991.43
17 4998.04 4998.04
18 5059.43 5059.43
19 5094.52 5094.52
20 5145.47 5145.47
21 5145.92 5145.92
22 5163.43 5163.43
23 5175.07 5175.07
24 5184.42 5184.42
25 5190.31 5190.31
26 5209.91 5209.91
27 5217.03 5217.03
28 5232.27 5232.27
29 5233.32 5233.32
30 5255.31 5255.31
31 5265.11 5265.11
32 5272.2 5272.2
33 5290.96 5290.96
34 5318.61 5318.61
35 5333.67 5333.67
36 5339.24 5339.24
37 5339.24 5339.24
38 5339.24 5339.24
39 5340.34 5340.34
40 5360.76 5360.76
41 5371.34 5371.34
42 5395.21 5395.21
43 5397.89 5397.89
44 5400.79 5400.79
45 5405.17 5405.17
46 5406.41 5406.41
47 5416.18 5416.18
48 5432.2 5432.2
49 5436.68 5436.68
50 5439.41 5439.41
51 5439.41 5439.41
52 5441.27 5441.27
53 5441.27 5441.27
54 5460.48 5460.48
55 5460.48 5460.48
56 5460.48 5460.48
57 5460.48 5460.48
58 5460.48 5460.48
59 5460.48 5460.48
60 5460.48 5460.48
61 5460.48 5460.48
62 5460.48 5460.48
63 5460.48 5460.48
64 5075.86 5460.48
65 5126.37 5460.48
66 5169.22 5460.48
67 5185.27 5460.48
68 5185.94 5460.48
69 5194.96 5460.48
70 5232.75 5460.48
71 5233.43 5460.48
72 5254.48 5460.48
73 5275.22 5460.48
74 5314.03 5460.48
75 5328.51 5460.48
76 5337.16 5460.48
77 5349.82 5460.48
78 5383.96 5460.48
79 5393.83 5460.48
80 5410.67 5460.48
81 5416.55 5460.48
82 5436.05 5460.48
83 5442.7 5460.48
84 5442.7 5460.48
85 5442.7 5460.48
86 5442.7 5460.48
87 5442.7 5460.48
88 5442.7 5460.48
89 5442.7 5460.48
90 5442.7 5460.48
91 5442.7 5460.48
92 5442.7 5460.48
93 5085.62 5460.48
94 5096.4 5460.48
95 5105.73 5460.48
96 5109.43 5460.48
97 5142.87 5460.48
98 5222.09 5460.48
99 5230.05 5460.48
100 5247.41 5460.48
101 5270.71 5460.48
102 5278.71 5460.48
103 5313.1 5460.48
104 5334.65 5460.48
105 5345.65 5460.48
106 5412.78 5460.48
107 5417.42 5460.48
108 5426.54 5460.48
109 5428.99 5460.48
110 5445.36 5460.48
111 5455.78 5460.48
112 5456.63 5460.48
113 5466.25 5466.25
114 5466.25 5466.25
115 5466.25 5466.25
116 5466.25 5466.25
117 5466.25 5466.25
118 5466.25 5466.25
119 5466.25 5466.25
120 5466.25 5466.25
121 5466.25 5466.25
122 5466.25 5466.25
123 5216.13 5466.25
124 5289.12 5466.25
125 5324.54 5466.25
126 5365.9 5466.25
127 5413.73 5466.25
128 5416.98 5466.25
129 5427.58 5466.25
130 5432.7 5466.25
131 5459.46 5466.25
132 5474.7 5474.7
133 5474.82 5474.82
134 5494.72 5494.72
135 5499.71 5499.71
136 5526.11 5526.11
137 5528.67 5528.67
138 5530.33 5530.33
139 5531.89 5531.89
140 5534.56 5534.56
141 5537.4 5537.4
142 5556.04 5556.04
143 5559.08 5559.08
144 5561.52 5561.52
145 5570.2 5570.2
146 5584.93 5584.93
147 5592.29 5592.29
148 5600.84 5600.84
149 5604.95 5604.95
150 5613.64 5613.64
151 5613.66 5613.66
152 5613.66 5613.66
153 5613.66 5613.66
154 5613.66 5613.66
155 5613.66 5613.66
156 5613.66 5613.66
157 5613.66 5613.66
158 5613.66 5613.66
159 5613.66 5613.66
160 5613.66 5613.66
161 5051.77 5613.66
162 5080.91 5613.66
163 5116.01 5613.66
164 5152.83 5613.66
165 5163.5 5613.66
166 5178.38 5613.66
167 5200.34 5613.66
168 5265.77 5613.66
169 5318.08 5613.66
170 5319.55 5613.66
171 5329.7 5613.66
172 5330.34 5613.66
173 5337.03 5613.66
174 5373.53 5613.66
175 5375.89 5613.66
176 5406.07 5613.66
177 5414.38 5613.66
178 5420.01 5613.66
179 5421.19 5613.66
180 5435.21 5613.66
181 5463.59 5613.66
182 5465.54 5613.66
183 5471.47 5613.66
184 5491.81 5613.66
185 5507.54 5613.66
186 5507.54 5613.66
187 5507.54 5613.66
188 5507.54 5613.66
189 5507.54 5613.66
190 5507.54 5613.66
191 5507.54 5613.66
192 5507.54 5613.66
193 5507.54 5613.66
194 5507.54 5613.66
195 5110.72 5613.66
196 5165.7 5613.66
197 5252.1 5613.66
198 5298.19 5613.66
199 5339.72 5613.66
200 5355.33 5613.66
201 5391.1 5613.66
202 5420.11 5613.66
203 5420.8 5613.66
204 5426.18 5613.66
205 5442.51 5613.66
206 5453.06 5613.66
207 5460.49 5613.66
208 5460.76 5613.66
209 5462.13 5613.66
210 5467.34 5613.66
211 5478.78 5613.66
212 5488.76 5613.66
213 5492.2 5613.66
214 5496.43 5613.66
215 5511.06 5613.66
216 5524.22 5613.66
217 5536.08 5613.66
218 5547.7 5613.66
219 5580.79 5613.66
220 5580.79 5613.66
221 5591.27 5613.66
222 5595.8 5613.66
223 5595.8 5613.66
224 5595.8 5613.66
225 5595.8 5613.66
226 5595.8 5613.66
227 5595.8 5613.66
228 5595.8 5613.66
229 5595.8 5613.66
230 5595.8 5613.66
231 5595.8 5613.66
232 5312.64 5613.66
233 5379.39 5613.66
234 5385.63 5613.66
235 5393.39 5613.66
236 5417.8 5613.66
237 5473.7 5613.66
238 5487.82 5613.66
239 5504.03 5613.66
240 5507.1 5613.66
241 5508.07 5613.66
242 5531.44 5613.66
243 5541.29 5613.66
244 5546.08 5613.66
245 5562 5613.66
246 5567.96 5613.66
247 5568.52 5613.66
248 5569.3 5613.66
249 5574.44 5613.66
250 5575.43 5613.66
251 5575.43 5613.66
252 5575.43 5613.66
253 5575.43 5613.66
254 5575.43 5613.66
255 5575.43 5613.66
256 5575.43 5613.66
257 5575.43 5613.66
258 5575.43 5613.66
259 5575.43 5613.66
260 4868.19 5613.66
261 4965.2 5613.66
262 4989.94 5613.66
263 4992.3 5613.66
264 5033 5613.66
265 5065.21 5613.66
266 5102.8 5613.66
267 5129.98 5613.66
268 5137.2 5613.66
269 5139.31 5613.66
270 5144.43 5613.66
271 5156.27 5613.66
272 5166.8 5613.66
273 5180.55 5613.66
274 5206.24 5613.66
275 5214.84 5613.66
276 5233.4 5613.66
277 5262.38 5613.66
278 5270.72 5613.66
279 5272.39 5613.66
280 5278.39 5613.66
281 5310.53 5613.66
282 5331.81 5613.66
283 5360.74 5613.66
284 5382.8 5613.66
285 5398.76 5613.66
286 5413.33 5613.66
287 5434.09 5613.66
288 5434.99 5613.66
289 5441.63 5613.66
290 5478.74 5613.66
291 5497.47 5613.66
292 5516.32 5613.66
293 5516.32 5613.66
294 5516.32 5613.66
295 5516.32 5613.66
296 5516.32 5613.66
297 5516.32 5613.66
298 5516.32 5613.66
299 5516.32 5613.66
300 5516.32 5613.66
301 5516.32 5613.66
302 5038.77 5613.66
303 5067.16 5613.66
304 5101.98 5613.66
305 5121.56 5613.66
306 5137.07 5613.66
307 5146.37 5613.66
308 5182.91 5613.66
309 5190.54 5613.66
310 5191.89 5613.66
311 5194.88 5613.66
312 5201.79 5613.66
313 5207.52 5613.66
314 5212.1 5613.66
315 5223.86 5613.66
316 5230.24 5613.66
317 5231.47 5613.66
318 5260.49 5613.66
319 5299.63 5613.66
320 5300.45 5613.66
321 5310.61 5613.66
322 5311.83 5613.66
323 5331.28 5613.66
324 5365.84 5613.66
325 5369.65 5613.66
326 5403.81 5613.66
327 5407.49 5613.66
328 5435.48 5613.66
329 5454.13 5613.66
330 5458.32 5613.66
331 5469.21 5613.66
332 5470.1 5613.66
333 5500.79 5613.66
334 5505 5613.66
335 5518.73 5613.66
336 5522.66 5613.66
337 5551.23 5613.66
338 5552.85 5613.66
339 5555.96 5613.66
340 5561.17 5613.66
341 5564.26 5613.66
342 5567.71 5613.66
343 5576.98 5613.66
344 5577.4 5613.66
345 5577.4 5613.66
346 5586.8 5613.66
347 5586.8 5613.66
348 5586.8 5613.66
349 5586.8 5613.66
350 5586.8 5613.66
351 5586.8 5613.66
352 5586.8 5613.66
353 5586.8 5613.66
354 5586.8 5613.66
355 5586.8 5613.66
356 5293.92 5613.66
357 5383.39 5613.66
358 5396 5613.66
359 5398.36 5613.66
360 5434.64 5613.66
361 5471.58 5613.66
362 5474.37 5613.66
363 5474.44 5613.66
364 5492.72 5613.66
365 5507.94 5613.66
366 5523.09 5613.66
367 5568.89 5613.66
368 5572.62 5613.66
369 5591.61 5613.66
370 5591.72 5613.66
371 5623.43 5623.43
372 5624.96 5624.96
373 5656.35 5656.35
374 5656.35 5656.35
375 5656.35 5656.35
376 5656.35 5656.35
377 5656.35 5656.35
378 5656.35 5656.35
379 5656.35 5656.35
380 5656.35 5656.35
381 5656.35 5656.35
382 5656.35 5656.35
383 5135.72 5656.35
384 5230.9 5656.35
385 5241.94 5656.35
386 5243.92 5656.35
387 5246.33 5656.35
388 5260.28 5656.35
389 5290.08 5656.35
390 5298.43 5656.35
391 5303.26 5656.35
392 5311.81 5656.35
393 5329.08 5656.35
394 5339.44 5656.35
395 5341.4 5656.35
396 5364.17 5656.35
397 5375.28 5656.35
398 5382.76 5656.35
399 5385.33 5656.35
400 5404.62 5656.35
401 5421.19 5656.35
402 5422.17 5656.35
403 5451.67 5656.35
404 5457.16 5656.35
405 5457.8 5656.35
406 5483.48 5656.35
407 5485.38 5656.35
408 5486.57 5656.35
409 5503.8 5656.35
410 5509.26 5656.35
411 5509.26 5656.35
412 5509.26 5656.35
413 5509.26 5656.35
414 5509.26 5656.35
415 5509.26 5656.35
416 5509.26 5656.35
417 5509.26 5656.35
418 5509.26 5656.35
419 5509.26 5656.35
420 5032.14 5656.35
421 5033.67 5656.35
422 5035.18 5656.35
423 5061.5 5656.35
424 5082.92 5656.35
425 5097.26 5656.35
426 5121 5656.35
427 5130.07 5656.35
428 5146.11 5656.35
429 5159.88 5656.35
430 5184.37 5656.35
431 5236.05 5656.35
432 5277 5656.35
433 5297.11 5656.35
434 5308.37 5656.35
435 5322.81 5656.35
436 5336.56 5656.35
437 5348.37 5656.35
438 5349.98 5656.35
439 5358.08 5656.35
440 5359.36 5656.35
441 5361.52 5656.35
442 5377.32 5656.35
443 5382.65 5656.35
444 5383.7 5656.35
445 5389.94 5656.35
446 5393.06 5656.35
447 5407.64 5656.35
448 5411.72 5656.35
449 5452.63 5656.35
450 5452.63 5656.35
451 5474.26 5656.35
452 5481.22 5656.35
453 5481.22 5656.35
454 5481.22 5656.35
455 5481.22 5656.35
456 5481.22 5656.35
457 5481.22 5656.35
458 5481.22 5656.35
459 5481.22 5656.35
460 5481.22 5656.35
461 5481.22 5656.35
462 5049.8 5656.35
463 5088.65 5656.35
464 5120.6 5656.35
465 5133.33 5656.35
466 5191.36 5656.35
467 5222.73 5656.35
468 5229.01 5656.35
469 5233.46 5656.35
470 5265.86 5656.35
471 5266.7 5656.35
472 5272.64 5656.35
473 5318.29 5656.35
474 5324.92 5656.35
475 5332.36 5656.35
476 5335.84 5656.35
477 5370.54 5656.35
478 5386.63 5656.35
479 5447.77 5656.35
480 5472.77 5656.35
481 5491.61 5656.35
482 5513.59 5656.35
483 5517.07 5656.35
484 5520.78 5656.35
485 5528.04 5656.35
486 5557.07 5656.35
487 5557.07 5656.35
488 5557.07 5656.35
489 5557.07 5656.35
490 5557.07 5656.35
491 5557.07 5656.35
492 5557.07 5656.35
493 5557.07 5656.35
494 5557.07 5656.35
495 5557.07 5656.35
496 5207.61 5656.35
497 5219.81 5656.35
498 5234.2 5656.35
499 5246.31 5656.35
500 5249.86 5656.35
501 5254.35 5656.35
502 5258.32 5656.35
503 5271.33 5656.35
504 5294.4 5656.35
505 5307.96 5656.35
506 5354.4 5656.35
507 5367.44 5656.35
508 5371.57 5656.35
509 5372.1 5656.35
510 5406.49 5656.35
511 5409.75 5656.35
512 5431.17 5656.35
513 5450.31 5656.35
514 5479.58 5656.35
515 5483.21 5656.35
516 5497.8 5656.35
517 5500.93 5656.35
518 5505.36 5656.35
519 5510.73 5656.35
520 5511.62 5656.35
521 5529.4 5656.35
522 5529.47 5656.35
523 5551.53 5656.35
524 5568.58 5656.35
525 5578.1 5656.35
526 5578.1 5656.35
527 5578.1 5656.35
528 5578.1 5656.35
529 5578.1 5656.35
530 5578.1 5656.35
531 5578.1 5656.35
532 5578.1 5656.35
533 5578.1 5656.35
534 5578.1 5656.35
535 5045.34 5656.35
536 5099.37 5656.35
537 5101.53 5656.35
538 5108.4 5656.35
539 5113.74 5656.35
540 5121.43 5656.35
541 5122.88 5656.35
542 5152.21 5656.35
543 5195.27 5656.35
544 5205.64 5656.35
545 5206.4 5656.35
546 5226.33 5656.35
547 5282.93 5656.35
548 5303.5 5656.35
549 5323.91 5656.35
550 5325.4 5656.35
551 5326.15 5656.35
552 5331.99 5656.35
553 5340.39 5656.35
554 5352.42 5656.35
555 5362.96 5656.35
556 5362.98 5656.35
557 5366.03 5656.35
558 5368.87 5656.35
559 5371.91 5656.35
560 5378.78 5656.35
561 5382.33 5656.35
562 5389.63 5656.35
563 5400.39 5656.35
564 5420.79 5656.35
565 5424.74 5656.35
566 5431.73 5656.35
567 5435.17 5656.35
568 5440.88 5656.35
569 5456.88 5656.35
570 5474.03 5656.35
571 5478.63 5656.35
572 5483.18 5656.35
573 5485.61 5656.35
574 5499 5656.35
575 5502.02 5656.35
576 5512.05 5656.35
577 5521.61 5656.35
578 5527.86 5656.35
579 5539.28 5656.35
580 5539.28 5656.35
581 5539.28 5656.35
582 5539.28 5656.35
583 5539.28 5656.35
584 5539.28 5656.35
585 5539.28 5656.35
586 5539.28 5656.35
587 5539.28 5656.35
588 5539.28 5656.35
589 4741.29 5656.35
590 4765.11 5656.35
591 4766.02 5656.35
592 4814.83 5656.35
593 4838.61 5656.35
594 4867.16 5656.35
595 5007.03 5656.35
596 5021.29 5656.35
597 5022.99 5656.35
598 5031.32 5656.35
599 5031.77 5656.35
600 5040.04 5656.35
601 5136.3 5656.35
602 5156.06 5656.35
603 5163.43 5656.35
604 5175.52 5656.35
605 5176.63 5656.35
606 5199.85 5656.35
607 5208.7 5656.35
608 5215.81 5656.35
609 5217.98 5656.35
610 5227.91 5656.35
611 5239.07 5656.35
612 5245.51 5656.35
613 5249.37 5656.35
614 5249.63 5656.35
615 5252.78 5656.35
616 5265.67 5656.35
617 5274.18 5656.35
618 5278.93 5656.35
619 5302.93 5656.35
620 5318.48 5656.35
621 5344.09 5656.35
622 5348.44 5656.35
623 5359.4 5656.35
624 5362.07 5656.35
625 5362.95 5656.35
626 5363.39 5656.35
627 5366.71 5656.35
628 5383.42 5656.35
629 5392.48 5656.35
630 5394.5 5656.35
631 5394.5 5656.35
632 5394.5 5656.35
633 5394.5 5656.35
634 5394.5 5656.35
635 5394.5 5656.35
636 5394.5 5656.35
637 5394.5 5656.35
638 5394.5 5656.35
639 5394.5 5656.35
640 5105.46 5656.35
641 5114.41 5656.35
642 5119.84 5656.35
643 5171.69 5656.35
644 5173.17 5656.35
645 5206.93 5656.35
646 5212.55 5656.35
647 5237.83 5656.35
648 5241.04 5656.35
649 5251.36 5656.35
650 5256.97 5656.35
651 5261.15 5656.35
652 5287.4 5656.35
653 5319.8 5656.35
654 5362.54 5656.35
655 5366.98 5656.35
656 5367.83 5656.35
657 5383.89 5656.35
658 5387.59 5656.35
659 5390.05 5656.35
660 5398.62 5656.35
661 5407.83 5656.35
662 5411.74 5656.35
663 5414.42 5656.35
664 5415.14 5656.35
665 5422.47 5656.35
666 5426.63 5656.35
667 5434.71 5656.35
668 5437.38 5656.35
669 5437.38 5656.35
670 5437.38 5656.35
671 5437.38 5656.35
672 5437.38 5656.35
673 5437.38 5656.35
674 5437.38 5656.35
675 5437.38 5656.35
676 5437.38 5656.35
677 5437.38 5656.35
678 4932.37 5656.35
679 5018.01 5656.35
680 5053.58 5656.35
681 5059.37 5656.35
682 5063.02 5656.35
683 5082.28 5656.35
684 5114.44 5656.35
685 5144.22 5656.35
686 5161.08 5656.35
687 5171.17 5656.35
688 5171.5 5656.35
689 5173.32 5656.35
690 5179.62 5656.35
691 5199.1 5656.35
692 5213.47 5656.35
693 5242.84 5656.35
694 5244.72 5656.35
695 5252.72 5656.35
696 5268.79 5656.35
697 5275.66 5656.35
698 5287.46 5656.35
699 5330.06 5656.35
700 5342.36 5656.35
701 5344.98 5656.35
702 5353.29 5656.35
703 5360.13 5656.35
704 5360.91 5656.35
705 5371.16 5656.35
706 5371.16 5656.35
707 5371.16 5656.35
708 5371.16 5656.35
709 5371.16 5656.35
710 5371.16 5656.35
711 5371.16 5656.35
712 5371.16 5656.35
713 5371.16 5656.35
714 5371.16 5656.35
715 4975.6 5656.35
716 5016.13 5656.35
717 5036.4 5656.35
718 5064.01 5656.35
719 5077.53 5656.35
720 5113.06 5656.35
721 5132.04 5656.35
722 5142.16 5656.35
723 5169.71 5656.35
724 5184.93 5656.35
725 5190.75 5656.35
726 5207.72 5656.35
727 5213.33 5656.35
728 5224.41 5656.35
729 5243.64 5656.35
730 5248.99 5656.35
731 5264.63 5656.35
732 5289.34 5656.35
733 5292.31 5656.35
734 5303.19 5656.35
735 5309.37 5656.35
736 5326.02 5656.35
737 5335.39 5656.35
738 5374.76 5656.35
739 5383.73 5656.35
740 5395.21 5656.35
741 5425.29 5656.35
742 5436.64 5656.35
743 5444.09 5656.35
744 5444.09 5656.35
745 5444.09 5656.35
746 5444.09 5656.35
747 5444.09 5656.35
748 5444.09 5656.35
749 5444.09 5656.35
750 5444.09 5656.35
751 5444.09 5656.35
752 5444.09 5656.35
753 5011.48 5656.35
754 5047.97 5656.35
755 5162.91 5656.35
756 5184.78 5656.35
757 5203.94 5656.35
758 5206.05 5656.35
759 5208.01 5656.35
760 5225.57 5656.35
761 5249.69 5656.35
762 5253.24 5656.35
763 5258.43 5656.35
764 5272.36 5656.35
765 5278.55 5656.35
766 5284.36 5656.35
767 5287.02 5656.35
768 5289.08 5656.35
769 5301.42 5656.35
770 5340.42 5656.35
771 5343.45 5656.35
772 5369.19 5656.35
773 5370.9 5656.35
774 5373.25 5656.35
775 5388.02 5656.35
776 5411.3 5656.35
777 5423.15 5656.35
778 5442.7 5656.35
779 5444.48 5656.35
780 5450.97 5656.35
781 5453.58 5656.35
782 5459.26 5656.35
783 5460.59 5656.35
784 5460.59 5656.35
785 5460.96 5656.35
786 5468.28 5656.35
787 5468.28 5656.35
788 5468.28 5656.35
789 5468.28 5656.35
790 5468.28 5656.35
791 5468.28 5656.35
792 5468.28 5656.35
793 5468.28 5656.35
794 5468.28 5656.35
795 5468.28 5656.35
796 5070.33 5656.35
797 5082.12 5656.35
798 5085.27 5656.35
799 5099.37 5656.35
800 5121.99 5656.35
801 5133.32 5656.35
802 5164.57 5656.35
803 5172.39 5656.35
804 5217.81 5656.35
805 5222.33 5656.35
806 5229.33 5656.35
807 5237.61 5656.35
808 5247.11 5656.35
809 5250.57 5656.35
810 5260.17 5656.35
811 5284.57 5656.35
812 5291.93 5656.35
813 5292.41 5656.35
814 5315.95 5656.35
815 5336.35 5656.35
816 5347.3 5656.35
817 5353.42 5656.35
818 5378.64 5656.35
819 5380.71 5656.35
820 5389.6 5656.35
821 5406.63 5656.35
822 5420.52 5656.35
823 5432.37 5656.35
824 5465.12 5656.35
825 5467.19 5656.35
826 5474.25 5656.35
827 5474.25 5656.35
828 5474.25 5656.35
829 5474.25 5656.35
830 5474.25 5656.35
831 5474.25 5656.35
832 5474.25 5656.35
833 5474.25 5656.35
834 5474.25 5656.35
835 5474.25 5656.35
836 4997.11 5656.35
837 5075.45 5656.35
838 5110.96 5656.35
839 5175.72 5656.35
840 5188.8 5656.35
841 5234.04 5656.35
842 5251.77 5656.35
843 5322.87 5656.35
844 5335.84 5656.35
845 5339.62 5656.35
846 5342.35 5656.35
847 5376.74 5656.35
848 5391.41 5656.35
849 5397.51 5656.35
850 5402.76 5656.35
851 5402.76 5656.35
852 5402.76 5656.35
853 5402.76 5656.35
854 5402.76 5656.35
855 5402.76 5656.35
856 5402.76 5656.35
857 5402.76 5656.35
858 5402.76 5656.35
859 5402.76 5656.35
860 4938.93 5656.35
861 4970.33 5656.35
862 4995.05 5656.35
863 5020 5656.35
864 5021.21 5656.35
865 5024.97 5656.35
866 5042.52 5656.35
867 5050.07 5656.35
868 5053.85 5656.35
869 5078.64 5656.35
870 5084.55 5656.35
871 5090.19 5656.35
872 5091.47 5656.35
873 5103.61 5656.35
874 5104.28 5656.35
875 5134.65 5656.35
876 5144.45 5656.35
877 5148.03 5656.35
878 5151.61 5656.35
879 5179.7 5656.35
880 5186.06 5656.35
881 5196.59 5656.35
882 5207.66 5656.35
883 5209.71 5656.35
884 5211.25 5656.35
885 5243.55 5656.35
886 5244.94 5656.35
887 5272.71 5656.35
888 5283.69 5656.35
889 5297.59 5656.35
890 5307.42 5656.35
891 5318.18 5656.35
892 5328.83 5656.35
893 5330.21 5656.35
894 5359.38 5656.35
895 5359.76 5656.35
896 5359.76 5656.35
897 5359.76 5656.35
898 5359.76 5656.35
899 5359.76 5656.35
900 5359.76 5656.35
901 5359.76 5656.35
902 5359.76 5656.35
903 5359.76 5656.35
904 5359.76 5656.35
905 4972.19 5656.35
906 4984.34 5656.35
907 4985.84 5656.35
908 5029.06 5656.35
909 5033.08 5656.35
910 5089.18 5656.35
911 5089.8 5656.35
912 5098.33 5656.35
913 5103.02 5656.35
914 5120.69 5656.35
915 5126.52 5656.35
916 5132.98 5656.35
917 5137.44 5656.35
918 5144.79 5656.35
919 5224.28 5656.35
920 5249.57 5656.35
921 5254.48 5656.35
922 5261.99 5656.35
923 5275.22 5656.35
924 5275.89 5656.35
925 5278.11 5656.35
926 5287.62 5656.35
927 5294.58 5656.35
928 5298.01 5656.35
929 5309.39 5656.35
930 5309.45 5656.35
931 5319.59 5656.35
932 5319.59 5656.35
933 5344.26 5656.35
934 5344.26 5656.35
935 5344.26 5656.35
936 5344.26 5656.35
937 5344.26 5656.35
938 5344.26 5656.35
939 5344.26 5656.35
940 5344.26 5656.35
941 5344.26 5656.35
942 5344.26 5656.35
943 5179.94 5656.35
944 5194.53 5656.35
945 5199.73 5656.35
946 5200.59 5656.35
947 5262.41 5656.35
948 5284.86 5656.35
949 5326.76 5656.35
950 5331.03 5656.35
951 5360.86 5656.35
952 5375 5656.35
953 5387.93 5656.35
954 5397.74 5656.35
955 5400.65 5656.35
956 5413.16 5656.35
957 5424.8 5656.35
958 5428.73 5656.35
959 5429.58 5656.35
960 5456.33 5656.35
961 5460.66 5656.35
962 5468.83 5656.35
963 5471.75 5656.35
964 5474.9 5656.35
965 5475.98 5656.35
966 5479.74 5656.35
967 5484.08 5656.35
968 5495.65 5656.35
969 5511.96 5656.35
970 5532.94 5656.35
971 5532.94 5656.35
972 5532.94 5656.35
973 5532.94 5656.35
974 5532.94 5656.35
975 5532.94 5656.35
976 5532.94 5656.35
977 5532.94 5656.35
978 5532.94 5656.35
979 5532.94 5656.35
980 5010.2 5656.35
981 5018.68 5656.35
982 5028.45 5656.35
983 5038.16 5656.35
984 5063.92 5656.35
985 5075.73 5656.35
986 5078.97 5656.35
987 5091.94 5656.35
988 5108.8 5656.35
989 5143.28 5656.35
990 5152.03 5656.35
991 5157.28 5656.35
992 5199.22 5656.35
993 5233.73 5656.35
994 5238.8 5656.35
995 5253.61 5656.35
996 5285.28 5656.35
997 5293.99 5656.35
998 5296.12 5656.35
999 5302.24 5656.35
