0 1831.62 1831.62
1 1839.65 1839.65
2 1882.3 1882.3
3 1927.6 1927.6
4 1975.47 1975.47
5 1984.93 1984.93
6 1989.94 1989.94
7 1996.88 1996.88
8 2026.14 2026.14
9 2026.17 2026.17
10 2036.12 2036.12
11 2056.11 2056.11
12 2066.49 2066.49
13 2088.99 2088.99
14 2099.36 2099.36
15 2125.42 2125.42
16 2128.38 2128.38
17 2143.39 2143.39
18 2143.39 2143.39
19 2143.39 2143.39
20 2143.39 2143.39
21 2143.39 2143.39
22 2143.39 2143.39
23 2143.39 2143.39
24 2143.39 2143.39
25 2143.39 2143.39
26 2143.39 2143.39
27 1699.94 2143.39
28 1831.3 2143.39
29 1832.15 2143.39
30 1990.74 2143.39
31 2007.23 2143.39
32 2008.09 2143.39
33 2016.63 2143.39
34 2024.57 2143.39
35 2036.89 2143.39
36 2047.62 2143.39
37 2073.39 2143.39
38 2073.39 2143.39
39 2073.39 2143.39
40 2073.39 2143.39
41 2073.39 2143.39
42 2073.39 2143.39
43 2073.39 2143.39
44 2073.39 2143.39
45 2073.39 2143.39
46 2073.39 2143.39
47 1718.97 2143.39
48 1729.6 2143.39
49 1752.45 2143.39
50 1780.75 2143.39
51 1791.18 2143.39
52 1798.53 2143.39
53 1818.02 2143.39
54 1853.28 2143.39
55 1888.97 2143.39
56 1889.67 2143.39
57 1896.79 2143.39
58 1900.62 2143.39
59 1901.76 2143.39
60 1914.12 2143.39
61 1933.12 2143.39
62 1934.52 2143.39
63 1934.83 2143.39
64 1938.65 2143.39
65 1951.89 2143.39
66 1960.38 2143.39
67 1976.17 2143.39
68 1976.17 2143.39
69 1976.17 2143.39
70 1976.17 2143.39
71 1976.17 2143.39
72 1976.17 2143.39
73 1976.17 2143.39
74 1976.17 2143.39
75 1976.17 2143.39
76 1976.17 2143.39
77 1626.06 2143.39
78 1692.31 2143.39
79 1763.4 2143.39
80 1769.6 2143.39
81 1781.69 2143.39
82 1784.8 2143.39
83 1816.34 2143.39
84 1884.94 2143.39
85 1904.83 2143.39
86 1906.1 2143.39
87 1919.26 2143.39
88 1919.26 2143.39
89 1919.26 2143.39
90 1919.26 2143.39
91 1919.26 2143.39
92 1919.26 2143.39
93 1919.26 2143.39
94 1919.26 2143.39
95 1919.26 2143.39
96 1919.26 2143.39
97 1619.05 2143.39
98 1738.09 2143.39
99 1738.58 2143.39
100 1756.52 2143.39
101 1790.31 2143.39
102 1807.45 2143.39
103 1836.78 2143.39
104 1849.05 2143.39
105 1862.8 2143.39
106 1869.47 2143.39
107 1952.02 2143.39
108 1952.38 2143.39
109 1990.08 2143.39
110 1992.22 2143.39
111 1998.6 2143.39
112 2021.95 2143.39
113 2022.53 2143.39
114 2036.65 2143.39
115 2039.6 2143.39
116 2039.6 2143.39
117 2039.6 2143.39
118 2039.6 2143.39
119 2039.6 2143.39
120 2039.6 2143.39
121 2039.6 2143.39
122 2039.6 2143.39
123 2039.6 2143.39
124 2039.6 2143.39
125 1641.82 2143.39
126 1731.07 2143.39
127 1766.33 2143.39
128 1766.87 2143.39
129 1830.06 2143.39
130 1833.3 2143.39
131 1855.27 2143.39
132 1856.16 2143.39
133 1872.18 2143.39
134 1874.95 2143.39
135 1929.47 2143.39
136 1934.12 2143.39
137 1963.54 2143.39
138 1967.09 2143.39
139 1967.59 2143.39
140 1976.06 2143.39
141 1983.24 2143.39
142 1998.93 2143.39
143 1998.93 2143.39
144 1998.93 2143.39
145 1998.93 2143.39
146 1998.93 2143.39
147 1998.93 2143.39
148 1998.93 2143.39
149 1998.93 2143.39
150 1998.93 2143.39
151 1998.93 2143.39
152 1818.25 2143.39
153 1942.15 2143.39
154 1944.24 2143.39
155 1969.1 2143.39
156 1992.46 2143.39
157 2003.04 2143.39
158 2003.09 2143.39
159 2023.02 2143.39
160 2063.83 2143.39
161 2083.95 2143.39
162 2088.95 2143.39
163 2102.81 2143.39
164 2103.39 2143.39
165 2118.58 2143.39
166 2122.6 2143.39
167 2127.6 2143.39
168 2127.6 2143.39
169 2127.6 2143.39
170 2127.6 2143.39
171 2127.6 2143.39
172 2127.6 2143.39
173 2127.6 2143.39
174 2127.6 2143.39
175 2127.6 2143.39
176 2127.6 2143.39
177 1756.36 2143.39
178 1802.2 2143.39
179 1887.94 2143.39
180 1928.8 2143.39
181 1943.62 2143.39
182 1975.44 2143.39
183 1998.44 2143.39
184 2008.12 2143.39
185 2029 2143.39
186 2040.75 2143.39
187 2064.82 2143.39
188 2064.82 2143.39
189 2064.82 2143.39
190 2064.82 2143.39
191 2064.82 2143.39
192 2064.82 2143.39
193 2064.82 2143.39
194 2064.82 2143.39
195 2064.82 2143.39
196 2064.82 2143.39
197 1862.5 2143.39
198 1877.39 2143.39
199 1903.89 2143.39
200 1910.85 2143.39
201 1923.38 2143.39
202 1925.1 2143.39
203 1941.42 2143.39
204 1952.26 2143.39
205 1981.33 2143.39
206 1997.12 2143.39
207 2000.02 2143.39
208 2010.16 2143.39
209 2014.11 2143.39
210 2023.93 2143.39
211 2066.25 2143.39
212 2092.56 2143.39
213 2092.56 2143.39
214 2092.56 2143.39
215 2092.56 2143.39
216 2092.56 2143.39
217 2092.56 2143.39
218 2092.56 2143.39
219 2092.56 2143.39
220 2092.56 2143.39
221 2092.56 2143.39
222 1980.84 2143.39
223 1989.75 2143.39
224 2047.22 2143.39
225 2112.35 2143.39
226 2130.07 2143.39
227 2132.3 2143.39
228 2145.34 2145.34
229 2160.39 2160.39
230 2161.23 2161.23
231 2171.5 2171.5
232 2174.13 2174.13
233 2189.15 2189.15
234 2192.36 2192.36
235 2208.38 2208.38
236 2208.38 2208.38
237 2208.38 2208.38
238 2208.38 2208.38
239 2208.38 2208.38
240 2208.38 2208.38
241 2208.38 2208.38
242 2208.38 2208.38
243 2208.38 2208.38
244 2208.38 2208.38
245 1867.44 2208.38
246 1911.9 2208.38
247 1937.46 2208.38
248 1960.44 2208.38
249 1960.73 2208.38
250 1974.01 2208.38
251 1975.38 2208.38
252 1984.4 2208.38
253 1987.33 2208.38
254 2038.03 2208.38
255 2055.55 2208.38
256 2073.42 2208.38
257 2081.8 2208.38
258 2086.6 2208.38
259 2091.29 2208.38
260 2092.83 2208.38
261 2111.25 2208.38
262 2121.92 2208.38
263 2123.46 2208.38
264 2123.46 2208.38
265 2123.46 2208.38
266 2123.46 2208.38
267 2123.46 2208.38
268 2123.46 2208.38
269 2123.46 2208.38
270 2123.46 2208.38
271 2123.46 2208.38
272 2123.46 2208.38
273 1670.03 2208.38
274 1672.23 2208.38
275 1698.17 2208.38
276 1741.76 2208.38
277 1804.78 2208.38
278 1812.62 2208.38
279 1945.51 2208.38
280 1953.86 2208.38
281 1981.01 2208.38
282 2043.4 2208.38
283 2063.75 2208.38
284 2079.52 2208.38
285 2081.21 2208.38
286 2094.02 2208.38
287 2094.02 2208.38
288 2094.02 2208.38
289 2094.02 2208.38
290 2094.02 2208.38
291 2094.02 2208.38
292 2094.02 2208.38
293 2094.02 2208.38
294 2094.02 2208.38
295 2094.02 2208.38
296 1732.01 2208.38
297 1758.51 2208.38
298 1808.08 2208.38
299 1823.8 2208.38
300 1832.23 2208.38
301 1892.21 2208.38
302 1903.06 2208.38
303 1912.63 2208.38
304 1944.05 2208.38
305 1952.06 2208.38
306 1993.04 2208.38
307 2025.32 2208.38
308 2045.59 2208.38
309 2045.59 2208.38
310 2045.59 2208.38
311 2045.59 2208.38
312 2045.59 2208.38
313 2045.59 2208.38
314 2045.59 2208.38
315 2045.59 2208.38
316 2045.59 2208.38
317 2045.59 2208.38
318 1699.59 2208.38
319 1728.16 2208.38
320 1775.11 2208.38
321 1881.14 2208.38
322 1963.15 2208.38
323 1976.54 2208.38
324 2001.84 2208.38
325 2032.8 2208.38
326 2040.36 2208.38
327 2041.52 2208.38
328 2052.02 2208.38
329 2057.76 2208.38
330 2077.96 2208.38
331 2086.81 2208.38
332 2103.2 2208.38
333 2103.2 2208.38
334 2103.2 2208.38
335 2103.2 2208.38
336 2103.2 2208.38
337 2103.2 2208.38
338 2103.2 2208.38
339 2103.2 2208.38
340 2103.2 2208.38
341 2103.2 2208.38
342 1758.33 2208.38
343 1789.03 2208.38
344 1815.41 2208.38
345 1837.99 2208.38
346 1898.01 2208.38
347 1905.2 2208.38
348 1950.02 2208.38
349 1953.68 2208.38
350 1961.63 2208.38
351 1972.03 2208.38
352 1973.28 2208.38
353 1988.83 2208.38
354 1993.23 2208.38
355 2021.15 2208.38
356 2032.12 2208.38
357 2034.39 2208.38
358 2039.83 2208.38
359 2053.56 2208.38
360 2063.99 2208.38
361 2089.98 2208.38
362 2101.23 2208.38
363 2103.83 2208.38
364 2103.83 2208.38
365 2103.83 2208.38
366 2103.83 2208.38
367 2103.83 2208.38
368 2103.83 2208.38
369 2103.83 2208.38
370 2103.83 2208.38
371 2103.83 2208.38
372 2103.83 2208.38
373 1795.13 2208.38
374 1835.25 2208.38
375 1868.44 2208.38
376 1894.29 2208.38
377 1914.45 2208.38
378 1931.23 2208.38
379 1949.6 2208.38
380 1961.17 2208.38
381 1962.28 2208.38
382 1970.8 2208.38
383 1981.8 2208.38
384 1984.23 2208.38
385 2018.11 2208.38
386 2030.28 2208.38
387 2037.6 2208.38
388 2037.6 2208.38
389 2037.6 2208.38
390 2037.6 2208.38
391 2037.6 2208.38
392 2037.6 2208.38
393 2037.6 2208.38
394 2037.6 2208.38
395 2037.6 2208.38
396 2037.6 2208.38
397 1636.24 2208.38
398 1700.17 2208.38
399 1700.34 2208.38
400 1714.19 2208.38
401 1779.59 2208.38
402 1792.58 2208.38
403 1796.55 2208.38
404 1805.33 2208.38
405 1837.98 2208.38
406 1876.4 2208.38
407 1895.53 2208.38
408 1910.45 2208.38
409 1910.45 2208.38
410 1910.45 2208.38
411 1910.45 2208.38
412 1910.45 2208.38
413 1910.45 2208.38
414 1910.45 2208.38
415 1910.45 2208.38
416 1910.45 2208.38
417 1910.45 2208.38
418 1789.67 2208.38
419 1789.74 2208.38
420 1830.85 2208.38
421 1853.57 2208.38
422 1870.41 2208.38
423 1880.52 2208.38
424 1880.96 2208.38
425 1944.8 2208.38
426 1966.91 2208.38
427 1985.95 2208.38
428 2007.38 2208.38
429 2053.23 2208.38
430 2067.9 2208.38
431 2075.82 2208.38
432 2086.24 2208.38
433 2096.85 2208.38
434 2096.85 2208.38
435 2096.85 2208.38
436 2096.85 2208.38
437 2096.85 2208.38
438 2096.85 2208.38
439 2096.85 2208.38
440 2096.85 2208.38
441 2096.85 2208.38
442 2096.85 2208.38
443 1839.51 2208.38
444 1849.77 2208.38
445 1860.44 2208.38
446 1868.47 2208.38
447 1889.21 2208.38
448 1890.11 2208.38
449 1893.85 2208.38
450 1915.37 2208.38
451 1951.26 2208.38
452 1970.16 2208.38
453 1993.12 2208.38
454 1999.65 2208.38
455 2000.61 2208.38
456 2014.45 2208.38
457 2033.27 2208.38
458 2033.27 2208.38
459 2033.27 2208.38
460 2033.27 2208.38
461 2033.27 2208.38
462 2033.27 2208.38
463 2033.27 2208.38
464 2033.27 2208.38
465 2033.27 2208.38
466 2033.27 2208.38
467 1654.31 2208.38
468 1736.58 2208.38
469 1801.15 2208.38
470 1829.74 2208.38
471 1846.74 2208.38
472 1889.79 2208.38
473 1892.39 2208.38
474 1901.71 2208.38
475 1903.37 2208.38
476 1952.59 2208.38
477 1960.93 2208.38
478 1979.38 2208.38
479 1979.38 2208.38
480 1979.38 2208.38
481 1979.38 2208.38
482 1979.38 2208.38
483 1979.38 2208.38
484 1979.38 2208.38
485 1979.38 2208.38
486 1979.38 2208.38
487 1979.38 2208.38
488 1669.03 2208.38
489 1696.36 2208.38
490 1788.06 2208.38
491 1828.31 2208.38
492 1856.24 2208.38
493 1856.78 2208.38
494 1876.01 2208.38
495 1903.68 2208.38
496 1926.98 2208.38
497 1933.38 2208.38
498 1937.35 2208.38
499 1937.35 2208.38
500 1937.35 2208.38
501 1937.35 2208.38
502 1937.35 2208.38
503 1937.35 2208.38
504 1937.35 2208.38
505 1937.35 2208.38
506 1937.35 2208.38
507 1937.35 2208.38
508 1645.82 2208.38
509 1649.7 2208.38
510 1685.22 2208.38
511 1705.83 2208.38
512 1713.1 2208.38
513 1716.72 2208.38
514 1731 2208.38
515 1743.96 2208.38
516 1752.58 2208.38
517 1757.15 2208.38
518 1772.62 2208.38
519 1791.32 2208.38
520 1797.84 2208.38
521 1802.66 2208.38
522 1820.82 2208.38
523 1828.13 2208.38
524 1828.13 2208.38
525 1828.13 2208.38
526 1828.13 2208.38
527 1828.13 2208.38
528 1828.13 2208.38
529 1828.13 2208.38
530 1828.13 2208.38
531 1828.13 2208.38
532 1828.13 2208.38
533 1730.37 2208.38
534 1798.42 2208.38
535 1816.16 2208.38
536 1823.09 2208.38
537 1846 2208.38
538 1899.95 2208.38
539 1901.59 2208.38
540 1949.6 2208.38
541 1954.82 2208.38
542 1971.72 2208.38
543 1973.55 2208.38
544 1987.84 2208.38
545 2011.92 2208.38
546 2011.92 2208.38
547 2011.92 2208.38
548 2011.92 2208.38
549 2011.92 2208.38
550 2011.92 2208.38
551 2011.92 2208.38
552 2011.92 2208.38
553 2011.92 2208.38
554 2011.92 2208.38
555 1730.57 2208.38
556 1794.53 2208.38
557 1837.47 2208.38
558 1843.12 2208.38
559 1858.02 2208.38
560 1873.6 2208.38
561 1918.47 2208.38
562 1959.6 2208.38
563 1967.37 2208.38
564 1996.46 2208.38
565 2003.91 2208.38
566 2003.91 2208.38
567 2003.91 2208.38
568 2003.91 2208.38
569 2003.91 2208.38
570 2003.91 2208.38
571 2003.91 2208.38
572 2003.91 2208.38
573 2003.91 2208.38
574 2003.91 2208.38
575 1781.64 2208.38
576 1808.62 2208.38
577 1823.67 2208.38
578 1834.49 2208.38
579 1878.03 2208.38
580 1892.41 2208.38
581 1965.75 2208.38
582 1973.81 2208.38
583 1986.35 2208.38
584 2004.23 2208.38
585 2014.54 2208.38
586 2041.05 2208.38
587 2059.5 2208.38
588 2067.99 2208.38
589 2071.08 2208.38
590 2076.07 2208.38
591 2092.99 2208.38
592 2092.99 2208.38
593 2092.99 2208.38
594 2092.99 2208.38
595 2092.99 2208.38
596 2092.99 2208.38
597 2092.99 2208.38
598 2092.99 2208.38
599 2092.99 2208.38
600 2092.99 2208.38
601 1872.67 2208.38
602 1909.19 2208.38
603 1972.59 2208.38
604 2024.51 2208.38
605 2062.42 2208.38
606 2075.44 2208.38
607 2082.17 2208.38
608 2106.33 2208.38
609 2110.58 2208.38
610 2115.13 2208.38
611 2115.13 2208.38
612 2115.13 2208.38
613 2115.13 2208.38
614 2115.13 2208.38
615 2115.13 2208.38
616 2115.13 2208.38
617 2115.13 2208.38
618 2115.13 2208.38
619 2115.13 2208.38
620 1851.8 2208.38
621 1925.8 2208.38
622 1935.48 2208.38
623 1966.88 2208.38
624 1967.2 2208.38
625 1985.11 2208.38
626 2019.94 2208.38
627 2035.58 2208.38
628 2043.8 2208.38
629 2056 2208.38
630 2058.51 2208.38
631 2072.77 2208.38
632 2072.77 2208.38
633 2072.77 2208.38
634 2072.77 2208.38
635 2072.77 2208.38
636 2072.77 2208.38
637 2072.77 2208.38
638 2072.77 2208.38
639 2072.77 2208.38
640 2072.77 2208.38
641 1740.16 2208.38
642 1784.54 2208.38
643 1793.42 2208.38
644 1865.88 2208.38
645 1872.62 2208.38
646 1931.72 2208.38
647 1937.83 2208.38
648 1956.27 2208.38
649 1963.04 2208.38
650 1982.15 2208.38
651 2021.38 2208.38
652 2021.67 2208.38
653 2032.36 2208.38
654 2045.66 2208.38
655 2045.66 2208.38
656 2045.66 2208.38
657 2045.66 2208.38
658 2045.66 2208.38
659 2045.66 2208.38
660 2045.66 2208.38
661 2045.66 2208.38
662 2045.66 2208.38
663 2045.66 2208.38
664 1731.58 2208.38
665 1768.92 2208.38
666 1861.45 2208.38
667 1872 2208.38
668 1874.63 2208.38
669 1882.7 2208.38
670 1893.84 2208.38
671 1918.35 2208.38
672 1921.37 2208.38
673 1923.6 2208.38
674 1936.06 2208.38
675 1938.97 2208.38
676 1946.76 2208.38
677 1975.04 2208.38
678 1975.04 2208.38
679 1975.04 2208.38
680 1975.04 2208.38
681 1975.04 2208.38
682 1975.04 2208.38
683 1975.04 2208.38
684 1975.04 2208.38
685 1975.04 2208.38
686 1975.04 2208.38
687 1691.21 2208.38
688 1738.69 2208.38
689 1780.57 2208.38
690 1786.32 2208.38
691 1797.38 2208.38
692 1803.92 2208.38
693 1822.3 2208.38
694 1835.63 2208.38
695 1841.53 2208.38
696 1862.64 2208.38
697 1876.69 2208.38
698 1894.48 2208.38
699 1894.7 2208.38
700 1898.06 2208.38
701 1907.15 2208.38
702 1916.85 2208.38
703 1936.8 2208.38
704 1948.7 2208.38
705 1948.85 2208.38
706 1950.12 2208.38
707 1978.25 2208.38
708 1978.25 2208.38
709 1978.25 2208.38
710 1978.25 2208.38
711 1978.25 2208.38
712 1978.25 2208.38
713 1978.25 2208.38
714 1978.25 2208.38
715 1978.25 2208.38
716 1978.25 2208.38
717 1756.36 2208.38
718 1770.8 2208.38
719 1845.28 2208.38
720 1851.38 2208.38
721 1879.13 2208.38
722 1897.8 2208.38
723 1939.98 2208.38
724 1978.86 2208.38
725 1995.36 2208.38
726 1998.51 2208.38
727 2008.56 2208.38
728 2015.8 2208.38
729 2020.12 2208.38
730 2021.62 2208.38
731 2044.21 2208.38
732 2044.34 2208.38
733 2047.67 2208.38
734 2068.04 2208.38
735 2068.04 2208.38
736 2068.04 2208.38
737 2068.04 2208.38
738 2068.04 2208.38
739 2068.04 2208.38
740 2068.04 2208.38
741 2068.04 2208.38
742 2068.04 2208.38
743 2068.04 2208.38
744 1809.28 2208.38
745 1859.22 2208.38
746 1860.1 2208.38
747 1942.61 2208.38
748 1975.74 2208.38
749 2002.93 2208.38
750 2011.64 2208.38
751 2023.16 2208.38
752 2086.72 2208.38
753 2099.87 2208.38
754 2099.87 2208.38
755 2099.87 2208.38
756 2099.87 2208.38
757 2099.87 2208.38
758 2099.87 2208.38
759 2099.87 2208.38
760 2099.87 2208.38
761 2099.87 2208.38
762 2099.87 2208.38
763 1790.5 2208.38
764 1872.27 2208.38
765 1894.39 2208.38
766 1901.7 2208.38
767 1917.32 2208.38
768 2004.12 2208.38
769 2022 2208.38
770 2062.4 2208.38
771 2063.07 2208.38
772 2072.36 2208.38
773 2075.57 2208.38
774 2094.3 2208.38
775 2107.41 2208.38
776 2139.35 2208.38
777 2182.69 2208.38
778 2188.17 2208.38
779 2203.03 2208.38
780 2209.65 2209.65
781 2210.23 2210.23
782 2210.23 2210.23
783 2210.23 2210.23
784 2210.23 2210.23
785 2210.23 2210.23
786 2210.23 2210.23
787 2210.23 2210.23
788 2210.23 2210.23
789 2210.23 2210.23
790 2210.23 2210.23
791 1681.04 2210.23
792 1696.51 2210.23
793 1697.75 2210.23
794 1776.4 2210.23
795 1795.39 2210.23
796 1797.94 2210.23
797 1837.38 2210.23
798 1849.89 2210.23
799 1888.9 2210.23
800 1947.98 2210.23
801 1958.81 2210.23
802 1961.69 2210.23
803 1980.3 2210.23
804 1989.71 2210.23
805 1989.71 2210.23
806 1989.71 2210.23
807 1989.71 2210.23
808 1989.71 2210.23
809 1989.71 2210.23
810 1989.71 2210.23
811 1989.71 2210.23
812 1989.71 2210.23
813 1989.71 2210.23
814 1643.85 2210.23
815 1695.54 2210.23
816 1756.97 2210.23
817 1841.98 2210.23
818 1883.64 2210.23
819 1919.67 2210.23
820 1921.94 2210.23
821 1935.51 2210.23
822 1957.19 2210.23
823 1961.24 2210.23
824 1992.73 2210.23
825 2003.91 2210.23
826 2004.24 2210.23
827 2009.88 2210.23
828 2029.39 2210.23
829 2040.39 2210.23
830 2048.81 2210.23
831 2072.57 2210.23
832 2076.14 2210.23
833 2076.14 2210.23
834 2076.14 2210.23
835 2076.14 2210.23
836 2076.14 2210.23
837 2076.14 2210.23
838 2076.14 2210.23
839 2076.14 2210.23
840 2076.14 2210.23
841 2076.14 2210.23
842 1912.03 2210.23
843 1915.87 2210.23
844 1946.46 2210.23
845 1979.46 2210.23
846 1995.55 2210.23
847 2038.58 2210.23
848 2051.45 2210.23
849 2058.15 2210.23
850 2086.12 2210.23
851 2088.27 2210.23
852 2104.16 2210.23
853 2114.97 2210.23
854 2140.34 2210.23
855 2140.34 2210.23
856 2140.34 2210.23
857 2140.34 2210.23
858 2140.34 2210.23
859 2140.34 2210.23
860 2140.34 2210.23
861 2140.34 2210.23
862 2140.34 2210.23
863 2140.34 2210.23
864 1944.7 2210.23
865 1946.75 2210.23
866 1948.54 2210.23
867 1968.25 2210.23
868 1971.51 2210.23
869 1973.4 2210.23
870 1983.03 2210.23
871 2001.61 2210.23
872 2019.05 2210.23
873 2024.29 2210.23
874 2030.78 2210.23
875 2040.15 2210.23
876 2043.9 2210.23
877 2070.14 2210.23
878 2079.08 2210.23
879 2079.08 2210.23
880 2079.08 2210.23
881 2079.08 2210.23
882 2079.08 2210.23
883 2079.08 2210.23
884 2079.08 2210.23
885 2079.08 2210.23
886 2079.08 2210.23
887 2079.08 2210.23
888 1770.54 2210.23
889 1813.21 2210.23
890 1820.84 2210.23
891 1825.81 2210.23
892 1856.15 2210.23
893 1867.21 2210.23
894 1905.31 2210.23
895 1907.94 2210.23
896 1909.07 2210.23
897 1921.27 2210.23
898 1932.17 2210.23
899 1932.22 2210.23
900 1947.92 2210.23
901 1955.7 2210.23
902 1959.85 2210.23
903 2006.2 2210.23
904 2007.91 2210.23
905 2024.43 2210.23
906 2027.55 2210.23
907 2041.62 2210.23
908 2042.88 2210.23
909 2054.29 2210.23
910 2065.65 2210.23
911 2065.65 2210.23
912 2065.65 2210.23
913 2065.65 2210.23
914 2065.65 2210.23
915 2065.65 2210.23
916 2065.65 2210.23
917 2065.65 2210.23
918 2065.65 2210.23
919 2065.65 2210.23
920 1927.28 2210.23
921 1940.66 2210.23
922 1986.94 2210.23
923 2004.87 2210.23
924 2029.05 2210.23
925 2076.85 2210.23
926 2081.9 2210.23
927 2084.75 2210.23
928 2106.54 2210.23
929 2110.58 2210.23
930 2114.78 2210.23
931 2117.64 2210.23
932 2117.64 2210.23
933 2117.64 2210.23
934 2117.64 2210.23
935 2117.64 2210.23
936 2117.64 2210.23
937 2117.64 2210.23
938 2117.64 2210.23
939 2117.64 2210.23
940 2117.64 2210.23
941 1740.8 2210.23
942 1744.35 2210.23
943 1783.42 2210.23
944 1789.27 2210.23
945 1795.87 2210.23
946 1822.9 2210.23
947 1855.57 2210.23
948 1858.25 2210.23
949 1863.35 2210.23
950 1868.97 2210.23
951 1874.85 2210.23
952 1875.9 2210.23
953 1889.72 2210.23
954 1926.24 2210.23
955 1935.33 2210.23
956 1944.94 2210.23
957 2004.59 2210.23
958 2016.27 2210.23
959 2029.69 2210.23
960 2040.53 2210.23
961 2046.89 2210.23
962 2046.89 2210.23
963 2046.89 2210.23
964 2046.89 2210.23
965 2046.89 2210.23
966 2046.89 2210.23
967 2046.89 2210.23
968 2046.89 2210.23
969 2046.89 2210.23
970 2046.89 2210.23
971 1616.79 2210.23
972 1645.68 2210.23
973 1685.59 2210.23
974 1687.69 2210.23
975 1732.96 2210.23
976 1758.99 2210.23
977 1803.53 2210.23
978 1830.24 2210.23
979 1831.77 2210.23
980 1835.33 2210.23
981 1853.26 2210.23
982 1857.74 2210.23
983 1859.59 2210.23
984 1864.95 2210.23
985 1866.16 2210.23
986 1877.78 2210.23
987 1877.78 2210.23
988 1877.78 2210.23
989 1877.78 2210.23
990 1877.78 2210.23
991 1877.78 2210.23
992 1877.78 2210.23
993 1877.78 2210.23
994 1877.78 2210.23
995 1877.78 2210.23
996 1688.08 2210.23
997 1748.48 2210.23
998 1765.05 2210.23
999 1771.04 2210.23
