0 6414.9 6414.9
1 6457.39 6457.39
2 6505.67 6505.67
3 6523.32 6523.32
4 6571.89 6571.89
5 6586.16 6586.16
6 6647.26 6647.26
7 6705.9 6705.9
8 6708 6708
9 6729.5 6729.5
10 6760.76 6760.76
11 6775.82 6775.82
12 6813.9 6813.9
13 6836.68 6836.68
14 6847.9 6847.9
15 6871.84 6871.84
16 6874.68 6874.68
17 6911.92 6911.92
18 6919.73 6919.73
19 6945.41 6945.41
20 6945.98 6945.98
21 7018.44 7018.44
22 7061.45 7061.45
23 7076.08 7076.08
24 7087.43 7087.43
25 7088.4 7088.4
26 7098.46 7098.46
27 7103.69 7103.69
28 7127.7 7127.7
29 7132.74 7132.74
30 7136.64 7136.64
31 7144.56 7144.56
32 7175.16 7175.16
33 7176.08 7176.08
34 7196.58 7196.58
35 7201.3 7201.3
36 7211.57 7211.57
37 7229.53 7229.53
38 7266.46 7266.46
39 7284.23 7284.23
40 7296.06 7296.06
41 7299.22 7299.22
42 7302.93 7302.93
43 7345.94 7345.94
44 7356.1 7356.1
45 7398.36 7398.36
46 7402.1 7402.1
47 7431.31 7431.31
48 7457.64 7457.64
49 7482.59 7482.59
50 7494.62 7494.62
51 7506.11 7506.11
52 7511.84 7511.84
53 7520.96 7520.96
54 7531.96 7531.96
55 7535.24 7535.24
56 7536.12 7536.12
57 7540.01 7540.01
58 7545.85 7545.85
59 7562.26 7562.26
60 7566.46 7566.46
61 7566.77 7566.77
62 7580.96 7580.96
63 7580.96 7580.96
64 7600.3 7600.3
65 7602.4 7602.4
66 7602.4 7602.4
67 7602.4 7602.4
68 7602.4 7602.4
69 7603.57 7603.57
70 7612.82 7612.82
71 7612.82 7612.82
72 7612.82 7612.82
73 7612.82 7612.82
74 7612.82 7612.82
75 7612.82 7612.82
76 7612.82 7612.82
77 7612.82 7612.82
78 7612.82 7612.82
79 7612.82 7612.82
80 7014.83 7612.82
81 7086.42 7612.82
82 7090.84 7612.82
83 7124.14 7612.82
84 7143.22 7612.82
85 7148.45 7612.82
86 7175.94 7612.82
87 7189.46 7612.82
88 7216.26 7612.82
89 7225.5 7612.82
90 7246.74 7612.82
91 7268.64 7612.82
92 7336.59 7612.82
93 7343.86 7612.82
94 7371.51 7612.82
95 7412.67 7612.82
96 7442 7612.82
97 7442.18 7612.82
98 7451.13 7612.82
99 7469.96 7612.82
100 7476.86 7612.82
101 7477.58 7612.82
102 7485.29 7612.82
103 7540.29 7612.82
104 7574.73 7612.82
105 7585.14 7612.82
106 7587.94 7612.82
107 7603.8 7612.82
108 7625.45 7625.45
109 7634.6 7634.6
110 7637.08 7637.08
111 7648.02 7648.02
112 7648.02 7648.02
113 7654.18 7654.18
114 7672.87 7672.87
115 7676.2 7676.2
116 7676.2 7676.2
117 7682.64 7682.64
118 7683.75 7683.75
119 7683.75 7683.75
120 7686.48 7686.48
121 7701.07 7701.07
122 7701.07 7701.07
123 7701.07 7701.07
124 7701.07 7701.07
125 7701.07 7701.07
126 7701.07 7701.07
127 7701.07 7701.07
128 7701.07 7701.07
129 7701.07 7701.07
130 7701.07 7701.07
131 6806.15 7701.07
132 6809.8 7701.07
133 6810.28 7701.07
134 6834.46 7701.07
135 6861.39 7701.07
136 6879.11 7701.07
137 6888.64 7701.07
138 6903.92 7701.07
139 6910.52 7701.07
140 6919.38 7701.07
141 6930.04 7701.07
142 6990.67 7701.07
143 7031.89 7701.07
144 7032.01 7701.07
145 7045.29 7701.07
146 7046.02 7701.07
147 7084.8 7701.07
148 7096.07 7701.07
149 7107.27 7701.07
150 7112.07 7701.07
151 7116.47 7701.07
152 7131.81 7701.07
153 7133.95 7701.07
154 7136.41 7701.07
155 7156.85 7701.07
156 7184.15 7701.07
157 7247.52 7701.07
158 7263.19 7701.07
159 7265.14 7701.07
160 7284.32 7701.07
161 7307.36 7701.07
162 7317.52 7701.07
163 7320.85 7701.07
164 7328 7701.07
165 7330.74 7701.07
166 7348.8 7701.07
167 7357.51 7701.07
168 7382.49 7701.07
169 7393.66 7701.07
170 7426.27 7701.07
171 7441.64 7701.07
172 7451.83 7701.07
173 7459.23 7701.07
174 7462.3 7701.07
175 7462.3 7701.07
176 7462.3 7701.07
177 7462.3 7701.07
178 7462.3 7701.07
179 7462.3 7701.07
180 7462.3 7701.07
181 7462.3 7701.07
182 7462.3 7701.07
183 7462.3 7701.07
184 6909.21 7701.07
185 6917.11 7701.07
186 6942.84 7701.07
187 6959.21 7701.07
188 6992.51 7701.07
189 7029.31 7701.07
190 7036.88 7701.07
191 7064.06 7701.07
192 7087.22 7701.07
193 7133.48 7701.07
194 7135.76 7701.07
195 7145.64 7701.07
196 7171.53 7701.07
197 7172.58 7701.07
198 7173.69 7701.07
199 7175.06 7701.07
200 7177.46 7701.07
201 7193.16 7701.07
202 7201.76 7701.07
203 7214.95 7701.07
204 7223.47 7701.07
205 7239.41 7701.07
206 7263.59 7701.07
207 7306.84 7701.07
208 7319.25 7701.07
209 7334.75 7701.07
210 7344.32 7701.07
211 7360.66 7701.07
212 7388.22 7701.07
213 7394.68 7701.07
214 7415.98 7701.07
215 7427.46 7701.07
216 7452.8 7701.07
217 7453.88 7701.07
218 7453.88 7701.07
219 7453.88 7701.07
220 7453.88 7701.07
221 7453.88 7701.07
222 7453.88 7701.07
223 7453.88 7701.07
224 7453.88 7701.07
225 7453.88 7701.07
226 7453.88 7701.07
227 6622.57 7701.07
228 6735.82 7701.07
229 6752.56 7701.07
230 6789.21 7701.07
231 6848.2 7701.07
232 6863.37 7701.07
233 6873.97 7701.07
234 6920.18 7701.07
235 6964.32 7701.07
236 6985.34 7701.07
237 6990.09 7701.07
238 6992.92 7701.07
239 7001.98 7701.07
240 7003.72 7701.07
241 7006.18 7701.07
242 7019.33 7701.07
243 7029.72 7701.07
244 7054.75 7701.07
245 7080.19 7701.07
246 7106.44 7701.07
247 7110.65 7701.07
248 7115.45 7701.07
249 7120.81 7701.07
250 7131.44 7701.07
251 7160.5 7701.07
252 7170.09 7701.07
253 7177.57 7701.07
254 7204.12 7701.07
255 7216.35 7701.07
256 7216.93 7701.07
257 7232.51 7701.07
258 7240.2 7701.07
259 7241.8 7701.07
260 7242.04 7701.07
261 7247.04 7701.07
262 7257.8 7701.07
263 7279.73 7701.07
264 7282.61 7701.07
265 7295.4 7701.07
266 7314.16 7701.07
267 7314.39 7701.07
268 7326.14 7701.07
269 7326.14 7701.07
270 7327.99 7701.07
271 7345.43 7701.07
272 7360.75 7701.07
273 7360.75 7701.07
274 7360.75 7701.07
275 7360.75 7701.07
276 7360.75 7701.07
277 7360.75 7701.07
278 7360.75 7701.07
279 7360.75 7701.07
280 7360.75 7701.07
281 7360.75 7701.07
282 6662.98 7701.07
283 6688.06 7701.07
284 6700.25 7701.07
285 6751.4 7701.07
286 6776.65 7701.07
287 6800.31 7701.07
288 6908.67 7701.07
289 6911.3 7701.07
290 6947.94 7701.07
291 6991.47 7701.07
292 7003.75 7701.07
293 7028.16 7701.07
294 7028.43 7701.07
295 7046.48 7701.07
296 7060.25 7701.07
297 7064.42 7701.07
298 7074.58 7701.07
299 7081.81 7701.07
300 7085.27 7701.07
301 7108.63 7701.07
302 7148.7 7701.07
303 7160.24 7701.07
304 7164.41 7701.07
305 7167.88 7701.07
306 7169.37 7701.07
307 7211.65 7701.07
308 7221.81 7701.07
309 7238.78 7701.07
310 7244.16 7701.07
311 7249.33 7701.07
312 7266.98 7701.07
313 7281.25 7701.07
314 7298.77 7701.07
315 7306.68 7701.07
316 7324.57 7701.07
317 7339.68 7701.07
318 7341.8 7701.07
319 7354.97 7701.07
320 7367.12 7701.07
321 7377.76 7701.07
322 7396.8 7701.07
323 7397.9 7701.07
324 7404.9 7701.07
325 7411.67 7701.07
326 7415.83 7701.07
327 7423.55 7701.07
328 7427 7701.07
329 7427.75 7701.07
330 7430.89 7701.07
331 7432.56 7701.07
332 7434.09 7701.07
333 7434.09 7701.07
334 7434.09 7701.07
335 7434.09 7701.07
336 7440.19 7701.07
337 7442.45 7701.07
338 7452.59 7701.07
339 7452.59 7701.07
340 7452.59 7701.07
341 7452.59 7701.07
342 7452.59 7701.07
343 7463.4 7701.07
344 7463.4 7701.07
345 7463.4 7701.07
346 7463.4 7701.07
347 7463.4 7701.07
348 7463.4 7701.07
349 7463.4 7701.07
350 7463.4 7701.07
351 7463.4 7701.07
352 7463.4 7701.07
353 6858.25 7701.07
354 6897.83 7701.07
355 6910.39 7701.07
356 6967.06 7701.07
357 7008.87 7701.07
358 7013.32 7701.07
359 7038.25 7701.07
360 7043.12 7701.07
361 7051.71 7701.07
362 7059.75 7701.07
363 7067.03 7701.07
364 7085.69 7701.07
365 7098.97 7701.07
366 7114.86 7701.07
367 7129.06 7701.07
368 7157.32 7701.07
369 7158.57 7701.07
370 7173.11 7701.07
371 7173.15 7701.07
372 7185.3 7701.07
373 7204.42 7701.07
374 7217.28 7701.07
375 7222.94 7701.07
376 7239.28 7701.07
377 7248.87 7701.07
378 7254.78 7701.07
379 7256.19 7701.07
380 7262.6 7701.07
381 7273.6 7701.07
382 7273.78 7701.07
383 7288.66 7701.07
384 7303.32 7701.07
385 7308.11 7701.07
386 7325.64 7701.07
387 7351.74 7701.07
388 7357.13 7701.07
389 7357.13 7701.07
390 7357.13 7701.07
391 7358.78 7701.07
392 7361.03 7701.07
393 7364.54 7701.07
394 7364.54 7701.07
395 7364.54 7701.07
396 7364.54 7701.07
397 7364.54 7701.07
398 7364.54 7701.07
399 7364.54 7701.07
400 7364.54 7701.07
401 7364.54 7701.07
402 7364.54 7701.07
403 6703.19 7701.07
404 6754.46 7701.07
405 6778.04 7701.07
406 6818.85 7701.07
407 6854.36 7701.07
408 6868.89 7701.07
409 6873.1 7701.07
410 6893.4 7701.07
411 6916.7 7701.07
412 6945.96 7701.07
413 6962.61 7701.07
414 6981.51 7701.07
415 6983.6 7701.07
416 6988.25 7701.07
417 7008.77 7701.07
418 7037.24 7701.07
419 7053.35 7701.07
420 7063.91 7701.07
421 7074.72 7701.07
422 7081.41 7701.07
423 7101.2 7701.07
424 7133.68 7701.07
425 7156.9 7701.07
426 7161.99 7701.07
427 7169.87 7701.07
428 7173.29 7701.07
429 7184.1 7701.07
430 7217.11 7701.07
431 7224.04 7701.07
432 7237.1 7701.07
433 7247.95 7701.07
434 7261.8 7701.07
435 7283.23 7701.07
436 7311.36 7701.07
437 7325.58 7701.07
438 7337.92 7701.07
439 7337.92 7701.07
440 7337.92 7701.07
441 7337.92 7701.07
442 7337.92 7701.07
443 7337.92 7701.07
444 7337.92 7701.07
445 7337.92 7701.07
446 7337.92 7701.07
447 7337.92 7701.07
448 6660.3 7701.07
449 6678.48 7701.07
450 6722.12 7701.07
451 6766.25 7701.07
452 6796.41 7701.07
453 6805.71 7701.07
454 6854.24 7701.07
455 6861.3 7701.07
456 6879.48 7701.07
457 6896.32 7701.07
458 6944.25 7701.07
459 6944.73 7701.07
460 6975.61 7701.07
461 6985.46 7701.07
462 6987.37 7701.07
463 6995.09 7701.07
464 7054.55 7701.07
465 7060.4 7701.07
466 7078.94 7701.07
467 7082.41 7701.07
468 7094.58 7701.07
469 7134.96 7701.07
470 7141.93 7701.07
471 7159.14 7701.07
472 7174.81 7701.07
473 7190.65 7701.07
474 7192.86 7701.07
475 7234.66 7701.07
476 7239.31 7701.07
477 7245.5 7701.07
478 7247.46 7701.07
479 7258.19 7701.07
480 7268.12 7701.07
481 7272.3 7701.07
482 7327.53 7701.07
483 7327.57 7701.07
484 7355.39 7701.07
485 7366.15 7701.07
486 7369.18 7701.07
487 7371.18 7701.07
488 7402.65 7701.07
489 7403.36 7701.07
490 7413.16 7701.07
491 7417.83 7701.07
492 7439.43 7701.07
493 7447.52 7701.07
494 7447.52 7701.07
495 7447.52 7701.07
496 7448.62 7701.07
497 7448.62 7701.07
498 7448.85 7701.07
499 7465.24 7701.07
500 7465.24 7701.07
501 7465.24 7701.07
502 7465.24 7701.07
503 7465.24 7701.07
504 7465.24 7701.07
505 7465.24 7701.07
506 7465.24 7701.07
507 7465.24 7701.07
508 7465.24 7701.07
509 6879.19 7701.07
510 6896.84 7701.07
511 6904.72 7701.07
512 6921.98 7701.07
513 6937.53 7701.07
514 6959.75 7701.07
515 6961.93 7701.07
516 7005.24 7701.07
517 7009.78 7701.07
518 7028.03 7701.07
519 7034.07 7701.07
520 7076.5 7701.07
521 7104.11 7701.07
522 7120.82 7701.07
523 7165.29 7701.07
524 7172.01 7701.07
525 7194.24 7701.07
526 7209.76 7701.07
527 7213.85 7701.07
528 7230.83 7701.07
529 7233.45 7701.07
530 7242.54 7701.07
531 7256.17 7701.07
532 7261.66 7701.07
533 7277.09 7701.07
534 7299.03 7701.07
535 7310.26 7701.07
536 7318.37 7701.07
537 7324.38 7701.07
538 7327.47 7701.07
539 7358.31 7701.07
540 7359.68 7701.07
541 7377.62 7701.07
542 7386.33 7701.07
543 7386.64 7701.07
544 7392.21 7701.07
545 7392.32 7701.07
546 7404.75 7701.07
547 7405.62 7701.07
548 7420.55 7701.07
549 7426.26 7701.07
550 7436.44 7701.07
551 7445.74 7701.07
552 7451.37 7701.07
553 7454.68 7701.07
554 7477.59 7701.07
555 7478.74 7701.07
556 7485.81 7701.07
557 7501.68 7701.07
558 7501.68 7701.07
559 7514.52 7701.07
560 7514.52 7701.07
561 7526.59 7701.07
562 7538.74 7701.07
563 7551.55 7701.07
564 7555.18 7701.07
565 7560.29 7701.07
566 7560.29 7701.07
567 7564.62 7701.07
568 7564.62 7701.07
569 7564.62 7701.07
570 7564.62 7701.07
571 7564.62 7701.07
572 7564.62 7701.07
573 7564.62 7701.07
574 7564.62 7701.07
575 7564.62 7701.07
576 7564.62 7701.07
577 7065.6 7701.07
578 7105.08 7701.07
579 7131.22 7701.07
580 7141.27 7701.07
581 7157.6 7701.07
582 7157.75 7701.07
583 7189.62 7701.07
584 7198.5 7701.07
585 7200.79 7701.07
586 7212.29 7701.07
587 7212.35 7701.07
588 7223.25 7701.07
589 7236.87 7701.07
590 7239.19 7701.07
591 7251.58 7701.07
592 7261.86 7701.07
593 7286.55 7701.07
594 7297.4 7701.07
595 7311.02 7701.07
596 7312.64 7701.07
597 7324.29 7701.07
598 7349.62 7701.07
599 7356.94 7701.07
600 7360.71 7701.07
601 7365.91 7701.07
602 7370.22 7701.07
603 7391.89 7701.07
604 7407.81 7701.07
605 7416.61 7701.07
606 7416.61 7701.07
607 7435.25 7701.07
608 7458.76 7701.07
609 7463.45 7701.07
610 7464.68 7701.07
611 7464.68 7701.07
612 7474.27 7701.07
613 7476.09 7701.07
614 7476.09 7701.07
615 7476.09 7701.07
616 7476.09 7701.07
617 7476.09 7701.07
618 7476.09 7701.07
619 7476.09 7701.07
620 7476.09 7701.07
621 7476.09 7701.07
622 7476.09 7701.07
623 6822.71 7701.07
624 6839.37 7701.07
625 6844.86 7701.07
626 6871.43 7701.07
627 6893.56 7701.07
628 6952.02 7701.07
629 6961.65 7701.07
630 6981.86 7701.07
631 6989.07 7701.07
632 6991.73 7701.07
633 6998.39 7701.07
634 7001.72 7701.07
635 7009.02 7701.07
636 7028.48 7701.07
637 7048.01 7701.07
638 7058.46 7701.07
639 7059.18 7701.07
640 7065.43 7701.07
641 7076.19 7701.07
642 7076.47 7701.07
643 7085.94 7701.07
644 7087.1 7701.07
645 7097.88 7701.07
646 7127.59 7701.07
647 7133.26 7701.07
648 7136.54 7701.07
649 7143.35 7701.07
650 7156.97 7701.07
651 7167.73 7701.07
652 7168.79 7701.07
653 7181.42 7701.07
654 7192.82 7701.07
655 7197.62 7701.07
656 7210.04 7701.07
657 7211.36 7701.07
658 7212.48 7701.07
659 7214.72 7701.07
660 7220.45 7701.07
661 7231.75 7701.07
662 7241.19 7701.07
663 7243.47 7701.07
664 7243.47 7701.07
665 7243.47 7701.07
666 7243.47 7701.07
667 7243.47 7701.07
668 7243.47 7701.07
669 7243.47 7701.07
670 7243.47 7701.07
671 7243.47 7701.07
672 7243.47 7701.07
673 6392.18 7701.07
674 6402.07 7701.07
675 6419.44 7701.07
676 6428.76 7701.07
677 6459.86 7701.07
678 6525.31 7701.07
679 6531.66 7701.07
680 6541.13 7701.07
681 6558.61 7701.07
682 6570.01 7701.07
683 6575.49 7701.07
684 6582.63 7701.07
685 6594.98 7701.07
686 6605.41 7701.07
687 6672.59 7701.07
688 6698.64 7701.07
689 6705.08 7701.07
690 6708.75 7701.07
691 6732.06 7701.07
692 6753.53 7701.07
693 6761.96 7701.07
694 6778.62 7701.07
695 6789.39 7701.07
696 6790.82 7701.07
697 6827.25 7701.07
698 6837.86 7701.07
699 6859.46 7701.07
700 6863.3 7701.07
701 6869.01 7701.07
702 6869.94 7701.07
703 6872.71 7701.07
704 6885.07 7701.07
705 6887.67 7701.07
706 6917.85 7701.07
707 6926.35 7701.07
708 6945.35 7701.07
709 6955.92 7701.07
710 6967.99 7701.07
711 6968.82 7701.07
712 6994.1 7701.07
713 7000.71 7701.07
714 7008.51 7701.07
715 7033.09 7701.07
716 7033.98 7701.07
717 7034.68 7701.07
718 7040.65 7701.07
719 7040.65 7701.07
720 7040.65 7701.07
721 7040.65 7701.07
722 7040.65 7701.07
723 7040.65 7701.07
724 7040.65 7701.07
725 7040.65 7701.07
726 7040.65 7701.07
727 7040.65 7701.07
728 6255.43 7701.07
729 6349.76 7701.07
730 6367.26 7701.07
731 6388.95 7701.07
732 6424.28 7701.07
733 6437.34 7701.07
734 6471.87 7701.07
735 6473.18 7701.07
736 6509.59 7701.07
737 6545.47 7701.07
738 6552.5 7701.07
739 6598.7 7701.07
740 6608.46 7701.07
741 6626.44 7701.07
742 6631.9 7701.07
743 6667.67 7701.07
744 6705.81 7701.07
745 6707.38 7701.07
746 6726.5 7701.07
747 6727.31 7701.07
748 6783.76 7701.07
749 6802.05 7701.07
750 6810.96 7701.07
751 6820.8 7701.07
752 6823.3 7701.07
753 6853.43 7701.07
754 6859.02 7701.07
755 6861.74 7701.07
756 6864.21 7701.07
757 6876.81 7701.07
758 6909.81 7701.07
759 6920.12 7701.07
760 6946.24 7701.07
761 6954.71 7701.07
762 6972.43 7701.07
763 6979.97 7701.07
764 6983.8 7701.07
765 7008.72 7701.07
766 7020.92 7701.07
767 7021.75 7701.07
768 7026.95 7701.07
769 7027.93 7701.07
770 7028.44 7701.07
771 7049.39 7701.07
772 7059.07 7701.07
773 7065.15 7701.07
774 7078.88 7701.07
775 7095.26 7701.07
776 7096.06 7701.07
777 7096.06 7701.07
778 7096.06 7701.07
779 7096.06 7701.07
780 7096.06 7701.07
781 7096.06 7701.07
782 7096.06 7701.07
783 7096.06 7701.07
784 7096.06 7701.07
785 7096.06 7701.07
786 6714.73 7701.07
787 6754.64 7701.07
788 6769.22 7701.07
789 6839.73 7701.07
790 6851.31 7701.07
791 6872.47 7701.07
792 6887.36 7701.07
793 6899.36 7701.07
794 6901.42 7701.07
795 6904.16 7701.07
796 6914.95 7701.07
797 6918.21 7701.07
798 6929.33 7701.07
799 6942.62 7701.07
800 6962.05 7701.07
801 6967.68 7701.07
802 6972.57 7701.07
803 7010.19 7701.07
804 7011.89 7701.07
805 7012.02 7701.07
806 7037.21 7701.07
807 7040.45 7701.07
808 7062.47 7701.07
809 7063.1 7701.07
810 7069.75 7701.07
811 7077.66 7701.07
812 7096.75 7701.07
813 7096.75 7701.07
814 7104.79 7701.07
815 7129.78 7701.07
816 7134.52 7701.07
817 7147.86 7701.07
818 7163.87 7701.07
819 7164.48 7701.07
820 7164.75 7701.07
821 7180.16 7701.07
822 7181.48 7701.07
823 7222.35 7701.07
824 7222.35 7701.07
825 7222.35 7701.07
826 7222.35 7701.07
827 7222.35 7701.07
828 7222.35 7701.07
829 7222.35 7701.07
830 7222.35 7701.07
831 7222.35 7701.07
832 7222.35 7701.07
833 6678 7701.07
834 6681.18 7701.07
835 6694.49 7701.07
836 6706.31 7701.07
837 6718.87 7701.07
838 6719.41 7701.07
839 6782.41 7701.07
840 6788.77 7701.07
841 6819.98 7701.07
842 6825.17 7701.07
843 6887.94 7701.07
844 6920.88 7701.07
845 6952.32 7701.07
846 6983.75 7701.07
847 6987.57 7701.07
848 7005.94 7701.07
849 7011.48 7701.07
850 7030.04 7701.07
851 7042.71 7701.07
852 7072.89 7701.07
853 7088.1 7701.07
854 7098.44 7701.07
855 7107.86 7701.07
856 7114.05 7701.07
857 7127.68 7701.07
858 7129.5 7701.07
859 7161.87 7701.07
860 7162.05 7701.07
861 7169.43 7701.07
862 7181.76 7701.07
863 7183.83 7701.07
864 7199.94 7701.07
865 7201.9 7701.07
866 7221.7 7701.07
867 7268.01 7701.07
868 7268.73 7701.07
869 7277.44 7701.07
870 7285.53 7701.07
871 7294.73 7701.07
872 7327.3 7701.07
873 7333.14 7701.07
874 7333.14 7701.07
875 7333.14 7701.07
876 7333.14 7701.07
877 7333.14 7701.07
878 7333.14 7701.07
879 7333.14 7701.07
880 7333.14 7701.07
881 7333.14 7701.07
882 7333.14 7701.07
883 6448.59 7701.07
884 6478.98 7701.07
885 6497.55 7701.07
886 6632.74 7701.07
887 6653.52 7701.07
888 6656.88 7701.07
889 6660.78 7701.07
890 6683.27 7701.07
891 6775.18 7701.07
892 6780.39 7701.07
893 6795.48 7701.07
894 6855.03 7701.07
895 6871.05 7701.07
896 6872.55 7701.07
897 6896.85 7701.07
898 6919.97 7701.07
899 6943.98 7701.07
900 6945.53 7701.07
901 6968.66 7701.07
902 6976.27 7701.07
903 6986.59 7701.07
904 6992.02 7701.07
905 7013.52 7701.07
906 7061.51 7701.07
907 7079.55 7701.07
908 7108.07 7701.07
909 7115.96 7701.07
910 7119.76 7701.07
911 7126.88 7701.07
912 7139.39 7701.07
913 7139.39 7701.07
914 7141.17 7701.07
915 7141.17 7701.07
916 7141.17 7701.07
917 7141.17 7701.07
918 7141.17 7701.07
919 7141.17 7701.07
920 7141.17 7701.07
921 7141.17 7701.07
922 7141.17 7701.07
923 7141.17 7701.07
924 6585.51 7701.07
925 6609.1 7701.07
926 6618.73 7701.07
927 6684.33 7701.07
928 6691.96 7701.07
929 6722.17 7701.07
930 6759.16 7701.07
931 6768.2 7701.07
932 6768.87 7701.07
933 6773.92 7701.07
934 6790.55 7701.07
935 6820.52 7701.07
936 6826.54 7701.07
937 6826.69 7701.07
938 6857.4 7701.07
939 6878.77 7701.07
940 6885.19 7701.07
941 6893.35 7701.07
942 6913.69 7701.07
943 6926.79 7701.07
944 6927.69 7701.07
945 6955.47 7701.07
946 6993.69 7701.07
947 7010.03 7701.07
948 7027.7 7701.07
949 7030.46 7701.07
950 7033.68 7701.07
951 7065.73 7701.07
952 7074.49 7701.07
953 7086.9 7701.07
954 7098.48 7701.07
955 7101.73 7701.07
956 7110.61 7701.07
957 7115.11 7701.07
958 7124.82 7701.07
959 7136.14 7701.07
960 7146.29 7701.07
961 7163.33 7701.07
962 7198.63 7701.07
963 7212.69 7701.07
964 7217.77 7701.07
965 7220.18 7701.07
966 7239.41 7701.07
967 7240.38 7701.07
968 7240.38 7701.07
969 7240.38 7701.07
970 7240.38 7701.07
971 7240.38 7701.07
972 7240.38 7701.07
973 7240.38 7701.07
974 7240.38 7701.07
975 7240.38 7701.07
976 7240.38 7701.07
977 6652.89 7701.07
978 6665.01 7701.07
979 6728.63 7701.07
980 6746.59 7701.07
981 6770.23 7701.07
982 6783.98 7701.07
983 6809.45 7701.07
984 6818.42 7701.07
985 6826.72 7701.07
986 6850.92 7701.07
987 6864.44 7701.07
988 6872.81 7701.07
989 6917.25 7701.07
990 6939.69 7701.07
991 6941.77 7701.07
992 6957.36 7701.07
993 6976.25 7701.07
994 6988.72 7701.07
995 7005.42 7701.07
996 7009.68 7701.07
997 7047.13 7701.07
998 7059.33 7701.07
999 7062.37 7701.07
