0 989.135 989.135
1 999.774 999.774
2 1002.35 1002.35
3 1054.53 1054.53
4 1073.34 1073.34
5 1073.64 1073.64
6 1073.66 1073.66
7 1075.73 1075.73
8 1075.73 1075.73
9 1075.73 1075.73
10 1075.73 1075.73
11 1075.73 1075.73
12 1075.73 1075.73
13 1075.73 1075.73
14 1075.73 1075.73
15 1075.73 1075.73
16 1075.73 1075.73
17 1122.21 1122.21
18 1138.55 1138.55
19 1155.73 1155.73
20 1157.67 1157.67
21 1167.7 1167.7
22 1167.7 1167.7
23 1167.7 1167.7
24 1167.7 1167.7
25 1167.7 1167.7
26 1167.7 1167.7
27 1167.7 1167.7
28 1167.7 1167.7
29 1167.7 1167.7
30 1167.7 1167.7
31 1077.48 1167.7
32 1096.45 1167.7
33 1102.75 1167.7
34 1102.75 1167.7
35 1102.75 1167.7
36 1102.75 1167.7
37 1102.75 1167.7
38 1102.75 1167.7
39 1102.75 1167.7
40 1102.75 1167.7
41 1102.75 1167.7
42 1102.75 1167.7
43 1047.13 1167.7
44 1063.72 1167.7
45 1064.16 1167.7
46 1064.16 1167.7
47 1064.16 1167.7
48 1064.16 1167.7
49 1064.16 1167.7
50 1064.16 1167.7
51 1064.16 1167.7
52 1064.16 1167.7
53 1064.16 1167.7
54 1064.16 1167.7
55 1048.19 1167.7
56 1049.63 1167.7
57 1072.35 1167.7
58 1072.35 1167.7
59 1072.35 1167.7
60 1072.35 1167.7
61 1072.35 1167.7
62 1072.35 1167.7
63 1072.35 1167.7
64 1072.35 1167.7
65 1072.35 1167.7
66 1072.35 1167.7
67 1039.86 1167.7
68 1101.18 1167.7
69 1123.8 1167.7
70 1127.6 1167.7
71 1149.45 1167.7
72 1159.17 1167.7
73 1159.17 1167.7
74 1159.17 1167.7
75 1159.17 1167.7
76 1159.17 1167.7
77 1159.17 1167.7
78 1159.17 1167.7
79 1159.17 1167.7
80 1159.17 1167.7
81 1159.17 1167.7
82 1035.62 1167.7
83 1092.6 1167.7
84 1096.04 1167.7
85 1106.58 1167.7
86 1127.81 1167.7
87 1127.81 1167.7
88 1127.81 1167.7
89 1127.81 1167.7
90 1127.81 1167.7
91 1127.81 1167.7
92 1127.81 1167.7
93 1127.81 1167.7
94 1127.81 1167.7
95 1127.81 1167.7
96 1073.35 1167.7
97 1082.07 1167.7
98 1082.07 1167.7
99 1082.07 1167.7
100 1082.07 1167.7
101 1082.07 1167.7
102 1082.07 1167.7
103 1082.07 1167.7
104 1082.07 1167.7
105 1082.07 1167.7
106 1082.07 1167.7
107 993.672 1167.7
108 1063.68 1167.7
109 1065.86 1167.7
110 1065.86 1167.7
111 1065.86 1167.7
112 1065.86 1167.7
113 1065.86 1167.7
114 1065.86 1167.7
115 1065.86 1167.7
116 1065.86 1167.7
117 1065.86 1167.7
118 1065.86 1167.7
119 1070.31 1167.7
120 1105.41 1167.7
121 1107.44 1167.7
122 1132.14 1167.7
123 1134.16 1167.7
124 1146.55 1167.7
125 1146.55 1167.7
126 1146.55 1167.7
127 1146.55 1167.7
128 1146.55 1167.7
129 1146.55 1167.7
130 1146.55 1167.7
131 1146.55 1167.7
132 1146.55 1167.7
133 1146.55 1167.7
134 1104.6 1167.7
135 1131.35 1167.7
136 1137.82 1167.7
137 1156.07 1167.7
138 1156.07 1167.7
139 1156.07 1167.7
140 1156.07 1167.7
141 1156.07 1167.7
142 1156.07 1167.7
143 1156.07 1167.7
144 1156.07 1167.7
145 1156.07 1167.7
146 1156.07 1167.7
147 1084.54 1167.7
148 1094.57 1167.7
149 1132.29 1167.7
150 1132.29 1167.7
151 1132.29 1167.7
152 1132.29 1167.7
153 1132.29 1167.7
154 1132.29 1167.7
155 1132.29 1167.7
156 1132.29 1167.7
157 1132.29 1167.7
158 1132.29 1167.7
159 1082.87 1167.7
160 1092.7 1167.7
161 1100.32 1167.7
162 1108.45 1167.7
163 1108.45 1167.7
164 1108.45 1167.7
165 1108.45 1167.7
166 1108.45 1167.7
167 1108.45 1167.7
168 1108.45 1167.7
169 1108.45 1167.7
170 1108.45 1167.7
171 1108.45 1167.7
172 1104.63 1167.7
173 1123.91 1167.7
174 1131.79 1167.7
175 1148.44 1167.7
176 1148.44 1167.7
177 1148.44 1167.7
178 1148.44 1167.7
179 1148.44 1167.7
180 1148.44 1167.7
181 1148.44 1167.7
182 1148.44 1167.7
183 1148.44 1167.7
184 1148.44 1167.7
185 1185.1 1185.1
186 1119.31 1185.1
187 1146.3 1185.1
188 1146.3 1185.1
189 1146.3 1185.1
190 1146.3 1185.1
191 1146.3 1185.1
192 1146.3 1185.1
193 1146.3 1185.1
194 1146.3 1185.1
195 1146.3 1185.1
196 1146.3 1185.1
197 1187.5 1187.5
198 1204.26 1204.26
199 1204.26 1204.26
200 1204.26 1204.26
201 1204.26 1204.26
202 1204.26 1204.26
203 1204.26 1204.26
204 1204.26 1204.26
205 1204.26 1204.26
206 1204.26 1204.26
207 1204.26 1204.26
208 1152.32 1204.26
209 1154.29 1204.26
210 1157.61 1204.26
211 1158.77 1204.26
212 1171.03 1204.26
213 1184.41 1204.26
214 1184.41 1204.26
215 1184.41 1204.26
216 1184.41 1204.26
217 1184.41 1204.26
218 1184.41 1204.26
219 1184.41 1204.26
220 1184.41 1204.26
221 1184.41 1204.26
222 1184.41 1204.26
223 1032.01 1204.26
224 1073.91 1204.26
225 1127.91 1204.26
226 1128.3 1204.26
227 1139.84 1204.26
228 1139.84 1204.26
229 1139.84 1204.26
230 1139.84 1204.26
231 1139.84 1204.26
232 1139.84 1204.26
233 1139.84 1204.26
234 1139.84 1204.26
235 1139.84 1204.26
236 1139.84 1204.26
237 1126.38 1204.26
238 1142.05 1204.26
239 1155.43 1204.26
240 1163.74 1204.26
241 1163.74 1204.26
242 1163.74 1204.26
243 1163.74 1204.26
244 1163.74 1204.26
245 1163.74 1204.26
246 1163.74 1204.26
247 1163.74 1204.26
248 1163.74 1204.26
249 1163.74 1204.26
250 1080.41 1204.26
251 1169.13 1204.26
252 1169.13 1204.26
253 1169.13 1204.26
254 1169.13 1204.26
255 1169.13 1204.26
256 1169.13 1204.26
257 1169.13 1204.26
258 1169.13 1204.26
259 1169.13 1204.26
260 1169.13 1204.26
261 1089.05 1204.26
262 1134.16 1204.26
263 1138.94 1204.26
264 1138.94 1204.26
265 1138.94 1204.26
266 1138.94 1204.26
267 1138.94 1204.26
268 1138.94 1204.26
269 1138.94 1204.26
270 1138.94 1204.26
271 1138.94 1204.26
272 1138.94 1204.26
273 1073.55 1204.26
274 1077.21 1204.26
275 1084.74 1204.26
276 1100.51 1204.26
277 1100.51 1204.26
278 1100.51 1204.26
279 1100.51 1204.26
280 1100.51 1204.26
281 1100.51 1204.26
282 1100.51 1204.26
283 1100.51 1204.26
284 1100.51 1204.26
285 1100.51 1204.26
286 1107.08 1204.26
287 1169.71 1204.26
288 1169.71 1204.26
289 1169.71 1204.26
290 1169.71 1204.26
291 1169.71 1204.26
292 1169.71 1204.26
293 1169.71 1204.26
294 1169.71 1204.26
295 1169.71 1204.26
296 1169.71 1204.26
297 1079.29 1204.26
298 1108.15 1204.26
299 1113.2 1204.26
300 1136.48 1204.26
301 1137.69 1204.26
302 1170.52 1204.26
303 1170.52 1204.26
304 1170.52 1204.26
305 1170.52 1204.26
306 1170.52 1204.26
307 1170.52 1204.26
308 1170.52 1204.26
309 1170.52 1204.26
310 1170.52 1204.26
311 1170.52 1204.26
312 1013.54 1204.26
313 1015.72 1204.26
314 1084.49 1204.26
315 1087.64 1204.26
316 1098.99 1204.26
317 1099.52 1204.26
318 1112.6 1204.26
319 1112.6 1204.26
320 1112.6 1204.26
321 1112.6 1204.26
322 1112.6 1204.26
323 1112.6 1204.26
324 1112.6 1204.26
325 1112.6 1204.26
326 1112.6 1204.26
327 1112.6 1204.26
328 1085.72 1204.26
329 1109.8 1204.26
330 1109.8 1204.26
331 1109.8 1204.26
332 1109.8 1204.26
333 1109.8 1204.26
334 1109.8 1204.26
335 1109.8 1204.26
336 1109.8 1204.26
337 1109.8 1204.26
338 1109.8 1204.26
339 1107.8 1204.26
340 1136 1204.26
341 1136 1204.26
342 1136 1204.26
343 1136 1204.26
344 1136 1204.26
345 1136 1204.26
346 1136 1204.26
347 1136 1204.26
348 1136 1204.26
349 1136 1204.26
350 1028.47 1204.26
351 1034.36 1204.26
352 1034.64 1204.26
353 1036.78 1204.26
354 1060.22 1204.26
355 1060.93 1204.26
356 1073.89 1204.26
357 1078.2 1204.26
358 1082.8 1204.26
359 1084.94 1204.26
360 1085.65 1204.26
361 1085.65 1204.26
362 1085.65 1204.26
363 1085.65 1204.26
364 1085.65 1204.26
365 1085.65 1204.26
366 1085.65 1204.26
367 1085.65 1204.26
368 1085.65 1204.26
369 1085.65 1204.26
370 970.261 1204.26
371 981.182 1204.26
372 992.732 1204.26
373 1016.04 1204.26
374 1017.44 1204.26
375 1056.03 1204.26
376 1056.03 1204.26
377 1056.03 1204.26
378 1056.03 1204.26
379 1056.03 1204.26
380 1056.03 1204.26
381 1056.03 1204.26
382 1056.03 1204.26
383 1056.03 1204.26
384 1056.03 1204.26
385 1098.33 1204.26
386 1111.94 1204.26
387 1125.73 1204.26
388 1125.73 1204.26
389 1125.73 1204.26
390 1125.73 1204.26
391 1125.73 1204.26
392 1125.73 1204.26
393 1125.73 1204.26
394 1125.73 1204.26
395 1125.73 1204.26
396 1125.73 1204.26
397 1080.09 1204.26
398 1127.62 1204.26
399 1150.87 1204.26
400 1150.87 1204.26
401 1150.87 1204.26
402 1150.87 1204.26
403 1150.87 1204.26
404 1150.87 1204.26
405 1150.87 1204.26
406 1150.87 1204.26
407 1150.87 1204.26
408 1150.87 1204.26
409 1064.77 1204.26
410 1074.82 1204.26
411 1107.21 1204.26
412 1107.21 1204.26
413 1107.21 1204.26
414 1107.21 1204.26
415 1107.21 1204.26
416 1107.21 1204.26
417 1107.21 1204.26
418 1107.21 1204.26
419 1107.21 1204.26
420 1107.21 1204.26
421 1134.87 1204.26
422 1157.77 1204.26
423 1157.77 1204.26
424 1157.77 1204.26
425 1157.77 1204.26
426 1157.77 1204.26
427 1157.77 1204.26
428 1157.77 1204.26
429 1157.77 1204.26
430 1157.77 1204.26
431 1157.77 1204.26
432 1178.29 1204.26
433 1187.71 1204.26
434 1187.71 1204.26
435 1187.71 1204.26
436 1187.71 1204.26
437 1187.71 1204.26
438 1187.71 1204.26
439 1187.71 1204.26
440 1187.71 1204.26
441 1187.71 1204.26
442 1187.71 1204.26
443 1114.74 1204.26
444 1120.04 1204.26
445 1143.11 1204.26
446 1187.14 1204.26
447 1187.14 1204.26
448 1187.14 1204.26
449 1187.14 1204.26
450 1187.14 1204.26
451 1187.14 1204.26
452 1187.14 1204.26
453 1187.14 1204.26
454 1187.14 1204.26
455 1187.14 1204.26
456 1129.36 1204.26
457 1149.83 1204.26
458 1151.93 1204.26
459 1151.93 1204.26
460 1151.93 1204.26
461 1151.93 1204.26
462 1151.93 1204.26
463 1151.93 1204.26
464 1151.93 1204.26
465 1151.93 1204.26
466 1151.93 1204.26
467 1151.93 1204.26
468 988.636 1204.26
469 998.792 1204.26
470 1030.46 1204.26
471 1055.57 1204.26
472 1055.57 1204.26
473 1055.57 1204.26
474 1055.57 1204.26
475 1055.57 1204.26
476 1055.57 1204.26
477 1055.57 1204.26
478 1055.57 1204.26
479 1055.57 1204.26
480 1055.57 1204.26
481 956.511 1204.26
482 987.017 1204.26
483 1016.4 1204.26
484 1019.62 1204.26
485 1019.62 1204.26
486 1019.62 1204.26
487 1019.62 1204.26
488 1019.62 1204.26
489 1019.62 1204.26
490 1019.62 1204.26
491 1019.62 1204.26
492 1019.62 1204.26
493 1019.62 1204.26
494 1045.51 1204.26
495 1063.43 1204.26
496 1080.18 1204.26
497 1091.34 1204.26
498 1091.34 1204.26
499 1091.34 1204.26
500 1091.34 1204.26
501 1091.34 1204.26
502 1091.34 1204.26
503 1091.34 1204.26
504 1091.34 1204.26
505 1091.34 1204.26
506 1091.34 1204.26
507 1040.27 1204.26
508 1073.55 1204.26
509 1103.98 1204.26
510 1118.19 1204.26
511 1153.75 1204.26
512 1153.75 1204.26
513 1153.75 1204.26
514 1153.75 1204.26
515 1153.75 1204.26
516 1153.75 1204.26
517 1153.75 1204.26
518 1153.75 1204.26
519 1153.75 1204.26
520 1153.75 1204.26
521 1142.5 1204.26
522 1175.82 1204.26
523 1182.52 1204.26
524 1182.52 1204.26
525 1182.52 1204.26
526 1182.52 1204.26
527 1182.52 1204.26
528 1182.52 1204.26
529 1182.52 1204.26
530 1182.52 1204.26
531 1182.52 1204.26
532 1182.52 1204.26
533 1140.15 1204.26
534 1184.48 1204.26
535 1184.48 1204.26
536 1184.48 1204.26
537 1184.48 1204.26
538 1184.48 1204.26
539 1184.48 1204.26
540 1184.48 1204.26
541 1184.48 1204.26
542 1184.48 1204.26
543 1184.48 1204.26
544 1081.05 1204.26
545 1144.79 1204.26
546 1153.14 1204.26
547 1169.77 1204.26
548 1170 1204.26
549 1178.43 1204.26
550 1178.43 1204.26
551 1178.43 1204.26
552 1178.43 1204.26
553 1178.43 1204.26
554 1178.43 1204.26
555 1178.43 1204.26
556 1178.43 1204.26
557 1178.43 1204.26
558 1178.43 1204.26
559 1001.23 1204.26
560 1026.18 1204.26
561 1032.52 1204.26
562 1080.08 1204.26
563 1087.98 1204.26
564 1096.29 1204.26
565 1110.45 1204.26
566 1110.45 1204.26
567 1110.45 1204.26
568 1110.45 1204.26
569 1110.45 1204.26
570 1110.45 1204.26
571 1110.45 1204.26
572 1110.45 1204.26
573 1110.45 1204.26
574 1110.45 1204.26
575 1061.37 1204.26
576 1076.32 1204.26
577 1079.97 1204.26
578 1094.72 1204.26
579 1095.42 1204.26
580 1095.42 1204.26
581 1095.42 1204.26
582 1095.42 1204.26
583 1095.42 1204.26
584 1095.42 1204.26
585 1095.42 1204.26
586 1095.42 1204.26
587 1095.42 1204.26
588 1095.42 1204.26
589 1058.38 1204.26
590 1074.3 1204.26
591 1111.28 1204.26
592 1124.26 1204.26
593 1124.26 1204.26
594 1124.26 1204.26
595 1124.26 1204.26
596 1124.26 1204.26
597 1124.26 1204.26
598 1124.26 1204.26
599 1124.26 1204.26
600 1124.26 1204.26
601 1124.26 1204.26
602 1043.9 1204.26
603 1081.83 1204.26
604 1093.24 1204.26
605 1098.59 1204.26
606 1100.59 1204.26
607 1104.28 1204.26
608 1113.32 1204.26
609 1113.32 1204.26
610 1113.32 1204.26
611 1113.32 1204.26
612 1113.32 1204.26
613 1113.32 1204.26
614 1113.32 1204.26
615 1113.32 1204.26
616 1113.32 1204.26
617 1113.32 1204.26
618 1032.92 1204.26
619 1053.22 1204.26
620 1056.59 1204.26
621 1061.19 1204.26
622 1061.19 1204.26
623 1061.19 1204.26
624 1061.19 1204.26
625 1061.19 1204.26
626 1061.19 1204.26
627 1061.19 1204.26
628 1061.19 1204.26
629 1061.19 1204.26
630 1061.19 1204.26
631 1040.78 1204.26
632 1043.84 1204.26
633 1093.9 1204.26
634 1099.68 1204.26
635 1111.31 1204.26
636 1119.87 1204.26
637 1135.09 1204.26
638 1135.09 1204.26
639 1135.09 1204.26
640 1135.09 1204.26
641 1135.09 1204.26
642 1135.09 1204.26
643 1135.09 1204.26
644 1135.09 1204.26
645 1135.09 1204.26
646 1135.09 1204.26
647 1131.39 1204.26
648 1179.51 1204.26
649 1179.51 1204.26
650 1179.51 1204.26
651 1179.51 1204.26
652 1179.51 1204.26
653 1179.51 1204.26
654 1179.51 1204.26
655 1179.51 1204.26
656 1179.51 1204.26
657 1179.51 1204.26
658 1103.98 1204.26
659 1112.65 1204.26
660 1139.18 1204.26
661 1152.87 1204.26
662 1153.69 1204.26
663 1153.69 1204.26
664 1153.69 1204.26
665 1153.69 1204.26
666 1153.69 1204.26
667 1153.69 1204.26
668 1153.69 1204.26
669 1153.69 1204.26
670 1153.69 1204.26
671 1153.69 1204.26
672 1094.22 1204.26
673 1104.36 1204.26
674 1110.46 1204.26
675 1119.14 1204.26
676 1119.91 1204.26
677 1131.74 1204.26
678 1163.43 1204.26
679 1163.43 1204.26
680 1163.43 1204.26
681 1163.43 1204.26
682 1163.43 1204.26
683 1163.43 1204.26
684 1163.43 1204.26
685 1163.43 1204.26
686 1163.43 1204.26
687 1163.43 1204.26
688 1083.22 1204.26
689 1086.64 1204.26
690 1089.11 1204.26
691 1094.23 1204.26
692 1102.62 1204.26
693 1146.36 1204.26
694 1146.36 1204.26
695 1146.36 1204.26
696 1146.36 1204.26
697 1146.36 1204.26
698 1146.36 1204.26
699 1146.36 1204.26
700 1146.36 1204.26
701 1146.36 1204.26
702 1146.36 1204.26
703 1140.84 1204.26
704 1159.93 1204.26
705 1160.7 1204.26
706 1160.7 1204.26
707 1160.7 1204.26
708 1160.7 1204.26
709 1160.7 1204.26
710 1160.7 1204.26
711 1160.7 1204.26
712 1160.7 1204.26
713 1160.7 1204.26
714 1160.7 1204.26
715 1124.94 1204.26
716 1144.36 1204.26
717 1169.33 1204.26
718 1197.83 1204.26
719 1197.83 1204.26
720 1197.83 1204.26
721 1197.83 1204.26
722 1197.83 1204.26
723 1197.83 1204.26
724 1197.83 1204.26
725 1197.83 1204.26
726 1197.83 1204.26
727 1197.83 1204.26
728 1284.41 1284.41
729 1222.36 1284.41
730 1127.6 1284.41
731 1127.77 1284.41
732 1150.74 1284.41
733 1151.75 1284.41
734 1151.75 1284.41
735 1151.75 1284.41
736 1151.75 1284.41
737 1151.75 1284.41
738 1151.75 1284.41
739 1151.75 1284.41
740 1151.75 1284.41
741 1151.75 1284.41
742 1151.75 1284.41
743 1051.82 1284.41
744 1063.51 1284.41
745 1079.05 1284.41
746 1110.92 1284.41
747 1111.13 1284.41
748 1111.13 1284.41
749 1111.13 1284.41
750 1111.13 1284.41
751 1111.13 1284.41
752 1111.13 1284.41
753 1111.13 1284.41
754 1111.13 1284.41
755 1111.13 1284.41
756 1111.13 1284.41
757 1058.25 1284.41
758 1066.95 1284.41
759 1077.87 1284.41
760 1085.87 1284.41
761 1091.38 1284.41
762 1102.39 1284.41
763 1103.08 1284.41
764 1104.3 1284.41
765 1104.87 1284.41
766 1124.35 1284.41
767 1128.62 1284.41
768 1128.62 1284.41
769 1128.62 1284.41
770 1128.62 1284.41
771 1128.62 1284.41
772 1128.62 1284.41
773 1128.62 1284.41
774 1128.62 1284.41
775 1128.62 1284.41
776 1128.62 1284.41
777 1029.15 1284.41
778 1070.67 1284.41
779 1071.82 1284.41
780 1096.18 1284.41
781 1110.45 1284.41
782 1110.45 1284.41
783 1110.45 1284.41
784 1110.45 1284.41
785 1110.45 1284.41
786 1110.45 1284.41
787 1110.45 1284.41
788 1110.45 1284.41
789 1110.45 1284.41
790 1110.45 1284.41
791 1104.17 1284.41
792 1143.15 1284.41
793 1151 1284.41
794 1164.87 1284.41
795 1174.2 1284.41
796 1194.13 1284.41
797 1194.13 1284.41
798 1194.13 1284.41
799 1194.13 1284.41
800 1194.13 1284.41
801 1194.13 1284.41
802 1194.13 1284.41
803 1194.13 1284.41
804 1194.13 1284.41
805 1194.13 1284.41
806 1113.63 1284.41
807 1118.56 1284.41
808 1128.47 1284.41
809 1128.47 1284.41
810 1128.47 1284.41
811 1128.47 1284.41
812 1128.47 1284.41
813 1128.47 1284.41
814 1128.47 1284.41
815 1128.47 1284.41
816 1128.47 1284.41
817 1128.47 1284.41
818 1012.41 1284.41
819 1035.5 1284.41
820 1037.5 1284.41
821 1073.79 1284.41
822 1081.01 1284.41
823 1085.74 1284.41
824 1085.74 1284.41
825 1085.74 1284.41
826 1085.74 1284.41
827 1085.74 1284.41
828 1085.74 1284.41
829 1085.74 1284.41
830 1085.74 1284.41
831 1085.74 1284.41
832 1085.74 1284.41
833 1041.95 1284.41
834 1069 1284.41
835 1076.36 1284.41
836 1124 1284.41
837 1131.16 1284.41
838 1136.27 1284.41
839 1143.43 1284.41
840 1167.85 1284.41
841 1173.8 1284.41
842 1173.8 1284.41
843 1173.8 1284.41
844 1173.8 1284.41
845 1173.8 1284.41
846 1173.8 1284.41
847 1173.8 1284.41
848 1173.8 1284.41
849 1173.8 1284.41
850 1173.8 1284.41
851 1116.57 1284.41
852 1121.23 1284.41
853 1122.53 1284.41
854 1122.53 1284.41
855 1122.53 1284.41
856 1122.53 1284.41
857 1122.53 1284.41
858 1122.53 1284.41
859 1122.53 1284.41
860 1122.53 1284.41
861 1122.53 1284.41
862 1122.53 1284.41
863 1068.37 1284.41
864 1127.67 1284.41
865 1078.52 1284.41
866 1100.4 1284.41
867 1107.75 1284.41
868 1110.43 1284.41
869 1110.43 1284.41
870 1110.43 1284.41
871 1110.43 1284.41
872 1110.43 1284.41
873 1110.43 1284.41
874 1110.43 1284.41
875 1110.43 1284.41
876 1110.43 1284.41
877 1110.43 1284.41
878 1079.02 1284.41
879 1133.01 1284.41
880 1189.25 1284.41
881 1195.5 1284.41
882 1224.66 1284.41
883 1229.32 1284.41
884 1229.32 1284.41
885 1229.32 1284.41
886 1229.32 1284.41
887 1229.32 1284.41
888 1229.32 1284.41
889 1229.32 1284.41
890 1229.32 1284.41
891 1229.32 1284.41
892 1229.32 1284.41
893 1088.3 1284.41
894 1091.73 1284.41
895 1098.71 1284.41
896 1105.67 1284.41
897 1110.95 1284.41
898 1110.95 1284.41
899 1110.95 1284.41
900 1110.95 1284.41
901 1110.95 1284.41
902 1110.95 1284.41
903 1110.95 1284.41
904 1110.95 1284.41
905 1110.95 1284.41
906 1110.95 1284.41
907 1067.44 1284.41
908 1150.08 1284.41
909 1150.08 1284.41
910 1150.08 1284.41
911 1150.08 1284.41
912 1150.08 1284.41
913 1150.08 1284.41
914 1150.08 1284.41
915 1150.08 1284.41
916 1150.08 1284.41
917 1150.08 1284.41
918 1141.32 1284.41
919 1151.33 1284.41
920 1151.33 1284.41
921 1151.33 1284.41
922 1151.33 1284.41
923 1151.33 1284.41
924 1151.33 1284.41
925 1151.33 1284.41
926 1151.33 1284.41
927 1151.33 1284.41
928 1151.33 1284.41
929 976.204 1284.41
930 979.811 1284.41
931 1031.1 1284.41
932 1037.46 1284.41
933 1052 1284.41
934 1060.44 1284.41
935 1063.02 1284.41
936 1063.02 1284.41
937 1063.02 1284.41
938 1063.02 1284.41
939 1063.02 1284.41
940 1063.02 1284.41
941 1063.02 1284.41
942 1063.02 1284.41
943 1063.02 1284.41
944 1063.02 1284.41
945 960.841 1284.41
946 961.873 1284.41
947 978.698 1284.41
948 981.786 1284.41
949 986.082 1284.41
950 997.287 1284.41
951 1006.94 1284.41
952 1006.94 1284.41
953 1006.94 1284.41
954 1006.94 1284.41
955 1006.94 1284.41
956 1006.94 1284.41
957 1006.94 1284.41
958 1006.94 1284.41
959 1006.94 1284.41
960 1006.94 1284.41
961 1010.5 1284.41
962 1012.18 1284.41
963 1012.18 1284.41
964 1012.18 1284.41
965 1012.18 1284.41
966 1012.18 1284.41
967 1012.18 1284.41
968 1012.18 1284.41
969 1012.18 1284.41
970 1012.18 1284.41
971 1012.18 1284.41
972 945.858 1284.41
973 960.794 1284.41
974 971.558 1284.41
975 971.558 1284.41
976 971.558 1284.41
977 971.558 1284.41
978 971.558 1284.41
979 971.558 1284.41
980 971.558 1284.41
981 971.558 1284.41
982 971.558 1284.41
983 971.558 1284.41
984 971.025 1284.41
985 1026.24 1284.41
986 1027.73 1284.41
987 1035.91 1284.41
988 1051.06 1284.41
989 1057.3 1284.41
990 1057.3 1284.41
991 1057.3 1284.41
992 1057.3 1284.41
993 1057.3 1284.41
994 1057.3 1284.41
995 1057.3 1284.41
996 1057.3 1284.41
997 1057.3 1284.41
998 1057.3 1284.41
999 1025.27 1284.41
