0 433.073
1 459.088
2 473.325
3 477.07
4 519.871
5 525.969
6 554.499
7 557.659
8 573.752
9 591.172
10 688.376
11 698.069
12 714.147
13 715.672
14 737.621
15 739.283
16 743.789
17 751.529
18 781.982
19 789.7
20 789.7
21 789.7
22 789.7
23 789.7
24 789.7
25 789.7
26 789.7
27 789.7
28 789.7
29 789.7
30 789.7
31 789.7
32 789.7
33 789.7
34 789.7
35 789.7
36 789.7
37 789.7
38 789.7
39 789.7
40 789.7
41 789.7
42 789.7
43 789.7
44 789.7
45 789.7
46 789.7
47 789.7
48 789.7
49 789.7
50 789.7
51 789.7
52 789.7
53 789.7
54 789.7
55 789.7
56 789.7
57 789.7
58 789.7
59 789.7
60 789.7
61 789.7
62 789.7
63 789.7
64 789.7
65 789.7
66 789.7
67 789.7
68 789.7
69 789.7
70 789.7
71 789.7
72 789.7
73 789.7
74 789.7
75 789.7
76 789.7
77 789.7
78 789.7
79 789.7
80 789.7
81 789.7
82 789.7
83 789.7
84 789.7
85 789.7
86 789.7
87 789.7
88 789.7
89 789.7
90 789.7
91 789.7
92 789.7
93 789.7
94 789.7
95 789.7
96 789.7
97 789.7
98 789.7
99 789.7
100 789.7
101 789.7
102 789.7
103 789.7
104 789.7
105 789.7
106 789.7
107 789.7
108 789.7
109 789.7
110 789.7
111 789.7
112 789.7
113 789.7
114 789.7
115 789.7
116 789.7
117 789.7
118 789.7
119 789.7
120 789.7
121 789.7
122 789.7
123 789.7
124 789.7
125 789.7
126 789.7
127 789.7
128 789.7
129 789.7
130 789.7
131 789.7
132 789.7
133 789.7
134 789.7
135 789.7
136 789.7
137 789.7
138 789.7
139 789.7
140 789.7
141 789.7
142 789.7
143 789.7
144 789.7
145 789.7
146 789.7
147 789.7
148 789.7
149 789.7
150 789.7
151 789.7
152 789.7
153 789.7
154 789.7
155 789.7
156 789.7
157 789.7
158 789.7
159 789.7
160 789.7
161 789.7
162 789.7
163 789.7
164 789.7
165 789.7
166 789.7
167 789.7
168 789.7
169 789.7
170 789.7
171 789.7
172 789.7
173 789.7
174 789.7
175 789.7
176 789.7
177 789.7
178 789.7
179 789.7
180 789.7
181 789.7
182 789.7
183 789.7
184 789.7
185 789.7
186 789.7
187 789.7
188 789.7
189 789.7
190 789.7
191 789.7
192 789.7
193 789.7
194 789.7
195 789.7
196 789.7
197 789.7
198 789.7
199 789.7
