0 782.471
1 820.983
2 863.596
3 894.198
4 958.983
5 992.01
6 1000.41
7 1026.74
8 1045.19
9 1108.84
10 1115.21
11 1166.82
12 1176.32
13 1199.79
14 1203.86
15 1213.84
16 1280.61
17 1287.35
18 1293.03
19 1297.56
20 1309.35
21 1323.01
22 1332.09
23 1334.21
24 1357.23
25 1379.87
26 1418.47
27 1423.74
28 1442.38
29 1463.36
30 1505.72
31 1507.17
32 1521.73
33 1526.22
34 1532.12
35 1532.2
36 1535.54
37 1536.61
38 1536.83
39 1536.83
40 1536.83
41 1536.83
42 1536.83
43 1536.83
44 1536.83
45 1536.83
46 1536.83
47 1536.83
48 1536.83
49 1536.83
50 1536.83
51 1536.83
52 1536.83
53 1536.83
54 1536.83
55 1536.83
56 1536.83
57 1536.83
58 1536.83
59 1536.83
60 1536.83
61 1536.83
62 1536.83
63 1536.83
64 1536.83
65 1536.83
66 1536.83
67 1536.83
68 1536.83
69 1536.83
70 1536.83
71 1536.83
72 1536.83
73 1536.83
74 1536.83
75 1536.83
76 1536.83
77 1536.83
78 1536.83
79 1536.83
80 1536.83
81 1536.83
82 1536.83
83 1536.83
84 1536.83
85 1536.83
86 1536.83
87 1536.83
88 1536.83
89 1536.83
90 1536.83
91 1536.83
92 1536.83
93 1536.83
94 1536.83
95 1536.83
96 1536.83
97 1536.83
98 1536.83
99 1536.83
100 1536.83
101 1536.83
102 1536.83
103 1536.83
104 1536.83
105 1536.83
106 1536.83
107 1536.83
108 1536.83
109 1536.83
110 1536.83
111 1536.83
112 1536.83
113 1536.83
114 1536.83
115 1536.83
116 1536.83
117 1536.83
118 1536.83
119 1536.83
120 1536.83
121 1536.83
122 1536.83
123 1536.83
124 1536.83
125 1536.83
126 1536.83
127 1536.83
128 1536.83
129 1536.83
130 1536.83
131 1536.83
132 1536.83
133 1536.83
134 1536.83
135 1536.83
136 1536.83
137 1536.83
138 1536.83
139 1536.83
140 1536.83
141 1536.83
142 1536.83
143 1536.83
144 1536.83
145 1536.83
146 1536.83
147 1536.83
148 1536.83
149 1536.83
150 1536.83
151 1536.83
152 1536.83
153 1536.83
154 1536.83
155 1536.83
156 1536.83
157 1536.83
158 1536.83
159 1536.83
160 1536.83
161 1536.83
162 1536.83
163 1536.83
164 1536.83
165 1536.83
166 1536.83
167 1536.83
168 1536.83
169 1536.83
170 1536.83
171 1536.83
172 1536.83
173 1536.83
174 1536.83
175 1536.83
176 1536.83
177 1536.83
178 1536.83
179 1536.83
180 1536.83
181 1536.83
182 1536.83
183 1536.83
184 1536.83
185 1536.83
186 1536.83
187 1536.83
188 1536.83
189 1536.83
190 1536.83
191 1536.83
192 1536.83
193 1536.83
194 1536.83
195 1536.83
196 1536.83
197 1536.83
198 1536.83
199 1536.83
