0 1783.29
1 1843.88
2 1884.22
3 1928.02
4 1931.19
5 1958.85
6 1960.69
7 1961.64
8 1976.44
9 2019.5
10 2031.52
11 2045.61
12 2070.1
13 2110.75
14 2139.24
15 2149.12
16 2170.33
17 2178.23
18 2186.84
19 2198.71
20 2216.14
21 2223.08
22 2231.4
23 2261.65
24 2284.31
25 2284.31
26 2309.12
27 2319.52
28 2339.17
29 2339.17
30 2339.17
31 2339.17
32 2339.17
33 2339.17
34 2339.17
35 2339.17
36 2339.17
37 2339.17
38 2339.17
39 2339.17
40 2339.17
41 2339.17
42 2339.17
43 2339.17
44 2339.17
45 2339.17
46 2339.17
47 2339.17
48 2339.17
49 2339.17
50 2339.17
51 2339.17
52 2339.17
53 2339.17
54 2339.17
55 2339.17
56 2339.17
57 2339.17
58 2339.17
59 2339.17
60 2339.17
61 2339.17
62 2339.17
63 2339.17
64 2339.17
65 2339.17
66 2339.17
67 2339.17
68 2339.17
69 2339.17
70 2339.17
71 2339.17
72 2339.17
73 2339.17
74 2339.17
75 2339.17
76 2339.17
77 2339.17
78 2339.17
79 2339.17
80 2339.17
81 2339.17
82 2339.17
83 2339.17
84 2339.17
85 2339.17
86 2339.17
87 2339.17
88 2339.17
89 2339.17
90 2339.17
91 2339.17
92 2339.17
93 2339.17
94 2339.17
95 2339.17
96 2339.17
97 2339.17
98 2339.17
99 2339.17
100 2339.17
101 2339.17
102 2339.17
103 2339.17
104 2339.17
105 2339.17
106 2339.17
107 2339.17
108 2339.17
109 2339.17
110 2339.17
111 2339.17
112 2339.17
113 2339.17
114 2339.17
115 2339.17
116 2339.17
117 2339.17
118 2339.17
119 2339.17
120 2339.17
121 2339.17
122 2339.17
123 2339.17
124 2339.17
125 2339.17
126 2339.17
127 2339.17
128 2339.17
129 2339.17
130 2339.17
131 2339.17
132 2339.17
133 2339.17
134 2339.17
135 2339.17
136 2339.17
137 2339.17
138 2339.17
139 2339.17
140 2339.17
141 2339.17
142 2339.17
143 2339.17
144 2339.17
145 2339.17
146 2339.17
147 2339.17
148 2339.17
149 2339.17
150 2339.17
151 2339.17
152 2339.17
153 2339.17
154 2339.17
155 2339.17
156 2339.17
157 2339.17
158 2339.17
159 2339.17
160 2339.17
161 2339.17
162 2339.17
163 2339.17
164 2339.17
165 2339.17
166 2339.17
167 2339.17
168 2339.17
169 2339.17
170 2339.17
171 2339.17
172 2339.17
173 2339.17
174 2339.17
175 2339.17
176 2339.17
177 2339.17
178 2339.17
179 2339.17
180 2339.17
181 2339.17
182 2339.17
183 2339.17
184 2339.17
185 2339.17
186 2339.17
187 2339.17
188 2339.17
189 2339.17
190 2339.17
191 2339.17
192 2339.17
193 2339.17
194 2339.17
195 2339.17
196 2339.17
197 2339.17
198 2339.17
199 2339.17
