0 589.423
1 607.512
2 633.713
3 655.476
4 757.574
5 858.372
6 890.901
7 896.771
8 905.633
9 920.783
10 930.105
11 950.953
12 955.361
13 955.648
14 1003.57
15 1041.34
16 1044.25
17 1062.48
18 1136.35
19 1138.03
20 1161.48
21 1163.64
22 1177.72
23 1195.08
24 1205.13
25 1214.16
26 1220.39
27 1232.78
28 1254.03
29 1273.81
30 1292.84
31 1309.85
32 1312.02
33 1313.55
34 1317.95
35 1324.95
36 1349.12
37 1349.2
38 1351.92
39 1356.39
40 1358.5
41 1371.34
42 1371.34
43 1378.05
44 1378.05
45 1378.05
46 1378.05
47 1378.05
48 1378.05
49 1378.05
50 1378.05
51 1378.05
52 1378.05
53 1378.05
54 1378.05
55 1378.05
56 1378.05
57 1378.05
58 1378.05
59 1378.05
60 1378.05
61 1378.05
62 1378.05
63 1378.05
64 1378.05
65 1378.05
66 1378.05
67 1378.05
68 1378.05
69 1378.05
70 1378.05
71 1378.05
72 1378.05
73 1378.05
74 1378.05
75 1378.05
76 1378.05
77 1378.05
78 1378.05
79 1378.05
80 1378.05
81 1378.05
82 1378.05
83 1378.05
84 1378.05
85 1378.05
86 1378.05
87 1378.05
88 1378.05
89 1378.05
90 1378.05
91 1378.05
92 1378.05
93 1378.05
94 1378.05
95 1378.05
96 1378.05
97 1378.05
98 1378.05
99 1378.05
100 1378.05
101 1378.05
102 1378.05
103 1378.05
104 1378.05
105 1378.05
106 1378.05
107 1378.05
108 1378.05
109 1378.05
110 1378.05
111 1378.05
112 1378.05
113 1378.05
114 1378.05
115 1378.05
116 1378.05
117 1378.05
118 1378.05
119 1378.05
120 1378.05
121 1378.05
122 1378.05
123 1378.05
124 1378.05
125 1378.05
126 1378.05
127 1378.05
128 1378.05
129 1378.05
130 1378.05
131 1378.05
132 1378.05
133 1378.05
134 1378.05
135 1378.05
136 1378.05
137 1378.05
138 1378.05
139 1378.05
140 1378.05
141 1378.05
142 1378.05
143 1378.05
144 1378.05
145 1378.05
146 1378.05
147 1378.05
148 1378.05
149 1378.05
150 1378.05
151 1378.05
152 1378.05
153 1378.05
154 1378.05
155 1378.05
156 1378.05
157 1378.05
158 1378.05
159 1378.05
160 1378.05
161 1378.05
162 1378.05
163 1378.05
164 1378.05
165 1378.05
166 1378.05
167 1378.05
168 1378.05
169 1378.05
170 1378.05
171 1378.05
172 1378.05
173 1378.05
174 1378.05
175 1378.05
176 1378.05
177 1378.05
178 1378.05
179 1378.05
180 1378.05
181 1378.05
182 1378.05
183 1378.05
184 1378.05
185 1378.05
186 1378.05
187 1378.05
188 1378.05
189 1378.05
190 1378.05
191 1378.05
192 1378.05
193 1378.05
194 1378.05
195 1378.05
196 1378.05
197 1378.05
198 1378.05
199 1378.05
