0 4729.16
1 4785.34
2 4864.41
3 4872.15
4 4932.72
5 4975.33
6 5003.51
7 5009.35
8 5038.47
9 5042.35
10 5058.52
11 5071.12
12 5076.92
13 5089.42
14 5134.88
15 5142.21
16 5175.5
17 5213.94
18 5255.81
19 5298.36
20 5314.73
21 5343.03
22 5355.51
23 5368.76
24 5374.03
25 5391.24
26 5398.51
27 5403.86
28 5420.82
29 5425.36
30 5444.34
31 5453.92
32 5457.31
33 5545.44
34 5548.45
35 5582.26
36 5641.39
37 5665.44
38 5687.29
39 5741.22
40 5796.79
41 5809.72
42 5823.7
43 5830.21
44 5831.74
45 5838.66
46 5850.2
47 5876.02
48 5880.18
49 5901.39
50 5907.42
51 5918.87
52 5950.4
53 5999.73
54 6007.52
55 6009.4
56 6063.66
57 6065
58 6100.89
59 6123.47
60 6129.85
61 6139.93
62 6149.35
63 6182.5
64 6190.32
65 6194.78
66 6253.99
67 6284.56
68 6289.68
69 6289.77
70 6301.52
71 6321.96
72 6328.39
73 6341.41
74 6348.79
75 6350.1
76 6352.89
77 6356.16
78 6357.72
79 6378.78
80 6393.25
81 6396.04
82 6405.91
83 6415.61
84 6428.57
85 6437.48
86 6445.69
87 6450.5
88 6459.5
89 6462.1
90 6468.42
91 6502.22
92 6502.74
93 6512.9
94 6525.56
95 6535.74
96 6540.09
97 6554.02
98 6573.19
99 6579.12
100 6589.39
101 6589.39
102 6599.4
103 6609.5
104 6609.5
105 6609.5
106 6609.5
107 6609.5
108 6609.5
109 6609.5
110 6609.5
111 6609.5
112 6609.5
113 6609.5
114 6609.5
115 6609.5
116 6609.5
117 6609.5
118 6609.5
119 6609.5
120 6609.5
121 6609.5
122 6609.5
123 6609.5
124 6609.5
125 6609.5
126 6609.5
127 6609.5
128 6609.5
129 6609.5
130 6609.5
131 6609.5
132 6609.5
133 6609.5
134 6609.5
135 6609.5
136 6609.5
137 6609.5
138 6609.5
139 6609.5
140 6609.5
141 6609.5
142 6609.5
143 6609.5
144 6609.5
145 6609.5
146 6609.5
147 6609.5
148 6609.5
149 6609.5
150 6609.5
151 6609.5
152 6609.5
153 6609.5
154 6609.5
155 6609.5
156 6609.5
157 6609.5
158 6609.5
159 6609.5
160 6609.5
161 6609.5
162 6609.5
163 6609.5
164 6609.5
165 6609.5
166 6609.5
167 6609.5
168 6609.5
169 6609.5
170 6609.5
171 6609.5
172 6609.5
173 6609.5
174 6609.5
175 6609.5
176 6609.5
177 6609.5
178 6609.5
179 6609.5
180 6609.5
181 6609.5
182 6609.5
183 6609.5
184 6609.5
185 6609.5
186 6609.5
187 6609.5
188 6609.5
189 6609.5
190 6609.5
191 6609.5
192 6609.5
193 6609.5
194 6609.5
195 6609.5
196 6609.5
197 6609.5
198 6609.5
199 6609.5
