0 1986.25
1 1995.81
2 2040.11
3 2118.26
4 2122.32
5 2145.27
6 2196.34
7 2266.42
8 2277.51
9 2286.96
10 2301.07
11 2323.05
12 2342.45
13 2363.47
14 2381.05
15 2386.99
16 2390.11
17 2393.46
18 2406.78
19 2417.63
20 2433.07
21 2433.22
22 2443.81
23 2456.87
24 2520.23
25 2529.45
26 2537.57
27 2562.55
28 2572.94
29 2575.51
30 2592.95
31 2597.64
32 2598.1
33 2623.56
34 2650.82
35 2666.29
36 2705.48
37 2710.68
38 2720.11
39 2728.23
40 2735.42
41 2747.91
42 2758.25
43 2762.87
44 2775.56
45 2777.04
46 2793.19
47 2800.6
48 2802.7
49 2811.39
50 2811.96
51 2811.96
52 2811.96
53 2826.39
54 2826.39
55 2826.39
56 2834.83
57 2834.83
58 2834.83
59 2834.83
60 2834.83
61 2834.83
62 2834.83
63 2834.83
64 2834.83
65 2834.83
66 2834.83
67 2834.83
68 2834.83
69 2834.83
70 2834.83
71 2834.83
72 2834.83
73 2834.83
74 2834.83
75 2834.83
76 2834.83
77 2834.83
78 2834.83
79 2834.83
80 2834.83
81 2834.83
82 2834.83
83 2834.83
84 2834.83
85 2834.83
86 2834.83
87 2834.83
88 2834.83
89 2834.83
90 2834.83
91 2834.83
92 2834.83
93 2834.83
94 2834.83
95 2834.83
96 2834.83
97 2834.83
98 2834.83
99 2834.83
100 2834.83
101 2834.83
102 2834.83
103 2834.83
104 2834.83
105 2834.83
106 2834.83
107 2834.83
108 2834.83
109 2834.83
110 2834.83
111 2834.83
112 2834.83
113 2834.83
114 2834.83
115 2834.83
116 2834.83
117 2834.83
118 2834.83
119 2834.83
120 2834.83
121 2834.83
122 2834.83
123 2834.83
124 2834.83
125 2834.83
126 2834.83
127 2834.83
128 2834.83
129 2834.83
130 2834.83
131 2834.83
132 2834.83
133 2834.83
134 2834.83
135 2834.83
136 2834.83
137 2834.83
138 2834.83
139 2834.83
140 2834.83
141 2834.83
142 2834.83
143 2834.83
144 2834.83
145 2834.83
146 2834.83
147 2834.83
148 2834.83
149 2834.83
150 2834.83
151 2834.83
152 2834.83
153 2834.83
154 2834.83
155 2834.83
156 2834.83
157 2834.83
158 2834.83
159 2834.83
160 2834.83
161 2834.83
162 2834.83
163 2834.83
164 2834.83
165 2834.83
166 2834.83
167 2834.83
168 2834.83
169 2834.83
170 2834.83
171 2834.83
172 2834.83
173 2834.83
174 2834.83
175 2834.83
176 2834.83
177 2834.83
178 2834.83
179 2834.83
180 2834.83
181 2834.83
182 2834.83
183 2834.83
184 2834.83
185 2834.83
186 2834.83
187 2834.83
188 2834.83
189 2834.83
190 2834.83
191 2834.83
192 2834.83
193 2834.83
194 2834.83
195 2834.83
196 2834.83
197 2834.83
198 2834.83
199 2834.83
