0 6267.32
1 6325.97
2 6368.22
3 6424.44
4 6438.5
5 6448.51
6 6530.22
7 6544.14
8 6615.65
9 6633.42
10 6661.88
11 6663.19
12 6691.47
13 6701.22
14 6702
15 6704.02
16 6709.1
17 6755.47
18 6810.02
19 6834.2
20 6852.82
21 6899.55
22 6940.83
23 6992.36
24 6992.81
25 7011.5
26 7057.38
27 7087.29
28 7111.73
29 7138.39
30 7197.45
31 7267.1
32 7315.13
33 7349.74
34 7450.48
35 7463.2
36 7506.37
37 7518.53
38 7568.25
39 7622.5
40 7630.01
41 7633.02
42 7643.04
43 7652.71
44 7660.98
45 7683.74
46 7695.56
47 7703.2
48 7704.06
49 7714.35
50 7729.71
51 7745.94
52 7748.16
53 7752.39
54 7788.11
55 7798.09
56 7811.9
57 7817.8
58 7851.91
59 7853.66
60 7857.74
61 7862.73
62 7884.13
63 7894.26
64 7913.2
65 7931.05
66 7931.15
67 7941.52
68 7959.3
69 7978.11
70 8007.98
71 8080.59
72 8083.61
73 8089.25
74 8106.15
75 8108.28
76 8117.82
77 8136.54
78 8141.4
79 8163.67
80 8165.22
81 8171.65
82 8194.52
83 8220.58
84 8237.43
85 8252.9
86 8255.28
87 8278.43
88 8303.49
89 8318.7
90 8353.71
91 8362.05
92 8368.02
93 8368.85
94 8372.83
95 8372.91
96 8394.01
97 8422.72
98 8448.95
99 8462.89
100 8475.16
101 8488.5
102 8498.92
103 8505.72
104 8506.95
105 8551.21
106 8558.08
107 8566.42
108 8575.22
109 8581.97
110 8606.78
111 8631.31
112 8639.29
113 8649.57
114 8658.89
115 8659.83
116 8661.81
117 8663.09
118 8672.79
119 8690.78
120 8691.8
121 8695.31
122 8716.33
123 8718.73
124 8720
125 8730.88
126 8736.78
127 8738.79
128 8738.79
129 8741
130 8741
131 8741
132 8741.26
133 8741.26
134 8741.26
135 8741.26
136 8741.26
137 8741.26
138 8741.26
139 8741.26
140 8741.26
141 8741.26
142 8744.43
143 8744.43
144 8744.43
145 8744.43
146 8744.43
147 8744.43
148 8744.43
149 8744.43
150 8744.43
151 8744.43
152 8744.43
153 8744.43
154 8744.43
155 8744.43
156 8744.43
157 8744.43
158 8744.43
159 8744.43
160 8744.43
161 8744.43
162 8744.43
163 8744.43
164 8744.43
165 8744.43
166 8744.43
167 8744.43
168 8744.43
169 8744.43
170 8744.43
171 8744.43
172 8744.43
173 8744.43
174 8744.43
175 8744.43
176 8744.43
177 8744.43
178 8744.43
179 8744.43
180 8744.43
181 8744.43
182 8744.43
183 8744.43
184 8744.43
185 8744.43
186 8744.43
187 8744.43
188 8744.43
189 8744.43
190 8744.43
191 8744.43
192 8744.43
193 8744.43
194 8744.43
195 8744.43
196 8744.43
197 8744.43
198 8744.43
199 8744.43
