0 1225.53
1 1228.96
2 1269.7
3 1294.45
4 1318.26
5 1341.92
6 1372.19
7 1396.96
8 1469.02
9 1489.15
10 1489.46
11 1515.44
12 1519.75
13 1519.75
14 1519.75
15 1519.75
16 1519.75
17 1519.75
18 1519.75
19 1519.75
20 1519.75
21 1519.75
22 1519.75
23 1519.75
24 1519.75
25 1519.75
26 1519.75
27 1519.75
28 1519.75
29 1519.75
30 1519.75
31 1519.75
32 1519.75
33 1519.75
34 1519.75
35 1519.75
36 1519.75
37 1519.75
38 1519.75
39 1519.75
40 1519.75
41 1519.75
42 1519.75
43 1519.75
44 1519.75
45 1519.75
46 1519.75
47 1519.75
48 1519.75
49 1519.75
50 1519.75
51 1519.75
52 1519.75
53 1519.75
54 1519.75
55 1519.75
56 1519.75
57 1519.75
58 1519.75
59 1519.75
60 1519.75
61 1519.75
62 1519.75
63 1519.75
64 1519.75
65 1519.75
66 1519.75
67 1519.75
68 1519.75
69 1519.75
70 1519.75
71 1519.75
72 1519.75
73 1519.75
74 1519.75
75 1519.75
76 1519.75
77 1519.75
78 1519.75
79 1519.75
80 1519.75
81 1519.75
82 1519.75
83 1519.75
84 1519.75
85 1519.75
86 1519.75
87 1519.75
88 1519.75
89 1519.75
90 1519.75
91 1519.75
92 1519.75
93 1519.75
94 1519.75
95 1519.75
96 1519.75
97 1519.75
98 1519.75
99 1519.75
100 1519.75
101 1519.75
102 1519.75
103 1519.75
104 1519.75
105 1519.75
106 1519.75
107 1519.75
108 1519.75
109 1519.75
110 1519.75
111 1519.75
112 1519.75
113 1519.75
114 1519.75
115 1519.75
116 1519.75
117 1519.75
118 1519.75
119 1519.75
120 1519.75
121 1519.75
122 1519.75
123 1519.75
124 1519.75
125 1519.75
126 1519.75
127 1519.75
128 1519.75
129 1519.75
130 1519.75
131 1519.75
132 1519.75
133 1519.75
134 1519.75
135 1519.75
136 1519.75
137 1519.75
138 1519.75
139 1519.75
140 1519.75
141 1519.75
142 1519.75
143 1519.75
144 1519.75
145 1519.75
146 1519.75
147 1519.75
148 1519.75
149 1519.75
150 1519.75
151 1519.75
152 1519.75
153 1519.75
154 1519.75
155 1519.75
156 1519.75
157 1519.75
158 1519.75
159 1519.75
160 1519.75
161 1519.75
162 1519.75
163 1519.75
164 1519.75
165 1519.75
166 1519.75
167 1519.75
168 1519.75
169 1519.75
170 1519.75
171 1519.75
172 1519.75
173 1519.75
174 1519.75
175 1519.75
176 1519.75
177 1519.75
178 1519.75
179 1519.75
180 1519.75
181 1519.75
182 1519.75
183 1519.75
184 1519.75
185 1519.75
186 1519.75
187 1519.75
188 1519.75
189 1519.75
190 1519.75
191 1519.75
192 1519.75
193 1519.75
194 1519.75
195 1519.75
196 1519.75
197 1519.75
198 1519.75
199 1519.75
