0 2343.72 2343.72 0.000887169
1 2401.19 2401.19 0.000887169
2 2352.02 2352.02 0.000887169
3 2336.55 2338.1 0.000887169
4 2382.42 2382.42 0.000887169
5 2383.55 2383.55 0.000887169
6 2394.16 2394.16 0.000887169
7 2338.98 2338.98 0.000887169
8 2353.76 2353.76 0.000887169
9 2314.31 2314.31 0.000887169
10 2381.23 2381.23 0.000887169
11 2357.54 2367.72 0.000887169
12 2380.28 2380.28 0.000887169
13 2343.24 2343.24 0.000887169
14 2367.57 2367.57 0.000887169
15 2369.68 2369.68 0.000887169
16 2362.28 2362.28 0.000887169
17 2338.94 2338.94 0.000887169
18 2355.54 2355.54 0.000887169
19 2362.41 2362.41 0.000887169
20 2339.6 2348.69 0.000887169
21 2372.14 2372.14 0.000887169
22 2359.24 2359.24 0.000887169
23 2384.18 2384.18 0.000887169
24 2359.99 2359.99 0.000887169
25 2347.08 2349.01 0.000887169
26 2365.24 2365.24 0.000887169
27 2334.17 2334.17 0.000887169
28 2363.66 2369.73 0.000887169
29 2371.33 2371.33 0.000887169
30 2379.43 2379.43 0.000887169
31 2360.33 2360.33 0.000887169
32 2347.09 2347.09 0.000887169
33 2377.79 2377.79 0.000887169
34 2368 2368 0.000887169
35 2398.78 2398.78 0.000887169
36 2369.37 2369.37 0.000887169
37 2362 2362 0.000887169
38 2365.22 2365.22 0.000887169
39 2345.67 2345.67 0.000887169
40 2384.4 2384.4 0.000887169
41 2380.65 2380.65 0.000887169
42 2361.37 2361.37 0.000887169
43 2374.85 2374.85 0.000887169
44 2367.46 2370.54 0.000887169
45 2380.3 2380.3 0.000887169
46 2386.42 2386.42 0.000887169
47 2377.59 2377.59 0.000887169
48 2317.61 2327.14 0.000887169
49 2362 2364.74 0.000887169
