0 62240 6406 16393 45809 7479
6 12335 15805 8712 19255 11198
12 13055 13191 17279 3764 118648
18 11131 18444 19278 23920 3086
24 35282 18278 26017 9804 46007
30 12288 5537 24424 21629 10328
36 8712 6457 21654 18195 6289
42 13538 10501 36331 52427 10393
48 47220 26276 13313 31539 7962
54 53911 62424 18443 3314 124919
60 11303 24411 49019 23464 7479
66 9794 9160 20621 23721 14494
72 22047 8972 4323 28472 12615
78 9160 5018 5539 12243 21759
84 8266 17753 12266 4143 3063
90 3216 26773 9893 26773 6185
96 9208 8783 3472 3920 8624
102 7479 5419 8641 21511 16673
108 1494 17563 18186 9893 13211
114 3216 8739 16249 824 10765
120 3789 5667 1934 10702 10357
126 5331 5537 5344 8216 6018
132 25505 20761 19467 34714 20454
138 24689 47632 53789 30940 2993
144 6106 18539 1895 1594 12427
150 18620 28292 37820 50658 9160
156 12490 9177 18496 12099 12896
162 10345 1952 2689 15951 7291
168 8574 9086 7962 16276 9193
174 89812 113421 162496 100345 23289
180 10713 20530 8712 13607 6891
186 14401 9772 17754 4303 14553
192 51969 29749 23096 7962 20983
198 16679 15837 15094 9411 6339
204 14847 3422 1097 7020 8574
210 4418 54157 2993 21727 3764
216 4279 9160 14329 12453 2142
222 34432 18620 4416 10416 13146
228 8574 6518 15383 7752 12795
234 5003 18167 10601 10166 7361
240 33575 309568 119820 452316 138067
246 724 14626 8759 21413 18515
252 3063 5096 14178 16368 17889
258 10327 8783 7286 12603 6919
264 36873 7947 8009 7131 27838
270 34915 9893 4849 26079 9106
276 9607 18361 1830 9111 21711
282 174974 184134 65454 97733 493129
288 8468 6106 18074 3764 21099
294 15178 37768 40225 29552 73899
300 37572 25942 11980 41362 98343
306 17941 126 18065 17396 21907
312 157276 2434 39018 1529 56666
318 15620 9943 3912 23526 7720
324 10172 22302 13765 3086 3764
330 8569 16308 6172 9160 1097
336 3422 4419 10871 2065 8009
342 9966 30328 4462 71457 18757
348 10290 29357 7020 11067 52632
354 26557 18487 14323 14540 16657
360 18847 52577 9160 15032 7842
366 6661 17211 9077 17708 7579
372 6015 21923 6587 11568 16580
378 118168 14005 52722 44263 14119
384 35344 9772 28778 8705 4418
390 41560 4416 1889 15868 18387
396 2007 10031 21037 23840 26885
402 824 13598 30021 28288 11556
408 55064 54509 34301 16816 17113
414 17938 30579 13051 10909 39019
420 53057 49863 39979 47952 11942
426 2686 32339 42824 20171 37866
432 27851 7962 60363 26429 26929
438 10258 15365 15843 19236 20205
444 5707 6691 5649 617 16809
450 15645 15585 5537 47792 32901
456 6289 14948 12494 10560 14678
462 6682 2007 16459 3063 9943
468 13477 15627 12731 617 4418
474 518 33134 81924 49299 78281
480 10560 3216 2686 16634 5346
486 12624 10154 9236 8216 13892
492 10479 19434 24943 6682 15058
498 22275 17881 3063 20661 3196
504 9893 20505 2424 24308 25889
510 24627 13975 16990 26582 35511
516 52 8747 20783 9160 7962
522 34986 2689 49128 14926 48406
528 7131 16702 232 1097 18327
534 11222 14849 2689 8648 8199
540 16082 14105 9221 2422 13179
546 18609 3196 8113 13197 5003
552 19889 17286 10068 8486 2142
558 44500 5003 54104 40956 48013
564 1895 13095 930 9893 8113
570 19345 24297 15341 20215 16957
576 10091 14801 5003 18511 8886
582 42236 24433 38043 43168 9376
588 9160 3625 9711 13626 14367
594 16424 29257 21455 3746 30141
600 544 7836 7361 3746 9401
606 14025 9851 5346 10093 19642
612 12503 7479 724 16987 11889
618 15428 38299 30702 15796 19343
624 103479 90309 8386 45199 53545
630 34815 7131 14442 10154 12310
636 13324 1076 12643 25362 15556
642 11398 13090 6891 3196 14959
648 42007 15732 8783 3086 8783
654 1895 2686 31138 17875 21781
660 544 1017 50258 10938 38771
666 3764 7998 7188 12025 8009
672 39184 10600 8260 24144 5428
678 26933 22637 150285 49101 247107
684 11792 4146 16710 18943 3322
690 19552 11831 17269 2142 13616
696 7356 12492 5094 33820 9132
702 22300 5331 41676 21116 24325
708 120111 16433 69556 12788 15842
714 13598 20518 22477 17561 18835
720 3314 16161 3216 4921 12183
726 50975 68304 58284 32780 73068
732 109293 16822 88348 20188 61788
738 2686 19771 9543 31621 10879
744 10789 8216 20954 15159 2686
750 11019 17753 17038 7720 14904
756 33397 21195 27202 4804 29642
762 42002 4804 53741 36721 49961
768 67003 54541 109312 86538 5331
774 14240 18078 32747 12727 24980
780 7356 18387 51998 52264 13956
786 53725 50976 34307 44264 11162
792 27655 62068 46889 2007 34587
798 43386 120597 31077 26898 47764
804 44479 76906 18478 63696 13969
810 25789 32709 8954 28859 24239
816 13679 1097 37112 11387 13721
822 14125 35275 20392 12134 17160
828 67507 16592 15203 57929 71746
834 10868 8783 617 4419 3196
840 5204 16990 6172 25182 17433
846 5428 3422 9772 4419 11677
852 16076 204234 21197 115049 60833
858 54970 39646 52723 5126 44310
864 18098 11764 5567 12731 9893
870 22918 23673 14178 1097 12726
876 3813 9689 5331 19525 16118
882 48474 33134 26527 14758 48084
888 13148 4804 17881 8266 19593
894 14390 42657 23068 57140 8253
900 91240 80469 55960 15671 85359
906 2686 108249 27576 3196 13298
912 12183 13740 19549 9608 8703
918 14101 9411 9910 16016 20598
924 5537 6398 4921 9915 17631
930 20641 74099 49719 58859 824
936 3086 11407 6919 4506 14953
942 32559 9461 5886 50666 10128
948 39321 31295 32192 36236 4683
954 3912 18280 27752 3912 14165
960 4303 12089 18249 1097 8980
966 2065 27040 518 22976 23820
972 256419 173174 32626 123041 74942
978 8029 1477 17765 9337 8501
984 38088 25039 12041 22174 64567
990 27721 49829 19242 27231 77622
996 17377 30255 9376 37432 17197
