0 89692 35988 75220 59638 25489
6 17044 23651 26838 24874 50151
12 30954 22974 39807 49936 50265
18 39625 68255 821 59114 97875
24 8009 34411 5126 54296 36713
30 20563 52895 50792 11451 12375
36 15878 14798 4804 4418 26639
42 17922 14068 41078 36259 27716
48 13755 30558 27614 12582 11377
54 2007 37914 17644 10071 10451
60 7037 52662 5003 16870 9845
66 1097 6889 19101 35861 2735
72 23695 19396 40894 9795 15753
78 5707 16075 821 3314 9160
84 46551 28280 24599 30543 518
90 31124 10835 13013 24736 34763
96 8641 1895 821 23386 11332
102 8216 12078 19891 53971 24513
108 24635 9893 2689 18393 9991
114 13272 39727 29430 25623 24820
120 4418 16822 36834 3912 12288
126 9711 36908 9178 21281 13199
132 86135 49287 51642 87127 39204
138 2686 3086 9359 7324 6262
144 19674 85313 23540 1952 2958
150 3764 35211 12512 22190 10270
156 38333 19189 10036 21779 3764
162 48009 5539 15255 21610 3196
168 29655 61704 16740 41664 8167
174 12719 15120 22504 25766 22685
180 27699 17432 20129 232 27280
186 28449 7962 35799 40880 3196
192 12444 39137 61063 36111 33063
198 129603 43502 67548 14487 50849
204 18458 16047 104778 37872 67454
210 25176 47103 20837 32151 75777
216 39821 33140 3314 18550 57407
222 17331 26713 13721 3764 17038
228 38793 49083 22211 14327 13081
234 29162 26292 8266 8009 544
240 42733 50382 13381 11318 52946
246 12852 19146 44474 47637 14793
252 8216 25499 44371 3764 33246
258 8597 72965 16999 20863 30617
264 16449 17021 7788 23767 13991
270 38952 24724 40295 8928 2142
276 52806 7479 13688 21428 9943
282 4303 11451 6172 29610 52071
288 3314 15842 60481 24060 11036
294 8009 28322 3912 51364 43581
300 2766 17552 90372 14694 52301
306 21241 930 63301 48162 30843
312 28068 26282 10348 2686 5225
318 5925 13212 61526 22055 39668
324 30632 3086 9200 24551 1097
330 3422 46434 13388 7356 59521
336 18050 16822 48387 55724 24796
342 31371 40979 2007 28336 63026
348 74673 17258 13218 38719 66406
354 66631 9893 13978 2224 9178
360 42247 36124 45043 67553 73472
366 31746 5726 10976 22111 45806
372 28746 44292 50911 42682 20265
378 8266 10301 19256 35026 68142
384 2766 24331 5539 28442 47616
390 78030 72842 35733 20750 59538
396 29275 29905 12078 16853 94139
402 32158 111929 32666 21295 11030
408 32435 5539 16822 51101 15928
414 29918 7669 111262 57990 29147
420 61241 27274 18387 78957 39408
426 25885 34199 17441 51493 22288
432 7967 59482 18748 18327 15868
438 22852 25682 17700 16277 27302
444 53398 42386 69621 36542 74032
450 2686 75297 41720 34945 66879
456 61482 26756 52433 24476 24228
462 42618 115616 11710 9896 16548
468 7568 10031 37466 7798 98723
474 31961 32087 10122 70335 14793
480 37558 15494 17059 55305 18087
486 10255 97677 1097 20712 11206
492 74551 17619 25163 13855 54165
498 19549 60451 13434 32910 37484
504 5539 33034 46310 5539 48568
510 24598 35377 91863 30175 49589
516 55372 9893 20930 36820 72096
522 48360 5537 28618 23415 27128
528 31419 17477 27421 39835 5537
534 29171 31101 32903 12252 10395
540 65964 2007 3086 39394 21730
546 81477 11493 8266 56950 17631
552 7155 23379 15899 30371 8476
558 13199 20011 35425 14566 32808
564 20608 28030 58178 18179 27362
570 14221 44045 15041 57016 26473
576 25751 11086 26526 27031 32788
582 36402 21053 16015 20810 20504
588 28237 33505 1097 63791 6484
594 9943 3314 11811 20371 54768
600 34730 14583 33852 5204 11445
606 21262 18487 7986 48520 10828
612 32781 30150 14174 22627 7568
618 56420 39256 19360 3196 17023
624 21871 17907 26083 37620 11542
630 3764 17729 2686 8783 10954
636 28043 28663 40041 18795 38093
642 57571 824 6891 30243 28800
648 35377 12838 11802 49793 49648
654 28673 16928 13269 19101 544
660 15071 3216 21984 25228 92302
666 18165 27777 24280 9160 11129
672 26278 23397 32357 5539 18974
678 32822 28313 5127 16717 31138
684 80152 13991 12183 8266 33297
690 29366 27317 3770 49289 28563
696 6201 17636 8216 14806 15250
702 6262 32871 84275 31349 26641
708 58158 19933 25899 11453 6825
714 33605 28939 25262 52671 79596
720 8216 71659 36634 9943 5539
726 35590 7356 23137 37277 24136
732 11344 9943 44533 5713 46812
738 4429 25942 18728 24992 9943
744 15284 23791 19980 53385 54158
750 4303 33448 22211 10879 12337
756 24833 26111 8853 3858 15818
762 20034 15610 9943 4279 27754
768 28505 33405 2007 5419 12237
774 518 9557 12072 74920 24278
780 20876 3086 57927 21471 34099
786 59026 30781 12542 9376 41746
792 10101 16760 9045 3086 40961
798 9080 6825 14183 35540 5413
804 5225 7361 22279 26110 13680
810 27693 34057 23155 1097 24005
816 9893 7356 46164 16952 12542
822 14780 6086 12078 31121 9306
828 27034 43967 11116 8266 35346
834 10752 15375 26553 36556 20378
840 37800 49238 20748 46264 20904
846 37631 12224 20755 37749 9104
852 17422 40599 34737 15527 10265
858 34171 576 10771 13168 21904
864 22837 18953 9376 62850 26793
870 98303 157058 4279 39831 93077
876 71252 97744 76048 35864 177412
882 104266 37261 29952 72979 142146
888 19802 9794 15042 109009 24951
894 17538 229215 139699 144583 92319
900 221006 115409 80829 26629 176408
906 37189 135969 168169 143398 50164
912 9772 12031 44125 18177 38158
918 106325 70430 34117 43012 217064
924 3764 31062 25485 9482 9943
930 16868 30518 32410 15158 114573
936 9893 47026 50474 27027 59266
942 7568 91581 67562 27986 12953
948 50589 73549 122454 75529 50056
954 3764 64226 69551 65565 11249
960 77361 26311 63331 20174 15336
966 56914 10339 25726 5539 100378
972 70760 71284 81967 85806 14640
978 76752 31180 46333 9893 16643
984 89785 54104 49751 76059 28289
990 81339 34567 34527 95977 27223
996 30557 51379 39402 35952 44994
1002 77712 23737 46859 44185 9943
1008 12603 36236 53088 26748 11574
1014 25612 19237 29256 11003 20194
1020 25314 36384 6398 13970 3069
1026 70656 32506 4303 34175 60173
1032 9543 30547 29335 65760 7719
1038 26871 33114 56125 20506 2958
1044 13068 49220 56068 2766 16312
1050 42825 8928 38864 10371 49987
1056 19036 44681 8216 78167 53827
1062 47336 39123 36306 10632 48642
1068 55330 23417 13467 27354 15088
1074 53203 3086 24025 48180 74152
1080 75890 19964 55700 6230 39824
1086 37290 3086 12603 28855 30075
1092 5331 29814 45289 25303 3196
1098 14872 14495 16316 28283 51896
1104 35679 57118 39676 18984 12162
1110 22453 5537 78559 50625 74699
1116 7361 1895 27209 18710 54041
1122 28689 14494 37325 34893 12297
1128 7838 20226 44495 27833 51988
1134 37780 5539 24756 9730 38739
1140 9506 35560 1097 2686 21902
1146 12631 15396 26145 27890 3746
1152 24743 10654 6256 14459 14495
1158 22301 14241 20459 38295 30112
1164 4303 24508 22051 821 41814
1170 45726 62585 8597 50339 13269
1176 43360 41323 36674 121938 25953
1182 43020 25826 21595 50733 124634
1188 55526 10887 7356 27288 56774
1194 52331 68553 956 54295 44013
1200 14311 70134 13113 10441 17919
1206 14523 34502 26457 15045 48647
1212 2065 24030 12944 18677 10241
1218 7356 6140 52778 7962 97275
1224 29168 10633 6484 10536 11440
1230 4429 33666 6919 56680 22928
1236 1097 5018 66375 13802 77429
1242 4416 992 56599 30909 24338
1248 11805 8951 7155 27985 45408
1254 6729 3422 41265 15328 56455
1260 21408 38861 6201 5126 28929
1266 25995 9543 22485 28640 10351
1272 32852 55422 60885 27129 5126
1278 52525 6891 37595 12766 72224
1284 14872 24524 27956 3422 7131
1290 13950 63475 7607 72279 21268
1296 13918 7479 38708 33042 3086
1302 10603 12944 23595 5413 19682
1308 50897 43582 24895 16822 16362
1314 8994 8783 20996 70939 8266
1320 25587 27295 32248 11249 15835
1326 5981 3746 30749 3746 14328
1332 25688 6256 5997 4279 13419
1338 9943 24973 48605 3422 6230
1344 34808 15088 18007 55841 9376
1350 17172 22558 9934 17422 15476
1356 23530 31589 2689 11634 14224
1362 3746 67137 57579 28814 78578
1368 4804 62292 9047 36795 30479
1374 44209 6932 81445 30711 34005
1380 18939 27077 18410 35194 23178
1386 39342 49968 36643 27659 21223
1392 5331 8620 28590 14664 3912
1398 23665 31893 2689 10838 8266
1404 8912 7962 19806 16918 22986
1410 15797 9020 13591 60374 33681
1416 44823 26620 16798 12288 9376
1422 10931 21797 20457 8512 9134
1428 544 24037 40613 26878 14500
1434 30578 36368 22888 20445 50040
1440 27995 3764 27793 26902 53655
1446 9616 25110 17825 22029 35738
1452 46056 20653 56557 17400 6889
1458 35619 24639 54444 39982 10654
1464 16179 5344 12558 42412 30388
1470 10014 2766 19728 4804 48057
1476 48799 27100 3196 46755 36832
1482 58090 39013 19090 55266 98988
1488 29750 48748 75352 17483 18867
1494 30201 40757 19054 12500 54496
1500 70767 15280 27249 63422 21432
1506 38515 26879 27912 63344 46863
1512 52294 12689 45592 824 10879
1518 14436 45331 24770 34370 27784
1524 3063 19585 26624 28820 40593
1530 34015 9160 55237 14944 20982
1536 35842 17320 35747 17883 6597
1542 10879 4804 544 25236 14993
1548 40974 8569 30165 10976 22133
1554 11309 35135 73109 22928 7513
1560 15728 2840 23516 20248 30205
1566 11811 6682 42876 16776 6932
1572 24042 7967 24570 7131 12219
1578 21847 33609 5126 14670 26555
1584 7962 23150 22341 10957 12581
1590 15708 8091 18504 29979 22346
1596 15034 25599 20693 72492 54983
1602 4303 23551 61488 18302 10215
1608 35443 26095 14882 13589 31386
1614 33770 51056 3746 40010 5331
1620 39612 41978 11044 5331 3196
1626 40199 27398 40373 21840 9893
1632 48740 26821 50307 43994 28451
1638 20573 111418 48628 50526 47018
1644 72559 13019 25921 12298 21361
1650 46403 54493 28787 16756 5126
1656 19376 21781 31182 12124 31717
1662 91293 15130 6339 22162 25732
1668 35114 41559 29192 21606 34524
1674 17582 9694 11944 824 31449
1680 33247 25362 10594 2007 13168
1686 15717 25047 119177 67064 35231
1692 50563 34960 19444 824 30920
1698 5127 14837 9124 84521 59285
1704 78842 26645 8783 33946 3422
1710 40626 114559 81830 15614 77005
1716 14851 57182 9411 22140 31432
1722 36209 29622 19796 8939 55615
1728 71454 7324 3746 55382 16243
1734 15316 27935 32338 13591 3196
1740 37432 66848 13269 16450 72298
1746 9616 19848 19742 16437 25722
1752 40907 22386 723 3216 67014
1758 63155 21318 15023 26308 12035
1764 8009 17398 7669 33003 11634
1770 37701 21861 50768 15034 5539
1776 11116 9896 11483 81296 54947
1782 49988 29028 4773 37174 7601
1788 9893 5537 17426 25985 15379
1794 65261 63857 93313 57717 49651
1800 21536 56282 22599 70268 54844
1806 52599 1857 18514 58682 19466
1812 30051 10088 23616 25846 14916
1818 23145 34333 32189 35489 18649
1824 4416 29822 17122 20209 7568
1830 36961 59298 52374 16086 8009
1836 44036 41444 22200 25427 29873
1842 36149 9669 131017 30543 25360
1848 36037 9134 9943 100120 2686
1854 7607 9930 518 22454 9893
1860 16809 30757 723 23653 30343
1866 66332 77084 3472 36241 20549
1872 47823 36066 9923 28182 66556
1878 16593 28361 821 32292 25250
1884 8616 9376 14119 4814 9943
1890 19340 57970 2958 16623 54483
1896 12077 8483 29392 24864 7962
1902 25470 11514 17331 33020 15352
1908 14589 12850 62379 43029 36741
1914 50963 38922 20757 39515 62573
1920 21850 12288 22033 63233 72293
1926 104286 11629 27886 41992 11438
1932 9616 49642 34398 48206 33374
1938 30457 10257 30885 5127 34134
1944 44300 14341 59007 17079 20023
1950 15671 28815 3422 126 40233
1956 99474 15079 3314 11425 18618
1962 35587 25761 13095 19129 23793
1968 19102 51418 21262 4804 38776
1974 89929 29859 21869 34069 42353
1980 8783 6262 3086 30429 34294
1986 32339 3314 14949 44655 824
1992 11000 26929 14872 4419 18382
1998 5539 21174 13969 15141 21065
2004 20592 33729 40269 18981 25483
2010 46048 15173 10428 26166 53521
2016 38640 54485 22211 70495 39476
2022 9376 35258 49560 31379 21610
2028 31593 79209 13679 15186 52853
2034 30720 28033 31335 42427 56847
2040 7479 39807 12771 2007 67263
2046 23820 3746 99339 46775 14327
2052 34979 6288 16742 33982 49268
2058 15969 38324 47048 8783 55389
2064 56458 38656 64023 60309 37362
2070 38233 40298 46539 68888 29684
2076 24595 9956 46245 9943 87126
2082 12217 9203 57567 21792 91937
2088 8216 17276 47635 56971 30616
2094 12190 12764 65798 16830 105272
2100 22393 64093 38223 1529 13509
2106 7568 87725 13199 5018 14119
2112 21785 9893 39514 25309 10654
2118 38747 59847 101376 10464 16862
2124 7257 47385 32772 48906 23599
2130 20192 20428 61690 63705 20714
2136 4303 65771 48426 49545 20413
2142 12760 74286 50904 13822 23442
2148 59171 65111 11249 28845 12766
2154 8113 51985 64032 24476 47560
2160 11408 9026 7962 37036 23293
2166 1097 45657 27659 4303 46403
2172 10976 15316 4303 3196 41886
2178 18098 25343 34039 11426 21672
2184 27756 25510 26440 54891 62780
2190 82748 54987 17354 42527 15183
2196 13536 2689 49946 33746 9893
2202 33294 75177 6830 7356 29905
2208 57563 61280 27981 15646 113960
2214 13978 28333 26549 18313 56119
2220 31789 17098 20986 39194 20383
2226 18869 54217 50480 29681 15227
2232 9616 31512 37906 75880 54656
2238 19331 44180 51491 55583 51727
2244 7361 15204 15186 5127 8783
2250 4773 1895 16643 8009 12448
2256 11426 57296 2633 13184 4804
2262 20383 25195 10872 47919 16138
2268 5127 34347 96541 19395 20865
2274 68640 11638 26553 24664 3314
2280 12718 28052 30041 3422 19215
2286 21391 28349 3063 21570 66065
2292 36411 9422 20017 31614 9401
2298 18668 28446 27579 21063 12310
2304 17918 30023 83451 20846 14327
2310 22105 25404 31970 33305 824
2316 21980 12394 23608 17393 57775
2322 29186 20858 8260 20203 44212
2328 34627 39458 21312 3746 45108
2334 23304 59561 16445 56516 88124
2340 15878 54138 70205 25944 12001
2346 28617 46123 8009 25419 15861
2352 5127 19070 47037 22701 18387
2358 9543 54650 23076 13770 18090
2364 21156 52306 16822 36486 39845
2370 29392 40274 2686 3663 4921
2376 10603 12078 31050 5126 65917
2382 100595 24787 18540 3196 22610
2388 46769 58512 69465 47269 48412
2394 51306 20305 56043 38932 20461
2400 48767 17776 3196 20614 55443
2406 47555 20801 15640 10926 111341
2412 34791 82147 77755 4814 5126
2418 30585 59459 26624 59821 12078
2424 109841 3063 17882 49744 162483
2430 4814 14000 12788 66649 10348
2436 41730 26053 32870 7131 38454
2442 46259 2686 24051 14320 31867
2448 7797 129309 41752 23738 17754
2454 31560 86810 56400 12288 83632
2460 83438 12766 10348 42009 77212
2466 41622 3314 21114 11426 48899
2472 1097 25544 35066 29259 100082
2478 25326 27917 55741 20675 49218
2484 25441 98157 13199 56960 67746
2490 9160 16495 41546 55985 9772
2496 33068 116362 27165 80231 55076
2502 53477 10455 69975 55832 5576
2508 26344 62503 48013 3314 44823
2514 23014 51204 38654 29363 101106
2520 17771 3086 46544 74310 3196
2526 108120 1097 5126 18387 38535
2532 5126 79677 74590 20782 57974
2538 60044 78687 12583 23505 1097
2544 11426 30587 27989 11426 24941
2550 23125 7962 9893 50422 73635
2556 42005 18221 45995 13822 55354
2562 59066 18113 20750 93042 5487
2568 117367 32567 35621 9785 131460
2574 116812 3086 56210 25118 69456
2580 56586 17038 49627 40344 69410
2586 82834 36962 70673 43991 8009
2592 16815 40206 53916 5126 36532
2598 16196 38747 55043 10194 51686
2604 82933 51649 10043 44534 9557
2610 58782 59434 56621 44066 46807
2616 62489 16278 41309 1097 17753
2622 87391 5346 54080 21370 12078
2628 54139 22592 13863 61013 5126
2634 14513 41609 5126 3764 13556
2640 9600 35229 67087 10901 13728
2646 77711 6919 1097 2633 4279
2652 7732 40335 45703 7669 26380
2658 19545 9893 17525 26862 43880
2664 25674 30499 4921 7131 19631
2670 20358 4804 8580 13598 3196
2676 21745 23362 21443 11234 36354
2682 34917 10976 24642 9376 32155
2688 30153 3086 52516 55833 40894
2694 67192 54320 43582 31979 21902
2700 43816 20825 17038 28014 69161
2706 112042 16232 3314 28269 21985
2712 36010 107797 38327 64635 22803
2718 62709 33255 57582 10305 2766
2724 35824 46345 100694 43565 14268
2730 7568 10194 21060 40031 94180
2736 27951 38443 16783 72894 50814
2742 109687 72530 30157 20691 57653
2748 31968 4429 24940 37696 16076
2754 23394 31602 54535 20005 18883
2760 27142 43039 29009 24487 13632
2766 21570 16495 34904 32064 34766
2772 20055 16199 88475 40715 36038
2778 16405 45386 14071 11683 26750
2784 37418 39458 12239 14806 1097
2790 60505 62831 14616 32406 5997
2796 34066 15720 45782 10603 37300
2802 11710 20987 28637 21970 20985
2808 19538 78161 5726 39892 9893
2814 3086 8266 3196 13031 36029
2820 8478 18883 37263 30676 31741
2826 11249 8520 26462 48915 9893
2832 824 23061 7189 3063 16138
2838 10091 28452 31108 13031 3764
2844 24491 13570 3086 17753 7218
2850 33405 31678 49068 19439 32144
2856 6262 62570 46522 56790 55156
2862 16830 15469 47229 3912 11084
2868 5539 5539 5428 15928 21849
2874 28509 5539 40091 39021 3746
2880 65473 12239 9893 103868 17354
2886 41751 85580 69494 49206 98351
2892 43223 3086 22477 21211 48914
2898 7808 16971 31880 38821 9616
2904 11116 45931 27776 7131 34450
2910 15470 49534 28414 46074 26921
2916 54948 113209 55118 11504 39943
2922 50413 11483 40416 23755 151079
2928 107335 52162 6406 111617 45716
2934 97050 2419 88793 20501 8783
2940 88089 12310 21300 78568 37384
2946 50265 31523 31474 43874 22803
2952 95050 14791 42150 27527 17317
2958 107665 89767 25109 76043 76046
2964 53074 3031 55945 79313 17753
2970 48126 28262 29495 10725 42450
2976 82361 26613 15878 11116 32806
2982 58810 58718 21435 992 28758
2988 124125 26733 41605 31627 43630
2994 30117 90914 25860 73730 3314
3000 1097 52813 52340 12078 40582
3006 21367 31718 108339 7962 9916
3012 30588 24714 4814 7356 29916
3018 4416 81871 5707 123444 22740
3024 15377 26575 40487 28361 36045
3030 62068 26862 4814 48256 11483
3036 32940 26149 2686 28229 10346
3042 28953 30814 82436 1097 10958
3048 42240 13353 58211 11483 21241
3054 1097 22829 10348 38807 23170
3060 2766 21104 22215 28881 24862
3066 47449 10486 2689 51726 17287
3072 4303 38687 76407 26132 3746
3078 33849 48411 24828 70276 48107
3084 139662 40675 11086 86721 8489
3090 21629 79071 54173 79218 8703
3096 62076 113134 38865 6421 9161
3102 41828 15085 38349 14068 8266
3108 7131 69103 31004 10603 11116
3114 15198 11969 8385 15842 39192
3120 75126 45974 17357 25327 30568
3126 33280 56309 3764 8520 69571
3132 10398 25604 31044 65111 38956
3138 14678 11587 28018 73772 9415
3144 52122 40107 34312 82450 33034
3150 29326 23014 17644 2766 6289
3156 2007 45776 39751 25793 15077
3162 1895 16257 37504 76784 18748
3168 63213 58445 34396 23408 2142
3174 29325 11510 12582 43884 50101
3180 14904 55011 5126 57085 48905
3186 3063 23261 5539 41310 10351
3192 26975 8009 25707 27258 60109
3198 43189 14756 3746 48927 40205
3204 23920 19796 3063 13039 40890
3210 11408 7479 26764 21674 30168
3216 41829 14390 59259 15428 14553
3222 34981 23469 48705 14119 44582
3228 53308 5539 5798 70921 20919
3234 22114 2686 9804 9893 22905
3240 45268 45077 20687 44690 46755
3246 26307 8783 22703 19442 1895
3252 7962 27384 38620 8594 26508
3258 43042 30549 28068 17654 33307
3264 14806 26236 38810 47674 31126
3270 5334 35781 824 31949 46220
3276 4773 13389 29076 23949 40583
3282 55554 87188 66646 7797 75013
3288 67460 46318 8569 6825 27894
3294 58603 49125 13964 24923 12252
3300 1097 27237 11432 44732 29624
3306 45340 15018 16719 55319 15773
3312 28565 30554 13991 53928 16374
3318 39608 14311 43473 12545 12446
3324 76606 51597 19010 32095 31546
3330 11426 20034 40207 53762 59674
3336 22756 17982 22577 8266 15381
3342 7356 38025 35396 32908 16822
3348 3196 16657 35151 7479 60918
3354 29715 33372 26221 43722 12078
3360 39480 9026 36931 38368 23437
3366 12838 46872 13991 2686 26815
3372 14344 5537 32624 44704 47213
3378 111316 28589 28080 35810 19485
3384 23110 9893 49896 86468 19730
3390 25475 14553 3216 11775 89646
3396 1895 37991 90389 27761 73820
3402 67630 41680 10398 82915 40313
3408 28745 29392 7361 2766 29374
3414 15482 46577 4429 32224 25777
3420 38575 72213 65778 3314 21465
3426 47128 33442 33603 18829 21556
3432 18894 6160 14684 7669 1097
3438 67687 6406 20034 13908 12066
3444 88942 3086 62819 8009 25746
3450 28982 42495 9557 44500 53237
3456 4773 14557 52961 52663 13999
3462 45050 4921 49529 7568 16548
3468 20500 52212 3422 48061 15878
3474 69324 1895 38557 59343 36076
3480 1529 31877 52671 54437 8783
3486 30613 35624 34872 28013 13991
3492 51826 43961 45297 38519 80070
3498 34683 29316 6825 97511 10211
3504 23936 12186 930 18624 14311
3510 64356 87405 37083 41604 6891
3516 29758 14330 16822 47086 13579
3522 32780 42974 9943 45350 20555
3528 29920 19647 62924 12944 99695
3534 72840 34141 98741 47157 15396
3540 37433 72286 32368 48857 106136
3546 13191 82583 83693 62357 127794
3552 46141 16332 54905 32379 100399
3558 53765 15766 46227 56599 51670
3564 3912 12237 4416 93697 53863
3570 8615 57665 39339 42495 29290
3576 15837 21946 13387 20781 84072
3582 8783 8594 19160 23391 49378
3588 113010 24778 43215 33598 15178
3594 3746 11425 32032 5126 25647
3600 13387 209525 29840 46237 21647
3606 9376 20026 13556 31227 38071
3612 57273 23102 68601 16449 24791
3618 19099 9237 40530 20401 22378
3624 724 17907 25671 41149 6149
3630 34981 19111 34361 14341 12046
3636 22030 45755 27728 58778 31876
3642 12173 15817 3764 24236 18077
3648 24582 16593 6889 21869 10128
3654 91597 39148 9893 11999 12766
3660 7962 8216 27524 7846 15833
3666 10231 19754 2007 22482 38139
3672 16828 46956 19620 22705 23636
3678 12937 16906 10114 5419 14646
3684 21796 9944 3764 32877 19129
3690 12168 26696 32049 22052 20656
3696 33145 13721 3196 100192 18209
3702 39056 28710 20200 14148 7962
3708 45152 20586 518 15862 4148
3714 21182 10612 2689 2007 21031
3720 38621 11274 55984 9551 22820
3726 34088 23701 30191 18375 12492
3732 20431 17524 19480 232 33589
3738 20687 15653 12107 25665 22939
3744 41482 37230 42820 8574 19982
3750 86139 7962 8091 20352 39668
3756 13199 41772 55508 52497 21488
3762 13908 6533 24124 21431 17830
3768 12226 52566 26182 4773 12583
3774 14386 11239 22503 53953 23566
3780 42627 7257 2686 30382 37414
3786 51452 62787 68138 46782 25978
3792 18926 18540 57044 32056 45550
3798 47849 119627 15726 48009 10014
3804 47901 11461 80751 55259 158696
3810 20592 60063 26320 6919 48076
3816 15723 70802 32181 83612 23016
3822 15178 16828 25410 24545 7155
3828 16643 36868 31192 53350 64585
3834 31808 35643 23767 31526 40094
3840 31827 32505 17565 24686 19637
3846 20282 35806 22215 14054 108570
3852 73349 92804 23431 26759 26003
3858 14056 26923 518 39589 18106
3864 53596 50623 30153 13503 60819
3870 61687 52542 9160 19127 25732
3876 34888 21368 31999 9910 24738
3882 19899 51467 40800 30054 28846
3888 66099 31601 14347 9711 45287
3894 28823 4804 27211 15018 10351
3900 51880 41235 3576 17222 43647
3906 17003 66947 2007 51475 113904
3912 52882 13073 38832 3216 37749
3918 75984 4804 3196 15145 24468
3924 15068 4303 20825 31874 32975
3930 8216 36204 7479 31722 25456
3936 14056 3196 22121 32597 10114
3942 15796 16211 15948 13068 4383
3948 39229 21776 81302 41021 25964
3954 4804 25392 18578 12662 19167
3960 7962 19668 8266 39016 14394
3966 17653 17061 4904 35168 41904
3972 118442 31770 23270 64106 22353
3978 38143 21827 7967 103966 68602
3984 114537 63562 29339 24683 42242
3990 16500 25423 14179 56370 33401
3996 47834 76698 49953 23505 10632
4002 19883 49663 17566 26435 29213
4008 14354 7286 13627 19871 10712
4014 37555 3789 13073 13148 19487
4020 38857 7568 29167 43697 25866
4026 61207 20375 16746 3764 93817
4032 56691 70800 62150 21154 78193
4038 61109 45948 31586 27135 37295
4044 7131 24898 7777 23905 45109
4050 28854 39833 11353 10312 8266
4056 10838 38569 45037 47295 4904
4062 46345 25912 15871 5003 13606
4068 6436 17205 37279 54941 20548
4074 31398 25901 27159 58089 50887
4080 29443 22040 3746 55050 5799
4086 6958 1895 4804 43525 20127
4092 35382 5126 23326 28434 15285
4098 66807 18785 39851 42823 10128
4104 34033 12169 38620 32520 4773
4110 32367 4303 21467 3764 8928
4116 39385 20375 9026 48850 18230
4122 13068 9237 13264 4005 51346
4128 30712 4429 37803 9134 57413
4134 34448 28156 37135 40738 19285
4140 19201 29147 38854 12631 4703
4146 10218 11599 518 12644 18867
4152 30834 18150 33810 17194 8345
4158 12569 20403 36418 24327 3063
4164 3472 25914 16783 9943 29641
4170 9376 8216 7915 43344 23077
4176 12354 16666 21630 21839 14900
4182 2007 7607 10801 25964 824
4188 19096 3196 50928 47376 19681
4194 33719 35989 63153 11338 47693
4200 26492 24936 27897 9893 27647
4206 16590 56707 17233 31733 3196
4212 26003 3764 19322 9943 576
4218 11968 34937 13201 9002 46808
4224 14654 12558 10128 43514 34532
4230 48039 46952 14459 10838 3086
4236 13359 14745 54108 31796 2993
4242 39516 11447 38106 18484 12603
4248 6536 30699 18614 5537 19001
4254 18134 66109 35836 10974 19759
4260 33576 43169 37083 39699 41208
4266 26098 35064 25842 25761 42545
4272 17881 45890 13721 23211 10152
4278 49728 45672 43911 17057 61739
4284 48951 11999 42249 21618 45829
4290 60652 7962 29793 18111 5331
4296 9160 30959 21695 53687 15567
4302 20652 17754 47219 126 28777
4308 48761 16785 25135 15671 13908
4314 6710 54696 60722 57932 46490
4320 37521 87485 14159 18401 20761
4326 40202 34501 46942 69607 81749
4332 14797 5331 17794 16186 8113
4338 12660 38244 39309 34281 29046
4344 9943 38305 32464 48283 18762
4350 67874 32760 14106 30551 6457
4356 38591 27796 51910 16822 33814
4362 6958 33592 50576 22155 10348
4368 8844 26776 16273 39415 2686
4374 6891 37551 46814 4921 10655
4380 30123 15868 5726 50577 32730
4386 45974 5331 20077 1097 15381
4392 35389 18946 40431 30830 47381
4398 19117 23816 58757 62466 22613
4404 35745 22637 74442 22157 25109
4410 52706 41884 27705 3764 32747
4416 13590 71550 12771 89806 9654
4422 30993 26232 37958 88519 27127
4428 12288 104620 60919 54279 18674
4434 16562 21418 97897 60412 20692
4440 29606 66573 10923 54625 13870
4446 89376 6426 29163 10637 15215
4452 56319 29846 57779 10351 31477
4458 44129 42963 38474 22552 23420
4464 85057 29687 22721 53163 9790
4470 83356 29243 32528 7356 15238
4476 3789 31155 76313 45709 3216
4482 47214 55426 8009 9943 36880
4488 37410 39627 11728 26129 49308
4494 18476 3314 9893 29101 58324
4500 52350 5331 9943 6457 15342
4506 12944 23335 22477 57995 8216
4512 14200 26173 35401 15244 42548
4518 17445 18517 3422 54080 5204
4524 27033 50038 26235 26695 6682
4530 41029 7967 16222 40850 18152
4536 20712 11574 617 42811 12582
4542 30808 5997 9625 42343 17776
4548 14442 14390 29916 78714 10879
4554 5331 15169 18026 5419 20856
4560 63577 70919 1500 44862 28845
4566 18290 50615 20097 71655 30554
4572 9543 724 8216 56369 39580
4578 29345 13329 14650 3196 9124
4584 20134 22320 18936 65966 11574
4590 16927 15715 7962 3063 7505
4596 8703 25457 42937 2686 5331
4602 6421 4323 11810 2689 21391
4608 7568 5018 33503 16012 9924
4614 11144 5539 18060 15224 24812
4620 3583 23240 27330 9167 25579
4626 47541 46962 27950 8266 23449
4632 50444 31581 93085 28956 9376
4638 19461 20877 50584 46680 38761
4644 13572 28695 52852 25712 67595
4650 70715 19884 3314 2007 22865
4656 12536 24867 18060 10595 26740
4662 23849 27268 62272 51708 102319
4668 36076 9763 36586 85333 56132
4674 32583 15238 109831 9389 92458
4680 146930 53848 117058 145043 26395
4686 77573 12288 54740 105994 51975
4692 71739 3196 35306 17186 37354
4698 49067 130640 43793 61493 4804
4704 3314 2275 3216 17816 50784
4710 30884 1097 21079 28419 3314
4716 27330 19753 59234 36245 76495
4722 10219 64155 16593 25535 20079
4728 46193 82617 14198 17318 16822
4734 66421 83329 65795 65211 86215
4740 80919 11426 37558 42572 7962
4746 70082 47897 14213 100683 27713
4752 3314 58611 8783 6891 11977
4758 576 52393 18249 15728 37123
4764 86825 12457 21124 10398 37059
4770 27859 42933 117632 45429 31425
4776 39340 29451 15068 97824 18406
4782 1895 62585 9386 78351 70698
4788 8216 16836 2689 55177 68680
4794 13280 3849 23602 19515 37834
4800 38715 9375 23328 104199 42266
4806 18390 62674 83493 66034 42480
4812 55330 12843 20570 54698 32194
4818 9237 73052 2007 37949 23552
4824 83483 6289 11116 54842 16593
4830 18511 39146 32791 20640 53667
4836 38486 27460 25043 30175 51552
4842 21841 29639 61275 35401 8569
4848 21992 15898 9772 27989 18295
4854 39244 28491 43783 34509 17662
4860 4804 26976 24122 7746 110735
4866 6833 21683 5419 14103 48836
4872 73072 15717 27622 12945 52796
4878 8266 14902 4438 70342 102012
4884 24403 45535 37942 27815 2686
4890 15341 42461 46239 35842 27887
4896 51047 97683 28008 31815 28940
4902 18949 22046 28413 57554 16189
4908 2686 56585 25923 17163 25595
4914 29927 13068 26159 10633 61699
4920 9943 17232 16822 13191 11464
4926 14888 58755 22015 50838 26699
4932 34636 18154 22150 21615 38123
4938 65376 31329 17209 13013 42443
4944 43841 14611 76694 3746 12766
4950 47912 16809 42975 30960 2686
4956 71601 20942 21094 77575 20213
4962 4416 61042 16746 13090 30668
4968 42341 26732 115733 15922 89368
4974 15381 3764 17432 27249 96986
4980 28073 56112 10878 43945 7356
4986 82627 2686 13969 65917 13246
4992 30144 7973 29979 16620 61349
4998 32757 27851 7190 35010 8597
5004 7356 22876 28692 22847 45674
5010 14039 9893 72388 544 108126
5016 27281 69052 34511 77996 60916
5022 84147 39951 40419 52002 61915
5028 39337 44893 66474 51305 25483
5034 5127 55070 11870 17021 66811
5040 48013 125845 113202 39215 35951
5046 78264 13991 2689 87192 59555
5052 16445 22243 46686 78757 11466
5058 46074 123982 824 5537 41827
5064 59375 39460 31743 28930 25096
5070 46306 2686 15619 6200 7379
5076 18387 17099 19816 40563 37946
5082 25524 36871 28816 77925 6536
5088 69730 28121 29731 5331 30057
5094 9376 69896 3912 21414 4804
5100 48215 61161 35371 50652 84738
5106 72824 61116 103190 69064 100609
5112 123978 73062 76357 37063 518
5118 45384 23319 14587 34107 36937
5124 20549 48724 80926 42318 3746
5130 38099 19636 45958 56098 55533
5136 58575 38982 94008 56804 81409
5142 1889 35409 34820 14220 21330
5148 11483 48847 8009 2215 22873
5154 31560 51537 12310 19771 87674
5160 29323 79773 24974 45393 31083
5166 102159 33347 88817 56999 37624
5172 31263 25040 38081 4814 7356
5178 3216 55551 47153 76084 101114
5184 2689 11086 28726 2686 31860
5190 34163 21681 84772 11415 30843
5196 13991 37083 16928 15878 12944
5202 65903 8227 10245 17718 60110
5208 32868 37876 22165 58368 9910
5214 55698 15878 36678 18684 18387
5220 24836 19266 19396 22685 38005
5226 8385 13991 123745 16085 58601
5232 20005 85997 824 6262 9943
5238 53011 17524 21890 55798 9943
5244 34927 53277 31017 6958 80939
5250 57306 31099 17038 14240 5127
5256 9543 81012 18817 29003 69823
5262 31485 28595 60183 19128 12788
5268 14793 10428 20545 15120 40245
5274 3764 33082 13542 12752 31877
5280 26958 16161 101773 16822 21428
5286 9969 41002 8180 40848 19758
5292 27513 11408 64021 42914 28936
5298 39068 9160 19054 61930 10348
5304 19523 128243 23355 21330 12766
5310 10588 4814 57849 94867 12631
5316 35411 29905 9901 10654 13822
5322 23882 72407 10603 25476 31497
5328 49476 7777 824 16148 33926
5334 42022 28777 65203 62384 10838
5340 115628 14365 54230 11426 37753
5346 5331 17456 3314 47960 65564
5352 38867 56038 33087 44682 61421
5358 22120 3912 15328 29931 22384
5364 45336 17005 104407 68528 34484
5370 18106 63454 16788 14817 3422
5376 57534 92507 22077 22917 4303
5382 32186 824 32713 41587 22127
5388 39838 27062 113367 25793 38249
5394 118266 104075 82542 59091 9760
5400 56207 4804 46386 49777 3086
5406 12771 1895 57130 3216 23965
5412 60179 82455 42578 26492 23442
5418 32109 33965 23041 59611 42376
5424 20468 20801 5127 44670 90319
5430 12944 38709 33751 47879 7962
5436 20132 15506 23667 9160 28195
5442 24984 38877 10527 79872 26578
5448 7962 20036 11473 76874 17381
5454 103588 51112 16784 24972 63428
5460 95055 18907 28753 54875 64541
5466 13822 12603 38540 30822 27757
5472 48114 66462 27220 13446 19549
5478 35597 17618 9466 3086 21634
5484 21067 33730 48860 16721 11936
5490 43630 37945 14452 21898 31864
5496 29816 14884 19900 24540 26525
5502 5344 38017 26158 10603 19697
5508 22396 27387 24584 10214 1097
5514 9389 32978 16590 44085 4804
5520 19041 17659 3694 61216 55046
5526 36979 43268 43366 16495 21520
5532 24953 30267 73894 36394 5887
5538 12969 20161 6610 4303 46821
5544 53098 18469 11003 27263 11027
5550 6457 29737 8775 53708 43840
5556 47261 31404 41721 11709 30219
5562 11496 5846 23496 11946 3063
5568 41969 40615 16710 24107 51358
5574 21878 3912 21311 14717 26794
5580 19099 35719 16822 44230 38544
5586 3422 19460 25051 10067 61944
5592 4921 39940 11249 21492 8775
5598 28315 13991 41534 16835 12293
5604 23818 13068 70934 18785 16815
5610 37949 15337 18992 15173 58874
5616 30724 41581 50061 8740 35740
5622 3764 19681 60883 55012 21218
5628 19668 45170 58114 49705 30106
5634 44897 50694 53124 21069 29048
5640 83388 52293 83120 48256 20517
5646 61283 58603 28415 28481 50402
5652 3196 108675 63936 67662 50941
5658 78859 67733 36771 63724 105176
5664 30879 50019 25478 64091 66463
5670 29392 21818 80700 37743 13298
5676 5126 61298 1097 41996 30661
5682 3196 24031 18393 64960 10879
5688 13350 55828 69527 42192 11483
5694 15576 25382 37507 41370 42535
5700 26756 105809 9943 66141 4921
5706 57614 17195 77631 45846 80944
5712 22521 53526 52640 12310 37529
5718 119194 27770 43108 60559 17816
5724 56153 50235 15220 70480 20350
5730 104871 63087 40452 66197 7361
5736 16405 7967 43967 15004 83638
5742 6891 26234 15671 26892 3086
5748 23076 4804 20005 6533 23133
5754 32408 42880 27719 18540 56303
5760 66086 17166 27969 65794 22521
5766 8279 87032 81220 41188 39920
5772 18835 53685 24932 2686 18701
5778 8928 31881 35298 21682 20644
5784 17675 3422 19856 27011 17186
5790 25827 11084 58941 44133 15227
5796 41352 20350 31565 11084 1895
5802 94510 61770 16820 9910 8615
5808 29208 16449 2689 47857 13388
5814 17222 11913 41098 10398 40079
5820 70751 33391 824 22886 20466
5826 11629 7769 31267 9943 14771
5832 32941 29488 18108 6642 126707
5838 27465 34441 28871 10398 47287
5844 10194 2766 52283 22179 20563
5850 30523 49140 21715 64452 1895
5856 9543 23060 18169 5331 49042
5862 9893 17845 22165 10128 19026
5868 86661 6707 44080 56112 57315
5874 5711 2065 37409 56441 10398
5880 15071 20004 13382 5944 10335
5886 48477 44766 56202 45344 35986
5892 38458 29046 29766 17602 72164
5898 14912 23062 34667 4232 10654
5904 9184 18953 1097 25921 26455
5910 30303 5346 34265 7669 22206
5916 13492 33927 25502 16002 58165
5922 36723 63862 75531 21780 44361
5928 92536 232 8342 46791 31800
5934 38501 21321 34108 8486 27280
5940 7568 69049 38628 37852 84833
5946 3196 26828 101633 24440 108370
5952 40590 58673 59938 34809 15018
5958 9608 105408 88400 32034 17902
5964 83905 4303 43048 24316 42835
5970 72334 16800 3063 60646 70946
5976 61819 49205 5331 69278 3314
5982 12902 11116 11129 17836 53169
5988 50629 17602 104526 30539 26087
5994 42686 3764 18090 42683 36979
6000 18148 7962 117792 61284 51695
6006 15507 81776 69473 12183 34205
6012 35903 23920 47456 46556 73583
6018 5127 43342 9222 29396 43592
6024 67229 66716 16548 28890 48794
6030 44919 11247 30523 42608 9104
6036 31612 25472 58710 62851 55083
6042 30249 54160 13956 70687 19107
6048 4804 44647 16090 64575 69318
6054 26961 34558 16657 1895 25774
6060 9386 46622 56527 43749 8554
6066 18592 20557 19905 11483 20942
6072 21022 11387 30356 15041 2686
6078 9543 48687 7669 72203 2689
6084 11086 7005 36145 29070 34316
6090 27807 19109 12843 30310 38860
6096 12288 28123 21482 26898 20148
6102 35418 37553 13991 21137 68307
6108 16693 31187 10603 52792 40262
6114 7020 20099 15320 29472 21316
6120 31869 54157 47356 3196 8569
6126 30422 37213 26905 19107 15828
6132 13825 55911 53821 25229 10673
6138 42961 29199 35647 31176 12077
6144 1097 6825 63194 47814 52893
6150 51743 70322 17400 16798 75272
6156 43006 57219 35186 13576 24327
6162 31679 9943 9531 51046 13918
6168 17456 37039 3422 49483 42223
6174 28969 17901 5539 45960 22550
6180 45756 37290 31077 68094 55218
6186 28990 57846 78012 9943 15500
6192 61089 25968 18481 13598 72830
6198 43807 46578 9943 15862 86125
6204 35503 19361 43522 47851 15018
6210 4303 52563 80901 95754 49267
6216 23013 28874 84970 66549 26458
6222 10348 4429 30036 59954 20011
6228 37924 54862 45256 16058 18353
6234 32748 4804 42277 36614 54867
6240 9543 16926 3086 39139 27375
6246 43733 51211 75924 14872 61215
6252 15878 10351 14156 53608 66384
6258 12944 99477 22013 5127 3216
6264 8385 34470 52853 1097 19321
6270 66093 27140 12771 22626 60352
6276 23959 31378 63867 31517 43687
6282 95310 8486 51912 23661 56761
6288 70866 34552 10976 34361 15414
6294 6173 18122 33975 26420 32680
6300 29484 17795 8594 13918 41423
6306 49480 4303 2766 56603 11617
6312 3314 65159 3196 128789 51672
6318 21619 15227 13039 57803 46364
6324 15928 10172 11710 3196 36420
6330 17840 26953 12288 24162 15243
6336 36541 15331 47613 31762 62915
6342 55264 51459 13488 48736 10194
6348 24456 33301 16562 26951 5126
6354 42109 90446 97876 10894 14155
6360 4773 83338 68292 24995 27040
6366 38399 30035 16220 10194 7271
6372 26690 22202 2007 59538 101130
6378 128974 58513 7669 55359 9923
6384 80548 18483 61699 42494 84413
6390 16540 20199 5944 12078 41712
6396 87607 11656 115651 47677 11234
6402 34688 76084 27330 32249 5126
6408 14415 35812 8216 12582 5539
6414 26562 67447 45729 36842 40400
6420 82651 37915 28482 77317 22306
6426 14124 25767 10351 7361 5126
6432 13619 13770 19397 35379 99051
6438 17982 10223 11123 12103 115513
6444 20942 10376 21526 22139 13991
6450 15414 17175 67254 6329 23930
6456 27538 7131 13442 28656 11798
6462 32270 19506 4429 9943 6932
6468 20500 37446 73909 28384 13728
6474 23602 12147 32457 19668 53289
6480 18248 21205 41534 73955 35627
6486 26231 41785 116396 1097 20093
6492 9026 32974 35158 25120 617
6498 41938 17964 26761 17908 8266
6504 35844 25098 11445 3063 10154
6510 26795 8216 8580 37212 17881
6516 39715 15606 23734 39887 824
6522 32092 14772 9026 25395 29586
6528 12751 19238 10654 26259 518
6534 32066 30699 42959 28406 18708
6540 36682 23508 36821 8216 34915
6546 21487 18674 8476 16389 29322
6552 5539 9167 18709 10828 3764
6558 5331 61968 36250 34825 518
6564 36602 19515 18478 4303 37620
6570 3746 4804 54787 37709 10879
6576 22243 64094 24925 8009 12034
6582 29894 19886 76581 79716 47142
6588 19663 29801 16591 10633 13918
6594 7719 9943 17636 32426 12851
6600 27413 34677 16875 9093 3196
6606 46566 5018 34865 48052 49424
6612 3196 14948 9134 49377 43247
6618 40106 9711 60972 16968 15255
6624 5537 3216 5726 31878 23461
6630 18667 14288 23287 19022 35953
6636 5331 42688 22141 14495 24974
6642 4920 3196 21600 9711 64621
6648 14665 32418 33548 9376 36136
6654 53070 64067 5539 59606 94218
6660 31153 144032 39404 99289 52104
6666 4419 39417 15175 17776 46272
6672 7962 32148 67135 4419 14365
6678 4323 11870 14903 8009 12288
6684 22436 13063 14549 40693 18387
6690 29413 5419 18395 19730 73047
6696 8009 17052 6149 78269 122367
6702 9079 53281 23894 19925 41876
6708 29894 9109 42436 9896 13892
6714 5126 18674 5539 39718 25153
6720 82500 11426 65718 24507 20764
6726 7669 43305 16541 10128 3086
6732 7479 33975 18679 5126 20846
6738 46909 19620 32132 15354 4416
6744 27288 5726 35960 3912 69232
6750 50722 17378 47022 12138 16684
6756 37965 59288 20054 28760 48837
6762 88250 27569 45749 18169 74192
6768 31084 19173 18065 20771 72601
6774 3422 13991 9893 25364 13174
6780 8615 36515 3196 15809 7780
6786 9160 34180 33816 56032 28789
6792 24331 23496 9943 7967 16968
6798 15671 22859 22995 42270 30492
6804 18566 33830 24692 20256 23393
6810 14665 40757 22734 5726 5346
6816 32474 15424 12633 46950 35753
6822 6172 40190 13991 17644 9616
6828 3196 30093 36060 2766 20930
6834 7513 3422 20748 37348 16662
6840 33909 4416 22255 19339 23539
6846 35056 232 12457 34038 25381
6852 11493 21555 19886 27835 14757
6858 16992 20771 5537 2689 46868
6864 28274 9669 14757 14616 33238
6870 20768 2766 65658 9789 12771
6876 36424 31143 3746 60181 5003
6882 19097 34391 31088 11408 15124
6888 24319 69178 13090 821 23741
6894 17038 9386 46206 15447 26411
6900 16086 6919 23292 47683 81083
6906 20106 73484 5726 21487 48789
6912 90824 2686 31538 110263 6825
6918 22716 14281 25369 5018 47059
6924 18390 12426 9110 21587 33059
6930 2993 13816 48740 33607 23601
6936 59020 24815 17976 59905 48408
6942 27476 7962 17584 39712 5539
6948 992 9134 4814 13102 9376
6954 4303 23879 11656 9200 8769
6960 24247 28706 14999 18818 4773
6966 15320 18942 24799 9893 14916
6972 65282 22900 9376 9794 19993
6978 11736 22774 20833 17383 9386
6984 12924 232 11315 20111 5539
6990 518 32247 6891 25448 3912
6996 86821 20658 21049 66946 31877
7002 35312 19289 43907 31352 66081
7008 16562 59686 17050 59477 15775
7014 56429 69036 13361 22340 11560
7020 26775 76139 13058 59193 7356
7026 14949 21286 51739 52711 19100
7032 33639 193164 59262 10829 79522
7038 12799 41799 7838 38807 5537
7044 20617 20323 28960 16539 16111
7050 26319 18242 7797 19488 26319
7056 80899 59079 39348 40373 16102
7062 24476 26259 16739 8783 13331
7068 10747 33795 4416 32637 19325
7074 30642 31648 10114 9786 2766
7080 29934 28188 14119 14813 67801
7086 29167 3789 13577 8216 19758
7092 62334 16134 10828 7719 29545
7098 27741 5539 27379 1516 20409
7104 8216 27591 14399 12537 9543
7110 39197 16815 11776 30333 40075
7116 38364 14277 46268 50686 18825
7122 9104 25176 23902 21073 21367
7128 25863 21485 14538 8747 14038
7134 71936 44752 11003 34041 31584
7140 11513 26971 23874 3314 43106
7146 40050 28783 69287 22158 7356
7152 28179 13591 67324 4303 83697
7158 69350 14757 75481 60718 10893
7164 13105 25638 25826 36553 56667
7170 3770 7356 99846 9723 7423
7176 32489 24342 35889 56140 19462
7182 49182 29886 24302 9896 40614
7188 9786 29823 28616 7815 35184
7194 21238 15526 21253 65133 22648
7200 25419 25898 15878 23258 5997
7206 92410 27807 62184 39960 34154
7212 25779 36052 23726 27309 58199
7218 10446 9893 10527 6457 22805
7224 67323 24350 4418 5344 36389
7230 36327 6536 45856 7155 11028
7236 15694 13106 40394 52515 13054
7242 9943 3196 6825 13831 16028
7248 18706 28605 9943 7962 3422
7254 43704 28684 62846 6475 58100
7260 32414 49389 19791 20664 13836
7266 518 17225 18724 32984 57657
7272 10353 32172 11393 8712 49623
7278 19624 45640 15483 52854 29812
7284 29720 31166 31631 18585 37963
7290 3957 56959 83732 5537 9160
7296 22208 38144 28124 14097 49668
7302 21548 8266 47977 26089 47468
7308 24994 45846 53693 5539 24914
7314 14173 15175 37302 5537 1889
7320 9792 31416 8101 21717 20761
7326 35291 21872 49969 85976 1097
7332 49972 49818 9460 36240 38341
7338 44180 134442 19811 19555 20670
7344 4292 18655 49597 27123 66821
7350 24029 55030 18050 3764 28557
7356 25284 20870 52419 20586 66376
7362 32487 20433 45760 1097 44410
7368 28250 5126 576 8009 35436
7374 31072 33439 25726 5018 52867
7380 41776 21353 35181 21197 12243
7386 13793 47469 13176 36565 7205
7392 54666 64181 33356 35591 56523
7398 4416 50831 11217 26916 22211
7404 74875 9357 12078 60408 28475
7410 45494 10447 45383 14292 42885
7416 22925 26092 5539 60674 7962
7422 16426 2007 15396 17068 9026
7428 21771 8266 74616 57901 45676
7434 13403 5127 20529 26344 30280
7440 7180 37749 29741 66941 40462
7446 82199 35919 544 32025 6825
7452 26589 15504 29458 42098 47677
7458 51645 10398 67625 3314 4303
7464 29801 15710 57198 21329 49702
7470 40582 47995 40021 26136 11408
7476 9557 1097 23542 66759 40528
7482 9026 12001 14375 20324 9943
7488 52665 15773 10828 11408 28264
7494 11710 55240 6262 4303 15116
7500 36690 7356 38619 53547 21878
7506 47339 18430 5707 35340 4303
7512 78867 69673 79041 50112 44336
7518 21089 26935 82224 14872 45326
7524 47756 33832 42012 28856 12843
7530 35470 16250 47721 27331 52381
7536 4814 15227 46390 20545 19620
7542 53836 57261 40326 66543 22491
7548 42804 5003 30264 12168 18655
7554 30929 39635 83676 17389 3764
7560 23183 50221 3912 35843 36795
7566 15928 24858 544 8260 3196
7572 17602 22685 43322 36103 41324
7578 8615 39160 32113 15455 63689
7584 47357 26984 36726 30209 24142
7590 14442 10351 10536 70769 20955
7596 25291 82307 77061 2689 34869
7602 72778 42479 19681 46955 25590
7608 34470 37635 31044 67395 45591
7614 3063 12911 42552 88267 7356
7620 29424 10632 91762 36316 5018
7626 90795 19372 42960 20752 17753
7632 82885 4814 42625 68907 39042
7638 518 48381 30488 45381 76533
7644 2686 138352 52051 17163 12838
7650 9026 50216 5419 24858 70231
7656 36301 17747 29170 42140 16240
7662 28915 10632 7155 3063 6614
7668 3196 15331 38615 32994 3422
7674 23768 24247 19637 92635 8266
7680 57302 50299 22407 8616 95240
7686 27667 9551 69446 34245 14118
7692 7615 75587 21652 56485 12303
7698 23893 13293 24782 40420 9160
7704 27184 49954 12183 13978 53351
7710 9759 23804 29756 21653 54785
7716 38495 20027 32250 29322 58126
7722 17840 25352 73430 3063 45056
7728 17864 61352 22403 42613 9543
7734 56724 95818 41159 28686 36850
7740 18810 11656 42910 3764 65395
7746 34194 9386 6533 7843 81869
7752 12867 38591 90921 14912 10128
7758 20199 7167 25047 36537 10715
7764 9376 30980 67142 23799 14188
7770 39175 1097 3764 35322 28830
7776 7361 59519 84608 34428 13137
7782 20699 28306 9672 6891 12310
7788 25417 26777 724 5537 40194
7794 4303 25423 46581 53955 37816
7800 27014 17346 56617 14757 9124
7806 56731 3764 49218 29318 8783
7812 35254 58661 15226 4303 15012
7818 22604 20183 30683 29659 23715
7824 22236 20907 39566 29417 23355
7830 8216 17747 23394 34621 30235
7836 61298 21302 20063 51973 26933
7842 33307 33857 13767 24414 9134
7848 9026 10273 60661 42111 19937
7854 33822 18430 19193 35146 3314
7860 27435 20041 17354 17052 30469
7866 44112 42166 18413 52039 30337
7872 32936 9624 16681 3764 23021
7878 18901 28455 24357 26690 27701
7884 17299 36872 3196 821 1097
7890 26733 15255 43291 45873 11387
7896 10272 47079 930 26863 33335
7902 5331 22240 5331 41417 12537
7908 3196 8487 13190 13269 4718
7914 5346 3086 23899 7513 7854
7920 9756 13978 29828 44017 24360
7926 21673 12128 19942 25128 13534
7932 34871 43569 20443 40249 27660
7938 22059 24518 71783 3086 14846
7944 232 13916 17266 20875 57300
7950 33719 33067 35998 53924 28710
7956 30210 9893 27583 55368 39129
7962 25804 63782 9340 9335 9044
7968 27756 57601 78746 34474 42318
7974 46108 42869 14793 8266 78802
7980 56411 18223 100792 13721 18133
7986 24408 19739 7361 9893 59120
7992 65786 71623 6289 50466 37208
7998 71726 86920 24165 24788 8775
8004 6201 44402 12196 5368 55222
8010 47666 35080 7962 19096 67294
8016 7131 16195 44632 9083 26037
8022 15930 3216 824 33236 5537
8028 18478 27740 31330 7479 1097
8034 5539 55732 32745 12258 49078
8040 9943 34634 39132 57301 45014
8046 28063 13068 9026 98447 45672
8052 63062 31299 83297 24355 3086
8058 51505 24718 41261 59779 44648
8064 86154 56118 35380 5018 8216
8070 47768 16831 69775 53381 9160
8076 19113 2735 45371 16047 67139
8082 4279 84535 51738 49564 27404
8088 17038 59488 21667 18137 6262
8094 19000 8994 930 11822 64274
8100 69856 44897 56834 63194 15906
8106 51541 51603 23930 16394 35393
8112 29937 48893 42905 33624 9795
8118 47001 41523 30770 19497 62580
8124 29788 11576 57154 45058 14040
8130 37130 13685 46116 43453 14393
8136 42489 7838 24414 26224 20461
8142 34318 59930 36520 31188 55662
8148 20429 40247 78677 54921 30554
8154 47955 12078 5713 15134 32788
8160 7228 33723 95054 66618 80095
8166 15828 47184 10364 7568 79117
8172 23272 15928 63859 22610 31665
8178 105508 39767 18903 29344 43005
8184 9376 11134 38430 15500 60160
8190 64847 27929 60560 3086 24425
8196 45078 12843 43255 77077 80891
8202 42650 66178 43812 21653 47579
8208 43204 69835 9901 10351 27097
8214 59236 92530 102752 36043 55386
8220 81514 17404 22685 34643 51889
8226 24598 40991 54661 20013 18059
8232 35066 25707 12832 54427 12771
8238 9893 30276 48036 12953 3086
8244 20249 7356 9557 66725 4303
8250 77769 15671 18894 51691 20743
8256 7356 50376 16232 75494 29905
8262 9943 27212 80133 31625 14344
8268 4804 16324 6825 9376 9411
8274 3314 18796 74923 64837 19797
8280 13199 61919 4416 38221 8009
8286 1097 9413 36503 60663 44825
8292 5331 24955 19182 39872 4303
8298 85720 1097 89999 20500 48951
8304 8783 47913 26629 74165 37443
8310 5539 19886 42220 99253 33808
8316 23516 15814 28915 9893 27900
8322 21254 22165 14793 21098 71405
8328 27727 7361 10879 8597 17015
8334 12838 60601 31096 11414 12080
8340 30910 3746 21250 19437 73471
8346 19489 3086 9376 22189 54773
8352 21547 6825 22402 7607 22810
8358 3422 57634 54040 42100 13199
8364 47848 11116 44810 50029 30813
8370 53596 3086 29909 10351 7361
8376 21833 24442 13892 18091 23603
8382 20406 51647 4804 15879 71825
8388 37969 66984 102130 10976 15018
8394 10647 30200 47311 19661 119963
8400 1097 27471 25684 22859 19268
8406 41158 21089 6418 76604 45689
8412 24167 3314 78484 100443 11129
8418 15140 47797 43171 76256 24688
8424 12944 36732 53788 7729 22149
8430 9385 35860 3216 24182 62155
8436 32482 69074 74799 23258 44298
8442 22925 18679 4418 32822 38533
8448 9236 4804 2686 13427 7356
8454 64494 11028 47953 28014 32445
8460 41699 41204 9160 19493 13863
8466 26202 23316 2689 20675 4429
8472 25021 11050 39931 28250 36079
8478 9156 26604 50185 544 4804
8484 8783 22666 21465 44541 13405
8490 35464 16242 3422 7131 55092
8496 28104 5917 26082 35330 6642
8502 41013 7361 4804 21385 41945
8508 1889 16840 3746 31818 22475
8514 27588 15504 10005 50336 22288
8520 28663 24875 43320 35770 21683
8526 3063 26132 22878 14716 12944
8532 12457 544 38035 20745 20199
8538 31188 22171 4416 3216 18714
8544 19431 37418 4416 18832 14311
8550 35367 35023 8091 47610 16384
8556 62390 76157 74408 42544 79138
8562 19237 48962 19014 16928 57474
8568 25743 15227 8783 9764 17265
8574 31858 39486 13991 22662 20114
8580 12668 27093 9557 16250 3063
8586 31512 8009 13298 10713 3764
8592 33280 26768 52630 8580 9654
8598 31148 69703 13156 23396 9160
8604 23573 4804 17354 1895 9727
8610 4279 22472 6140 18720 19739
8616 15337 8216 1097 24200 13598
8622 46343 39029 43288 5331 48947
8628 15255 17719 24348 6891 13803
8634 8216 49082 42711 5419 8560
8640 9708 9920 7286 24348 31452
8646 36679 8266 37771 41731 31199
8652 19182 17355 44445 20024 52193
8658 24749 11483 31065 8238 20146
8664 30064 43274 64242 8303 48735
8670 10172 16317 12031 10715 10788
8676 26619 22685 18526 39576 39627
8682 7479 19686 13085 21896 15428
8688 41578 55617 55600 46315 9306
8694 37861 9376 6889 69815 12078
8700 37135 10364 1097 61706 48423
8706 58072 71915 51301 100553 47205
8712 48184 9178 76496 33527 10633
8718 31121 25043 30389 71114 30121
8724 27318 38578 58052 8216 49298
8730 8009 39185 35633 12944 59260
8736 10447 44530 68679 11116 2686
8742 13707 66455 118836 22048 80282
8748 24510 24029 29445 2686 3086
8754 30526 46680 5428 40899 26542
8760 18475 21570 44872 14806 20488
8766 42047 50807 36746 54554 45641
8772 88924 4920 55131 40638 72930
8778 28509 72238 23948 49407 29125
8784 25482 28639 16822 95212 54432
8790 82854 7962 47135 6457 69960
8796 65371 54887 25910 16437 7568
8802 53086 9893 31416 31532 22149
8808 84796 37799 51049 9557 95966
8814 57597 49558 15834 61114 48667
8820 20014 15175 33348 88667 35287
8826 1097 46367 5726 7356 11249
8832 13768 23797 58377 24177 76488
8838 3196 39191 96379 23373 57970
8844 13748 8866 2686 37549 52018
8850 4416 23573 41687 87859 44861
8856 61374 59659 8266 73528 62852
8862 23127 26899 18418 35197 36492
8868 1895 4144 9386 41770 68846
8874 37279 19410 21728 29673 73253
8880 53500 60312 58034 26276 25170
8886 19567 47406 52133 17300 10838
8892 12843 12944 41663 16438 15726
8898 29918 22796 93766 36263 69974
8904 3764 3746 12781 8049 12498
8910 4804 18992 33021 32808 8216
8916 2686 47443 8783 44056 19076
8922 17602 70433 81873 44107 35091
8928 60726 58856 15018 20199 67660
8934 22297 89856 30137 56858 39318
8940 19020 9359 16232 35389 10901
8946 16016 73804 11710 34326 22939
8952 518 10632 9458 47870 7962
8958 13803 14304 31781 30241 5539
8964 19232 26455 10654 34304 6230
8970 50821 23136 13606 3216 60408
8976 74792 8266 9943 69964 10879
8982 54919 23800 11483 16182 31419
8988 4804 37362 10654 20016 30273
8994 5726 20483 23417 15293 47401
9000 7131 9415 9200 39424 20708
9006 3086 52836 5331 35690 25086
9012 22157 9904 3216 24016 15808
9018 13090 8180 10650 7719 5711
9024 7361 30528 146580 52650 36092
9030 30499 23354 52712 28293 7962
9036 20225 3314 41818 17434 59501
9042 68399 77884 31075 9389 5331
9048 13822 9376 45575 11408 7524
9054 22107 16280 36914 61922 39571
9060 63132 38956 52488 21485 36378
9066 76901 14156 68171 2007 7797
9072 80268 82999 54363 57358 30763
9078 16316 11116 38229 8009 39303
9084 12237 22597 232 617 5846
9090 51153 22516 35992 29632 14566
9096 25781 23738 92388 57240 18595
9102 14459 34934 8615 12078 25322
9108 37529 29099 9943 41102 17604
9114 3063 10976 19824 20928 24624
9120 12118 41114 15490 20879 50600
9126 34628 6891 24722 8394 62157
9132 48119 9943 3746 18504 10603
9138 11718 7669 18410 13855 3422
9144 9102 22077 33532 28072 16180
9150 3764 32476 42212 62914 39872
9156 26100 9893 43212 11387 30279
9162 27146 30303 29665 17128 32442
9168 77080 29349 45802 30518 19146
9174 13956 81431 27433 38201 36997
9180 6830 34337 69753 55283 13073
9186 54743 61877 34086 59195 36641
9192 3746 69066 25380 49742 31285
9198 36901 14806 37075 32684 73418
9204 26476 4303 9184 4416 19213
9210 33281 33507 9160 23126 90168
9216 41337 92425 12942 45198 36314
9222 16145 47265 17750 1895 64838
9228 11425 15494 47644 45478 16437
9234 24822 85325 43302 38592 51329
9240 42636 20439 38683 10339 32226
9246 16753 22658 13978 9893 56968
9252 45799 58635 21621 18430 8703
9258 13068 31166 14138 13721 13255
9264 8615 18377 24886 4429 3196
9270 30734 16640 29148 30793 19445
9276 42724 21432 9624 11129 9943
9282 10114 79302 29196 29076 27057
9288 8483 17137 16572 30243 19390
9294 10446 34523 54672 20656 81215
9300 3086 47865 35785 31236 11968
9306 9458 4970 40518 39144 7705
9312 7962 11798 7286 26102 824
9318 15823 2686 26717 40886 25794
9324 63412 3196 22932 31216 97731
9330 31055 24033 53452 14787 52716
9336 30487 20210 13870 22685 37757
9342 50564 10447 64252 46491 3216
9348 28828 46599 41320 18148 6891
9354 18541 32274 4429 51309 96037
9360 18748 60878 33863 41906 38578
9366 40793 60756 3596 18598 42516
9372 21376 16562 14354 21184 20780
9378 9026 3314 47356 64064 28490
9384 63814 25432 56361 10084 7967
9390 2689 31497 45017 2766 22082
9396 28017 39526 14729 54497 13191
9402 3086 56277 32726 18992 33657
9408 7379 91375 6106 21695 20279
9414 5539 32221 60313 44706 3196
9420 6329 58589 36536 20780 20701
9426 15664 22345 43802 16186 5194
9432 84692 8216 18828 19595 28953
9438 47874 21657 27746 26633 9376
9444 38636 7962 3196 7286 22019
9450 19629 29543 72595 20950 2445
9456 11798 18185 15130 5919 45551
9462 11710 53863 27319 26967 23753
9468 8747 51694 29217 5537 60830
9474 32073 13803 9190 9672 27178
9480 50597 21697 56802 3086 5126
9486 16123 36139 3063 31105 28166
9492 27688 13991 24555 65346 8266
9498 24921 36854 16689 36963 1097
9504 3196 42194 10130 17890 60712
9510 11710 31197 9026 8216 5184
9516 60852 16409 14353 6484 14872
9522 21268 14272 36832 15204 21797
9528 50296 38973 16316 13892 23847
9534 25107 32287 40172 52817 57433
9540 55086 10712 37595 9376 50192
9546 50414 50990 9422 17729 9014
9552 75928 21943 11483 45613 13073
9558 23568 8216 15851 28226 57380
9564 32897 15629 21578 51457 47205
9570 13918 32546 26041 26408 31844
9576 38122 32082 72363 49305 41771
9582 25139 15635 48847 6426 28712
9588 18249 44642 23242 17877 25054
9594 17286 9893 19527 55925 29748
9600 11247 35972 12051 31882 21799
9606 40640 59524 20352 51861 28057
9612 27865 11483 30098 45235 19159
9618 9976 9026 62864 8572 50976
9624 23789 28040 55269 25546 48564
9630 17084 11994 17596 51726 27351
9636 59954 19032 25538 41663 18725
9642 26792 15671 14311 75614 31523
9648 723 34566 39753 21308 56521
9654 61129 4921 2766 25712 78849
9660 64566 43628 16623 30030 49041
9666 3086 59813 9376 40021 53808
9672 12867 17483 23574 38061 39372
9678 34550 48845 21860 9624 22107
9684 64143 29242 20105 30043 824
9690 70365 9580 6262 3086 32127
9696 23442 29466 41332 3746 98390
9702 22780 9837 30579 28537 14581
9708 9101 21390 25235 53922 21805
9714 19739 35241 22053 34443 24790
9720 16732 4804 13359 32485 7568
9726 27224 21954 9893 5537 2689
9732 16374 6833 44182 19277 44699
9738 9827 11710 9296 42821 824
9744 8009 15780 73694 43043 7479
9750 19661 33997 29562 544 44947
9756 11710 9893 23541 13249 23094
9762 824 9669 10692 3764 59172
9768 34658 63660 10351 29728 21089
9774 26326 20745 21629 11969 14553
9780 20586 24053 45188 40972 7356
9786 27373 38767 14174 77664 9794
9792 1529 46882 89654 28934 544
9798 71563 40874 49087 54200 51269
9804 2686 17030 10398 19134 11447
9810 41212 17647 22501 16662 4804
9816 7962 6256 53942 20034 42127
9822 13191 55476 10937 23221 42092
9828 49220 8238 68008 48337 4804
9834 71374 12312 38530 17008 16845
9840 8759 34125 544 10090 20256
9846 40364 40140 11535 34721 17333
9852 21332 20788 12662 6339 13197
9858 36324 32520 5398 9026 17290
9864 48494 37833 30690 7286 36597
9870 41812 4773 2689 22994 63046
9876 34691 50697 45809 54927 78319
9882 94746 19936 82757 30213 45239
9888 14553 22847 1529 19188 40679
9894 14813 61741 12444 16158 45215
9900 40246 18063 26934 111871 27245
9906 41136 11249 11378 50895 60306
9912 34808 43811 36603 43905 26967
9918 18313 20016 12207 17819 13831
9924 63223 44235 11382 20252 18106
9930 52 26234 37394 58846 99702
9936 48736 72822 12603 51952 51169
9942 47008 8844 4804 5539 7854
9948 3086 34013 38725 45193 22045
9954 67747 69266 35670 47741 24367
9960 27419 47548 35018 49522 21301
9966 18642 43997 22976 35043 63916
9972 8478 36762 67244 27723 6825
9978 26573 14419 13073 3472 2007
9984 40413 32052 20505 36767 54032
9990 42684 58683 45686 26388 27354
9996 16016 54281 18533 46376 56968
