0 3553
6 3541
12 3466
18 3625
24 3696
30 3689
36 3654
42 3617
48 3654
54 3716
60 3615
66 3713
72 3515
78 3494
84 3668
90 3657
96 3663
102 3738
108 3760
114 3760
120 3677
126 3713
132 3531
138 3463
144 3302
150 3238
156 3572
162 3600
168 3542
174 3562
180 3544
186 3338
192 3431
198 3572
204 3572
210 3578
216 3760
222 3689
228 3619
234 3218
240 3318
246 3489
252 3453
258 3491
264 3648
270 3618
276 3578
282 3714
288 3648
294 3671
300 3666
306 3604
312 3572
318 3719
324 3688
330 3562
336 3265
342 3505
348 3704
354 3696
360 3761
366 3678
372 3681
378 3670
384 3611
390 3635
396 3615
402 3621
408 3627
414 3710
420 3614
426 3595
432 3663
438 3647
444 3670
450 3666
456 3760
462 3642
468 3696
474 3616
480 3337
486 3296
492 3567
498 3536
504 3619
510 3666
516 3635
522 3662
528 3751
534 3604
540 3630
546 3615
552 3626
558 3651
564 3710
570 3633
576 3647
582 3601
588 3675
594 3532
600 3665
606 3736
612 3709
618 3689
624 3689
630 3635
636 3585
642 3668
648 3627
654 3709
660 3706
666 3546
672 3370
678 3666
684 3620
690 3520
696 3746
702 3662
708 3692
714 3723
720 3572
726 3384
732 3572
738 3207
744 3386
750 3407
756 3630
762 3590
768 3588
774 3568
780 3620
786 3726
792 3701
798 3572
804 3198
810 3202
816 3475
822 3759
828 3431
834 3177
840 3240
846 3337
852 3657
858 3738
864 3599
870 3668
876 3673
882 3562
888 3591
894 3661
900 3760
906 3520
912 3761
918 3666
924 3328
930 3673
936 3738
942 3493
948 3633
954 3578
960 3588
966 3589
972 3542
978 3612
984 3674
990 3724
996 3631
1002 3578
1008 3666
1014 3572
1020 3761
1026 3625
1032 3667
1038 3615
1044 3635
1050 3551
1056 3641
1062 3515
1068 3614
1074 3559
1080 3510
1086 3685
1092 3654
1098 3622
1104 3692
1110 3640
1116 3694
1122 3667
1128 3593
1134 3653
1140 3699
1146 3653
1152 3684
1158 3760
1164 3663
1170 3667
1176 3695
1182 3661
1188 3688
1194 3679
1200 3653
1206 3572
1212 3198
1218 3290
1224 3557
1230 3572
1236 3703
1242 3760
1248 3541
1254 3646
1260 3563
1266 3666
1272 3693
1278 3630
1284 3699
1290 3617
1296 3672
1302 3578
1308 3589
1314 3516
1320 3599
1326 3370
1332 3548
1338 3531
1344 3704
1350 3689
1356 3550
1362 3322
1368 3525
1374 3479
1380 3751
1386 3738
1392 3344
1398 3196
1404 3406
1410 3478
1416 3384
1422 3572
1428 3547
1434 3411
1440 3453
1446 3511
1452 3648
1458 3737
1464 3666
1470 3657
1476 3510
1482 3547
1488 3632
1494 3627
1500 3643
1506 3751
1512 3617
1518 3666
1524 3656
1530 3662
1536 3701
1542 3719
1548 3712
1554 3760
1560 3672
1566 3732
1572 3711
1578 3705
1584 3704
1590 3626
1596 3648
1602 3629
1608 3654
1614 3525
1620 3452
1626 3609
1632 3685
1638 3742
1644 3683
1650 3672
1656 3710
1662 3572
1668 3478
1674 3641
1680 3666
1686 3760
1692 3714
1698 3651
1704 3497
1710 3495
1716 3469
1722 3668
1728 3717
1734 3674
1740 3699
1746 3562
1752 3604
1758 3636
1764 3639
1770 3737
1776 3689
1782 3562
1788 3630
1794 3494
1800 3626
1806 3714
1812 3709
1818 3747
1824 3735
1830 3760
1836 3684
1842 3680
1848 3592
1854 3674
1860 3664
1866 3557
1872 3563
1878 3450
1884 3736
1890 3682
1896 3432
1902 3526
1908 3526
1914 3646
1920 3672
1926 3620
1932 3557
1938 3553
1944 3579
1950 3662
1956 3701
1962 3709
1968 3386
1974 3337
1980 3667
1986 3546
1992 3601
1998 3612
2004 3715
2010 3612
2016 3694
2022 3705
2028 3615
2034 3562
2040 3677
2046 3698
2052 3656
2058 3585
2064 3626
2070 3618
2076 3701
2082 3648
2088 3717
2094 3684
2100 3634
2106 3612
2112 3612
2118 3648
2124 3765
2130 3767
2136 3744
2142 3704
2148 3667
2154 3668
2160 3570
2166 3675
2172 3525
2178 3495
2184 3332
2190 3663
2196 3659
2202 3665
2208 3698
2214 3604
2220 3720
2226 3668
2232 3557
2238 3525
2244 3569
2250 3453
2256 3457
2262 3610
2268 3715
2274 3731
2280 3651
2286 3740
2292 3746
2298 3694
2304 3685
2310 3719
2316 3652
2322 3672
2328 3619
2334 3760
2340 3666
2346 3713
2352 3156
2358 3750
2364 3594
2370 3479
2376 3661
2382 3338
2388 3438
2394 3459
2400 3290
2406 3478
2412 3328
2418 3494
2424 3681
2430 3581
2436 3114
2442 3525
2448 3572
2454 3390
2460 3296
2466 3594
2472 3742
2478 3620
2484 3679
2490 3605
2496 3725
2502 3760
2508 3542
2514 3661
2520 3578
2526 3583
2532 3649
2538 3664
2544 3704
2550 3643
2556 3714
2562 3714
2568 3760
2574 3619
2580 3536
2586 3463
2592 3619
2598 3546
2604 3338
2610 3384
2616 3683
2622 3683
2628 3604
2634 3717
2640 3738
2646 3692
2652 3738
2658 3631
2664 3690
2670 3638
2676 3668
2682 3738
2688 3675
2694 3558
2700 3633
2706 3633
2712 3620
2718 3536
2724 3726
2730 3617
2736 3606
2742 3605
2748 3578
2754 3557
2760 3704
2766 3675
2772 3668
2778 3682
2784 3578
2790 3563
2796 3572
2802 3609
2808 3545
2814 3762
2820 3738
2826 3738
2832 3738
2838 3731
2844 3726
2850 3651
2856 3610
2862 3696
2868 3669
2874 3684
2880 3760
2886 3761
2892 3761
2898 3763
2904 3740
2910 3712
2916 3760
2922 3672
2928 3746
2934 3651
2940 3478
2946 3181
2952 3572
2958 3699
2964 3647
2970 3648
2976 3654
2982 3532
2988 3637
2994 3704
3000 3751
3006 3645
3012 3584
3018 3570
3024 3550
3030 3302
3036 3291
3042 3359
3048 3240
3054 3620
3060 3066
3066 3155
3072 3505
3078 3620
3084 3621
3090 3751
3096 3760
3102 3688
3108 3572
3114 3265
3120 3666
3126 3198
3132 3219
3138 3349
3144 3489
3150 3654
3156 3549
3162 3669
3168 3444
3174 3384
3180 3674
3186 3528
3192 3688
3198 3714
3204 3760
3210 3726
3216 3681
3222 3654
3228 3708
3234 3516
3240 3605
3246 3663
3252 3622
3258 3564
3264 3659
3270 3692
3276 3631
3282 3648
3288 3599
3294 3708
3300 3650
3306 3649
3312 3546
3318 3560
3324 3683
3330 3467
3336 3599
3342 3384
3348 3531
3354 3479
3360 3585
3366 3595
3372 3742
3378 3654
3384 3668
3390 3663
3396 3588
3402 3672
3408 3562
3414 3468
3420 3489
3426 3613
3432 3628
3438 3521
3444 3651
3450 3511
3456 3574
3462 3700
3468 3696
3474 3714
3480 3654
3486 3612
3492 3612
3498 3696
3504 3740
3510 3760
3516 3759
3522 3681
3528 3714
3534 3653
3540 3673
3546 3612
3552 3548
3558 3595
3564 3607
3570 3358
3576 3740
3582 3656
3588 3668
3594 3693
3600 3766
3606 3654
3612 3512
3618 3479
3624 3296
3630 3665
3636 3631
3642 3690
3648 3716
3654 3713
3660 3572
3666 3648
3672 3734
3678 3687
3684 3666
3690 3666
3696 3672
3702 3776
3708 3745
3714 3740
3720 3640
3726 3572
3732 3500
3738 3343
3744 3531
3750 3616
3756 3619
3762 3219
3768 3434
3774 3384
3780 3149
3786 3290
3792 3478
3798 3545
3804 3519
3810 3515
3816 3359
3822 3239
3828 3384
3834 3666
3840 3479
3846 3447
3852 3605
3858 3579
3864 3495
3870 3638
3876 3648
3882 3760
3888 3500
3894 3510
3900 3510
3906 3651
3912 3550
3918 3714
3924 3622
3930 3660
3936 3760
3942 3760
3948 3651
3954 3588
3960 3572
3966 3525
3972 3572
3978 3567
3984 3666
3990 3478
3996 3740
4002 3625
4008 3588
4014 3632
4020 3738
4026 3678
4032 3674
4038 3696
4044 3673
4050 3668
4056 3663
4062 3679
4068 3737
4074 3633
4080 3496
4086 3511
4092 3598
4098 3692
4104 3675
4110 3675
4116 3599
4122 3622
4128 3603
4134 3696
4140 3615
4146 3704
4152 3578
4158 3619
4164 3531
4170 3730
4176 3748
4182 3738
4188 3738
4194 3738
4200 3738
4206 3724
4212 3738
4218 3716
4224 3651
4230 3617
4236 3675
4242 3645
4248 3683
4254 3699
4260 3712
4266 3772
4272 3751
4278 3737
4284 3731
4290 3750
4296 3704
4302 3572
4308 3750
4314 3337
4320 3619
4326 3494
4332 3478
4338 3519
4344 3459
4350 3599
4356 3486
4362 3635
4368 3633
4374 3633
4380 3646
4386 3761
4392 3626
4398 3549
4404 3585
4410 3575
4416 3254
4422 3494
4428 3525
4434 3543
4440 3517
4446 3602
4452 3432
4458 3563
4464 3374
4470 3525
4476 3669
4482 3727
4488 3762
4494 3688
4500 3572
4506 3040
4512 3431
4518 3337
4524 3479
4530 3599
4536 3597
4542 3612
4548 3601
4554 3580
4560 3735
4566 3454
4572 3535
4578 3604
4584 3760
4590 3693
4596 3770
4602 3694
4608 3718
4614 3573
4620 3528
4626 3616
4632 3599
4638 3593
4644 3696
4650 3664
4656 3667
4662 3696
4668 3681
4674 3667
4680 3619
4686 3743
4692 3661
4698 3620
4704 3510
4710 3636
4716 3557
4722 3443
4728 3696
4734 3612
4740 3621
4746 3695
4752 3617
4758 3764
4764 3760
4770 3646
4776 3521
4782 3561
4788 3657
4794 3657
4800 3631
4806 3597
4812 3681
4818 3660
4824 3738
4830 3693
4836 3760
4842 3661
4848 3156
4854 3244
4860 3547
4866 3391
4872 3277
4878 3557
4884 3668
4890 3633
4896 3638
4902 3605
4908 3688
4914 3576
4920 3587
4926 3351
4932 3331
4938 3527
4944 3307
4950 3492
4956 3196
4962 3337
4968 3177
4974 3370
4980 3298
4986 3611
4992 3690
4998 3720
5004 3573
5010 3591
5016 3449
5022 3517
5028 3654
5034 3548
5040 3620
5046 3673
5052 3675
5058 3738
5064 3738
5070 3754
5076 3155
5082 3759
5088 3569
5094 3384
5100 3198
5106 3290
5112 3409
5118 3413
5124 3603
5130 3619
5136 3611
5142 3577
5148 3605
5154 3659
5160 3659
5166 3696
5172 3674
5178 3760
5184 3672
5190 3689
5196 3697
5202 3687
5208 3708
5214 3605
5220 3675
5226 3624
5232 3562
5238 3595
5244 3716
5250 3689
5256 3764
5262 3379
5268 3421
5274 3625
5280 3689
5286 3578
5292 3652
5298 3688
5304 3661
5310 3400
5316 3549
5322 3580
5328 3678
5334 3583
5340 3680
5346 3687
5352 3755
5358 3760
5364 3760
5370 3794
5376 3717
5382 3685
5388 3659
5394 3561
5400 3599
5406 3338
5412 3244
5418 3384
5424 3196
5430 3689
5436 3738
5442 3724
5448 3756
5454 3760
5460 3761
5466 3760
5472 3572
5478 3594
5484 3619
5490 3713
5496 3689
5502 3717
5508 3671
5514 3648
5520 3563
5526 3604
5532 3701
5538 3500
5544 3678
5550 3567
5556 3575
5562 3568
5568 3626
5574 3724
5580 3695
5586 3659
5592 3603
5598 3716
5604 3760
5610 3766
5616 3760
5622 3760
5628 3729
5634 3723
5640 3730
5646 3702
5652 3628
5658 3700
5664 3666
5670 3662
5676 3291
5682 3525
5688 3575
5694 3464
5700 3720
5706 3528
5712 3560
5718 3602
5724 3512
5730 3325
5736 3219
5742 3286
5748 3114
5754 3505
5760 3753
5766 3738
5772 3726
5778 3760
5784 3694
5790 3693
5796 3695
5802 3616
5808 3757
5814 3504
5820 3680
5826 3658
5832 3692
5838 3344
5844 3301
5850 3432
5856 3604
5862 3442
5868 3482
5874 3547
5880 3696
5886 3606
5892 3738
5898 3755
5904 3760
5910 3674
5916 3654
5922 3687
5928 3703
5934 3667
5940 3696
5946 3727
5952 3694
5958 3770
5964 3323
5970 3254
5976 3604
5982 3536
5988 3680
5994 3654
6000 3755
6006 3646
6012 3694
6018 3506
6024 3431
6030 3682
6036 3588
6042 3660
6048 3570
6054 3725
6060 3716
6066 3672
6072 3651
6078 3586
6084 3698
6090 3683
6096 3648
6102 3673
6108 3646
6114 3703
6120 3542
6126 3572
6132 3508
6138 3608
6144 3531
6150 3689
6156 3668
6162 3337
6168 3412
6174 3572
6180 3253
6186 3629
6192 3702
6198 3546
6204 3631
6210 3556
6216 3615
6222 3675
6228 3708
6234 3734
6240 3709
6246 3622
6252 3680
6258 3699
6264 3562
6270 3609
6276 3630
6282 3478
6288 3547
6294 3594
6300 3696
6306 3673
6312 3692
6318 3704
6324 3736
6330 3661
6336 3688
6342 3500
6348 3599
6354 3561
6360 3626
6366 3542
6372 3572
6378 3635
6384 3704
6390 3572
6396 3636
6402 3602
6408 3587
6414 3717
6420 3702
6426 3750
6432 3701
6438 3738
6444 3714
6450 3651
6456 3657
6462 3595
6468 3484
6474 3626
6480 3666
6486 3675
6492 3745
6498 3642
6504 3689
6510 3712
6516 3681
6522 3695
6528 3620
6534 3604
6540 3720
6546 3359
6552 3699
6558 3572
6564 3082
6570 3072
6576 3547
6582 3709
6588 3290
6594 3323
6600 3701
6606 3653
6612 3747
6618 3720
6624 3720
6630 3702
6636 3696
6642 3738
6648 3682
6654 3507
6660 3559
6666 3579
6672 3655
6678 3534
6684 3584
6690 3650
6696 3654
6702 3658
6708 3675
6714 3725
6720 3344
6726 3485
6732 3469
6738 3572
6744 3578
6750 3385
6756 3432
6762 3583
6768 3699
6774 3641
6780 3702
6786 3725
6792 3730
6798 3753
6804 3510
6810 3678
6816 3683
6822 3532
6828 3679
6834 3500
6840 3562
6846 3314
6852 3527
6858 3627
6864 3505
6870 3646
6876 3725
6882 3662
6888 3632
6894 3687
6900 3760
6906 3641
6912 3625
6918 3578
6924 3526
6930 3384
6936 3254
6942 3500
6948 3519
6954 3736
6960 3684
6966 3706
6972 3725
6978 3676
6984 3710
6990 3594
6996 3572
7002 3750
7008 3760
7014 3760
7020 3713
7026 3478
7032 3630
7038 3579
7044 3648
7050 3679
7056 3675
7062 3682
7068 3738
7074 3696
7080 3738
7086 3733
7092 3642
7098 3290
7104 3176
7110 3191
7116 3277
7122 3374
7128 3505
7134 3525
7140 3196
7146 3331
7152 3554
7158 3579
7164 3669
7170 3657
7176 3561
7182 3689
7188 3598
7194 3668
7200 3689
7206 3696
7212 3675
7218 3669
7224 3699
7230 3658
7236 3608
7242 3573
7248 3557
7254 3531
7260 3614
7266 3622
7272 3751
7278 3760
7284 3657
7290 3760
7296 3583
7302 3515
7308 3536
7314 3619
7320 3375
7326 3452
7332 3771
7338 3713
7344 3468
7350 3443
7356 3638
7362 3406
7368 3244
7374 3572
7380 3468
7386 3520
7392 3614
7398 3760
7404 3666
7410 3364
7416 3318
7422 3542
7428 3599
7434 3625
7440 3576
7446 3675
7452 3668
7458 3667
7464 3577
7470 3694
7476 3666
7482 3687
7488 3672
7494 3666
7500 3651
7506 3337
7512 3403
7518 3614
7524 3605
7530 3712
7536 3722
7542 3630
7548 3721
7554 3526
7560 3668
7566 3573
7572 3619
7578 3396
7584 3712
7590 3732
7596 3599
7602 3636
7608 3542
7614 3636
7620 3690
7626 3647
7632 3619
7638 3618
7644 3528
7650 3695
7656 3572
7662 3500
7668 3364
7674 3495
7680 3651
7686 3619
7692 3579
7698 3692
7704 3673
7710 3738
7716 3672
7722 3604
7728 3740
7734 3678
7740 3663
7746 3738
7752 3633
7758 3605
7764 3696
7770 3673
7776 3620
7782 3646
7788 3654
7794 3738
7800 3722
7806 3675
7812 3635
7818 3632
7824 3570
7830 3612
7836 3636
7842 3491
7848 3673
7854 3478
7860 3589
7866 3620
7872 3745
7878 3689
7884 3697
7890 3197
7896 3359
7902 3219
7908 3427
7914 3196
7920 3396
7926 3479
7932 3672
7938 3533
7944 3575
7950 3654
7956 3601
7962 3606
7968 3641
7974 3572
7980 3525
7986 3219
7992 3345
7998 3525
8004 3390
8010 3203
8016 3396
8022 3536
8028 3693
8034 3711
8040 3626
8046 3579
8052 3536
8058 3581
8064 3510
8070 3583
8076 3579
8082 3745
8088 3719
8094 3636
8100 3196
8106 3666
8112 3684
8118 3738
8124 3533
8130 3586
8136 3494
8142 3622
8148 3600
8154 3494
8160 3574
8166 3747
8172 3525
8178 3604
8184 3557
8190 3359
8196 3761
8202 3619
8208 3666
8214 3588
8220 3655
8226 3494
8232 3597
8238 3552
8244 3578
8250 3557
8256 3558
8262 3549
8268 3700
8274 3662
8280 3708
8286 3578
8292 3646
8298 3605
8304 3595
8310 3646
8316 3637
8322 3697
8328 3642
8334 3657
8340 3681
8346 3717
8352 3678
8358 3760
8364 3665
8370 3540
8376 3633
8382 3265
8388 3337
8394 3337
8400 3525
8406 3677
8412 3484
8418 3777
8424 3672
8430 3619
8436 3478
8442 3714
8448 3760
8454 3630
8460 3705
8466 3633
8472 3627
8478 3626
8484 3545
8490 3376
8496 3427
8502 3469
8508 3223
8514 3354
8520 3667
8526 3637
8532 3384
8538 3385
8544 3405
8550 3713
8556 3735
8562 3781
8568 3254
8574 3275
8580 3239
8586 3557
8592 3431
8598 3557
8604 3694
8610 3385
8616 3673
8622 3459
8628 3616
8634 3707
8640 3573
8646 3615
8652 3510
8658 3438
8664 3568
8670 3679
8676 3721
8682 3647
8688 3710
8694 3711
8700 3696
8706 3738
8712 3755
8718 3761
8724 3683
8730 3730
8736 3603
8742 3706
8748 3705
8754 3704
8760 3694
8766 3563
8772 3516
8778 3623
8784 3630
8790 3619
8796 3619
8802 3670
8808 3690
8814 3696
8820 3678
8826 3701
8832 3572
8838 3668
8844 3657
8850 3672
8856 3682
8862 3688
8868 3661
8874 3672
8880 3672
8886 3512
8892 3587
8898 3631
8904 3760
8910 3672
8916 3672
8922 3651
8928 3657
8934 3581
8940 3635
8946 3635
8952 3706
8958 3675
8964 3494
8970 3562
8976 3619
8982 3646
8988 3737
8994 3749
9000 3708
9006 3746
9012 3733
9018 3654
9024 3696
9030 3668
9036 3680
9042 3572
9048 3577
9054 3640
9060 3709
9066 3694
9072 3332
9078 3572
9084 3463
9090 3760
9096 3709
9102 3709
9108 3667
9114 3626
9120 3479
9126 3542
9132 3638
9138 3620
9144 3411
9150 3681
9156 3317
9162 3271
9168 3521
9174 3386
9180 3486
9186 3690
9192 3719
9198 3688
9204 3698
9210 3695
9216 3699
9222 3666
9228 3594
9234 3505
9240 3578
9246 3615
9252 3507
9258 3584
9264 3557
9270 3652
9276 3600
9282 3625
9288 3679
9294 3699
9300 3648
9306 3620
9312 3670
9318 3633
9324 3679
9330 3760
9336 3761
9342 3734
9348 3755
9354 3667
9360 3618
9366 3591
9372 3608
9378 3547
9384 3548
9390 3626
9396 3417
9402 3496
9408 3715
9414 3622
9420 3673
9426 3588
9432 3760
9438 3690
9444 3564
9450 3547
9456 3633
9462 3507
9468 3596
9474 3549
9480 3699
9486 3630
9492 3708
9498 3606
9504 3577
9510 3746
9516 3666
9522 3672
9528 3714
9534 3740
9540 3699
9546 3687
9552 3672
9558 3572
9564 3265
9570 3552
9576 3525
9582 3672
9588 3290
9594 3490
9600 3408
9606 3608
9612 3219
9618 3546
9624 3290
9630 3589
9636 3557
9642 3549
9648 3595
9654 3478
9660 3641
9666 3516
9672 3572
9678 3296
9684 3510
9690 3572
9696 3627
9702 3635
9708 3549
9714 3671
9720 3761
9726 3625
9732 3688
9738 3641
9744 3489
9750 3725
9756 3726
9762 3706
9768 3630
9774 3760
9780 3735
9786 3760
9792 3647
9798 3542
9804 3599
9810 3521
9816 3536
9822 3385
9828 3478
9834 3736
9840 3628
9846 3583
9852 3738
9858 3668
9864 3679
9870 3715
9876 3654
9882 3612
9888 3692
9894 3719
9900 3696
9906 3511
9912 3690
9918 3535
9924 3610
9930 3688
9936 3652
9942 3675
9948 3591
9954 3528
9960 3631
9966 3636
9972 3697
9978 3696
9984 3682
9990 3647
9996 3646
