0 33887
6 30210.5
12 22236
18 21728.5
24 25416
30 24849.5
36 16809.5
42 24544.5
48 20944.5
54 28674.5
60 14741
66 14682
72 24513
78 20362
84 16010.5
90 25562.5
96 17322.5
102 11005.5
108 23729.5
114 17225.5
120 13836
126 11151
132 14223.5
138 14331.5
144 9477
150 14781
156 17797
162 13739.5
168 13164.5
174 10090
180 15089
186 7923.5
192 22412
198 25345
204 23244
210 15397.5
216 20411.5
222 19547
228 17932.5
234 13123.5
240 11462.5
246 10692.5
252 14723
258 19136.5
264 9904
270 21195.5
276 28489.5
282 27202
288 9130
294 23563.5
300 17436.5
306 23091.5
312 22117.5
318 18553.5
324 19525
330 24881
336 18600.5
342 14087.5
348 16301
354 20405
360 21428
366 15697
372 13765.5
378 12740.5
384 21745.5
390 16847.5
396 25076.5
402 19787.5
408 17741.5
414 16479.5
420 13980
426 19811.5
432 13110
438 11028.5
444 14296.5
450 16322.5
456 13872
462 14872
468 15277.5
474 9236
480 10737
486 10760
492 11320
498 11434.5
504 16401.5
510 11194.5
516 20395
522 21141
528 26583
534 30229.5
540 23837
546 30373.5
552 36529
558 25172.5
564 19246
570 23794.5
576 15754
582 25308
588 14681.5
594 17108
600 19463.5
606 8701
612 8952.5
618 9442.5
624 9515.5
630 17291.5
636 9070.5
642 17459.5
648 17348.5
654 18995.5
660 24184
666 23554.5
672 24629
678 15942
684 18780.5
690 13090.5
696 17981
702 31449
708 15710
714 29894
720 26655
726 28997.5
732 18350.5
738 21158
744 22262.5
750 17091.5
756 14120
762 23604
768 16068.5
774 21312
780 14527
786 19487.5
792 9878.5
798 25008.5
804 17566.5
810 22033.5
816 16558.5
822 14528
828 24819
834 13520
840 22189.5
846 10697.5
852 14584.5
858 25654
864 18007.5
870 19741
876 15873.5
882 13904
888 23188
894 18134.5
900 16053
906 20562
912 8404.5
918 18103
924 25146
930 10288.5
936 14466.5
942 11790
948 16048
954 12741
960 9815
966 15044
972 11841.5
978 16395
984 14164
990 18638
996 16932
1002 18121.5
1008 14681
1014 15545
1020 15822.5
1026 15431.5
1032 15045.5
1038 15461
1044 17229
1050 15378
1056 18804
1062 14342.5
1068 15655.5
1074 16981.5
1080 15142
1086 10811
1092 8626.5
1098 16924.5
1104 16574
1110 18251
1116 12609
1122 31535.5
1128 18924.5
1134 21218
1140 19402.5
1146 28794.5
1152 31577
1158 18224
1164 23476.5
1170 17926.5
1176 15133
1182 13207
1188 14590
1194 8215.5
1200 18613.5
1206 15741.5
1212 17291
1218 13465.5
1224 16419.5
1230 17377
1236 15150.5
1242 18146
1248 15467.5
1254 16300
1260 12791.5
1266 16284.5
1272 14757.5
1278 22032
1284 16371
1290 19639.5
1296 21827.5
1302 10077.5
1308 19571.5
1314 26554.5
1320 23010
1326 25047.5
1332 11588.5
1338 15026.5
1344 13196.5
1350 17074.5
1356 19251.5
1362 14441.5
1368 18313.5
1374 18668.5
1380 13032.5
1386 21345
1392 21556
1398 23293
1404 18119
1410 11327.5
1416 14568
1422 17442
1428 26904.5
1434 17027
1440 23190
1446 26100.5
1452 12210
1458 26239
1464 28214.5
1470 12667.5
1476 24667
1482 28124.5
1488 15284.5
1494 20266
1500 29578.5
1506 20804
1512 24951.5
1518 21487
1524 24955
1530 25886
1536 24259.5
1542 18824.5
1548 10936
1554 11269
1560 25159
1566 21631.5
1572 12783.5
1578 26870
1584 18935.5
1590 21071.5
1596 17148.5
1602 11241
1608 19615
1614 15425.5
1620 14343.5
1626 18359
1632 31576
1638 19408.5
1644 16117
1650 26454.5
1656 9228.5
1662 10329.5
1668 18407.5
1674 8128
1680 16481.5
1686 15683.5
1692 18330
1698 20281.5
1704 17566
1710 15187
1716 13116.5
1722 21359.5
1728 20915.5
1734 19319.5
1740 15774
1746 14277.5
1752 17119.5
1758 9414.5
1764 25083
1770 5428.5
1776 14796.5
1782 13249.5
1788 11361
1794 15823
1800 13051
1806 13580
1812 12902.5
1818 11906
1824 10670
1830 16983.5
1836 10802.5
1842 18318.5
1848 18156
1854 15602
1860 26220.5
1866 18166
1872 17421.5
1878 23239.5
1884 17762
1890 22753.5
1896 16405.5
1902 14043
1908 11964.5
1914 16177
1920 31974.5
1926 25035.5
1932 17540
1938 14130
1944 14008.5
1950 17132.5
1956 15958
1962 17398
1968 10953.5
1974 14691.5
1980 22682.5
1986 18764
1992 12415
1998 20917.5
2004 25267.5
2010 16392
2016 26166.5
2022 25360
2028 16957.5
2034 24805.5
2040 27162.5
2046 30260
2052 26057.5
2058 22973
2064 19008
2070 21805
2076 9121.5
2082 24372.5
2088 16671
2094 18352
2100 15360.5
2106 17573
2112 19918
2118 22834.5
2124 24324.5
2130 11417.5
2136 16542
2142 16316.5
2148 18698.5
2154 9836.5
2160 11262.5
2166 22604.5
2172 15830.5
2178 26423
2184 22794
2190 20034.5
2196 26665
2202 19328
2208 21795.5
2214 24241
2220 25031
2226 26606
2232 17897.5
2238 22524.5
2244 17742
2250 18913.5
2256 15200
2262 12632.5
2268 15213.5
2274 19544.5
2280 16061.5
2286 15377.5
2292 15851.5
2298 12158.5
2304 16957
2310 18166
2316 12833
2322 9485
2328 16357.5
2334 13968.5
2340 13078
2346 10929.5
2352 20421.5
2358 15636.5
2364 15218
2370 14479.5
2376 27125
2382 15987
2388 10097.5
2394 17335
2400 19938.5
2406 26995
2412 18182
2418 26561
2424 20234
2430 17700
2436 20630
2442 24425.5
2448 19683
2454 24507.5
2460 16110
2466 22347.5
2472 13625
2478 26153.5
2484 12769
2490 19048.5
2496 18636
2502 18054.5
2508 6914
2514 20716
2520 15435
2526 15358
2532 17472.5
2538 16440.5
2544 14518
2550 15810.5
2556 14760.5
2562 13341.5
2568 10383.5
2574 18780.5
2580 12002.5
2586 19344.5
2592 17423
2598 15448
2604 14201.5
2610 21675.5
2616 11726.5
2622 6827
2628 16552
2634 9731.5
2640 13207.5
2646 13143
2652 17406.5
2658 18353
2664 17394
2670 10857
2676 13088
2682 17451
2688 15472.5
2694 14877
2700 11075.5
2706 21728
2712 15887.5
2718 21504
2724 19059
2730 33293.5
2736 21576.5
2742 16789.5
2748 19927
2754 12630.5
2760 13849.5
2766 13508.5
2772 13822
2778 14486
2784 15452.5
2790 19728
2796 17772.5
2802 18719
2808 9457
2814 16638
2820 10119
2826 23214.5
2832 18859.5
2838 19517
2844 17237
2850 15202
2856 22173
2862 8427
2868 17463.5
2874 31489
2880 16981.5
2886 17479.5
2892 17006.5
2898 17649.5
2904 15745
2910 18879
2916 22322
2922 22108.5
2928 22429.5
2934 19776
2940 14099.5
2946 13714
2952 15338.5
2958 12992.5
2964 25588.5
2970 19816
2976 16139
2982 14649
2988 22714
2994 12087.5
3000 26430
3006 24171.5
3012 22571.5
3018 20816
3024 16617.5
3030 24123.5
3036 30297.5
3042 16781
3048 26260
3054 18992.5
3060 10450
3066 8414.5
3072 20549.5
3078 14682.5
3084 13116.5
3090 10077
3096 14485.5
3102 22751
3108 17352
3114 15043.5
3120 16945
3126 15736.5
3132 23717
3138 21360
3144 33213.5
3150 13875
3156 14883
3162 16181
3168 20353
3174 10234
3180 21858
3186 24163.5
3192 13249.5
3198 17028.5
3204 23374.5
3210 15811.5
3216 10447
3222 21339.5
3228 12185
3234 24638.5
3240 17482
3246 21130.5
3252 14155
3258 10429.5
3264 14768.5
3270 20106.5
3276 12156.5
3282 13541.5
3288 19090
3294 11409.5
3300 16985.5
3306 22096
3312 18248
3318 10619.5
3324 19390
3330 23137.5
3336 21430
3342 12768.5
3348 20068
3354 25064
3360 9695.5
3366 18424
3372 18542
3378 17046
3384 9747
3390 9649
3396 20280.5
3402 13713
3408 10533.5
3414 11433.5
3420 20519
3426 11461
3432 15967.5
3438 17778.5
3444 9893
3450 20297.5
3456 13018.5
3462 16765.5
3468 8806.5
3474 11952
3480 29339
3486 12321
3492 23814.5
3498 22147.5
3504 6151
3510 19013.5
3516 15488
3522 19463
3528 21325.5
3534 10072.5
3540 17067
3546 12559
3552 16468
3558 15330
3564 13716
3570 13721
3576 19155
3582 25776.5
3588 16532
3594 17629.5
3600 17215
3606 10371.5
3612 13696.5
3618 18031
3624 21788
3630 18168
3636 28325
3642 21435.5
3648 25733
3654 24187
3660 27121.5
3666 20899.5
3672 25542
3678 19644.5
3684 17350
3690 23407.5
3696 17295.5
3702 15754.5
3708 19501
3714 28921
3720 18951
3726 17182
3732 20782.5
3738 20594.5
3744 22361.5
3750 27693
3756 22235
3762 21966.5
3768 15567.5
3774 20431
3780 23205
3786 22929.5
3792 22674
3798 15854.5
3804 28596
3810 9688.5
3816 14099
3822 10414
3828 8935.5
3834 15102.5
3840 10370.5
3846 15894.5
3852 12629.5
3858 10588
3864 15946
3870 11484.5
3876 16278.5
3882 21011
3888 18879.5
3894 18152.5
3900 13903.5
3906 18326.5
3912 18606.5
3918 15954
3924 17106.5
3930 22051
3936 22017
3942 15426
3948 19291.5
3954 24535.5
3960 21303
3966 29012.5
3972 27337
3978 19245
3984 26784.5
3990 23670.5
3996 26677.5
4002 10354
4008 26008.5
4014 31074
4020 15675
4026 32012
4032 19557.5
4038 13316
4044 16928.5
4050 14087
4056 14338
4062 13085.5
4068 18397
4074 12195
4080 13655.5
4086 18170
4092 14558.5
4098 20700
4104 18396
4110 13510
4116 15215.5
4122 25333.5
4128 14683.5
4134 20027
4140 24935.5
4146 15448
4152 15444
4158 17753
4164 15196.5
4170 22499.5
4176 18354
4182 20177
4188 17084
4194 9445.5
4200 16999.5
4206 25064
4212 12015.5
4218 13155
4224 12885
4230 20018.5
4236 15686
4242 9659.5
4248 17846.5
4254 9293
4260 13165.5
4266 18436.5
4272 7558
4278 15867
4284 14633
4290 13925.5
4296 22215.5
4302 17097
4308 19587
4314 20020
4320 17295.5
4326 12042
4332 13149
4338 21096.5
4344 24733.5
4350 22212
4356 25284.5
4362 28388.5
4368 19594.5
4374 18048.5
4380 20383
4386 25911
4392 20554
4398 27597
4404 16839.5
4410 11915.5
4416 16282.5
4422 18560.5
4428 13190
4434 25168.5
4440 16861
4446 10695
4452 17928
4458 11121.5
4464 18491
4470 15406
4476 14610.5
4482 21653
4488 25270.5
4494 25854.5
4500 22401.5
4506 20353.5
4512 15686.5
4518 14816
4524 10419.5
4530 26790.5
4536 19849
4542 16673.5
4548 15881.5
4554 19331
4560 14467.5
4566 23787
4572 22126
4578 13327
4584 14698.5
4590 21144
4596 13540.5
4602 16579
4608 14805.5
4614 22835
4620 19859.5
4626 14977.5
4632 20549.5
4638 21614.5
4644 15793
4650 15973
4656 7090
4662 20039
4668 22892
4674 21695.5
4680 14309
4686 14748
4692 18649.5
4698 12468.5
4704 19937
4710 17212
4716 9005
4722 16092.5
4728 21850.5
4734 22100
4740 27553
4746 25270
4752 8499
4758 19886
4764 18936.5
4770 19798
4776 28163.5
4782 16280.5
4788 14191.5
4794 12634
4800 15324
4806 18733.5
4812 23120.5
4818 20115.5
4824 16982
4830 21931
4836 22645
4842 21385.5
4848 12531.5
4854 19289.5
4860 32007
4866 18661
4872 29467
4878 13037
4884 22755.5
4890 18737
4896 24025.5
4902 16368
4908 17813.5
4914 30482.5
4920 15604
4926 15830.5
4932 13285.5
4938 16846
4944 16912.5
4950 12561
4956 13827
4962 20241
4968 17311.5
4974 12760.5
4980 16517
4986 13953.5
4992 13860.5
4998 21264.5
5004 12257.5
5010 15801.5
5016 20208
5022 19030
5028 20916
5034 19591
5040 20056
5046 27654
5052 14818.5
5058 30029.5
5064 21287
5070 12392.5
5076 11065.5
5082 10751
5088 14339
5094 15460
5100 13158
5106 14658.5
5112 11962
5118 14580.5
5124 12349.5
5130 14812
5136 23819
5142 13317
5148 13871
5154 15267
5160 26016.5
5166 28429
5172 16383
5178 28855
5184 15091.5
5190 19893
5196 21962.5
5202 18267.5
5208 21575
5214 15583
5220 25007.5
5226 27402.5
5232 8322.5
5238 15132.5
5244 22907
5250 17542
5256 25975
5262 7413
5268 27924.5
5274 13401.5
5280 30600
5286 15597
5292 17265
5298 29307
5304 11516
5310 17819.5
5316 15818
5322 17450.5
5328 14626
5334 12814.5
5340 15331.5
5346 14435.5
5352 21486
5358 18578.5
5364 19246.5
5370 21980.5
5376 29060.5
5382 23057.5
5388 24938.5
5394 18890.5
5400 20695.5
5406 22339.5
5412 19918
5418 19532.5
5424 21910
5430 13676
5436 18571.5
5442 8837.5
5448 13072
5454 20967
5460 20869.5
5466 11119.5
5472 13254
5478 19261.5
5484 10736
5490 8192.5
5496 30384
5502 24986.5
5508 27767
5514 16852
5520 8657.5
5526 22582.5
5532 18638
5538 19024.5
5544 15273
5550 16320.5
5556 15870.5
5562 25246
5568 20210.5
5574 25697.5
5580 12419.5
5586 23369.5
5592 17230.5
5598 22077
5604 27582
5610 11203
5616 6911
5622 17165.5
5628 15914
5634 25861.5
5640 17060.5
5646 12612
5652 18679
5658 21338
5664 16548
5670 23778.5
5676 19479.5
5682 9999
5688 15106
5694 16940.5
5700 15741.5
5706 27331
5712 18354.5
5718 18870.5
5724 15757.5
5730 17051.5
5736 24231.5
5742 21934.5
5748 21990
5754 24702.5
5760 11546.5
5766 13443.5
5772 7417.5
5778 12167.5
5784 10711
5790 13967
5796 7840.5
5802 9555
5808 12585
5814 8100.5
5820 12410.5
5826 9367.5
5832 11467
5838 9363.5
5844 17291
5850 10060.5
5856 11576
5862 9480.5
5868 10937
5874 9780.5
5880 11414.5
5886 10097
5892 19042
5898 20372.5
5904 19263.5
5910 23994.5
5916 16467.5
5922 27432
5928 27283.5
5934 24584
5940 24215.5
5946 20586.5
5952 11489.5
5958 15999.5
5964 12115
5970 29231
5976 15674
5982 21785
5988 11987
5994 19023
6000 9801.5
6006 30358.5
6012 14788
6018 17203.5
6024 23792
6030 16879
6036 19650
6042 20857.5
6048 20926.5
6054 20302.5
6060 14104.5
6066 13576
6072 25047
6078 18467
6084 17044.5
6090 21186
6096 30485.5
6102 24123.5
6108 24570.5
6114 19240.5
6120 21036
6126 17320
6132 14771
6138 22846
6144 23758
6150 19802.5
6156 28993
6162 17099.5
6168 20660.5
6174 16067.5
6180 18069
6186 13953
6192 22326
6198 20898
6204 18331
6210 32079.5
6216 27074.5
6222 16385
6228 13580.5
6234 20747.5
6240 15676.5
6246 16719.5
6252 22862.5
6258 15730
6264 18496
6270 8211
6276 29638
6282 14300.5
6288 14111.5
6294 22266.5
6300 16155
6306 23246.5
6312 10565.5
6318 13091
6324 16411
6330 14784
6336 13593.5
6342 10066.5
6348 16207.5
6354 13675
6360 20495.5
6366 17374.5
6372 23454
6378 19975
6384 21279
6390 14273.5
6396 16147
6402 16266
6408 10728
6414 13844.5
6420 14916
6426 16059.5
6432 10682
6438 8842.5
6444 15566
6450 13182
6456 15847
6462 24380.5
6468 12829.5
6474 18023
6480 16232.5
6486 15281
6492 11341.5
6498 12350.5
6504 13643.5
6510 8591
6516 9485.5
6522 11503
6528 16883.5
6534 18825
6540 26059.5
6546 15278
6552 16435
6558 21519
6564 15823.5
6570 12130
6576 12859
6582 17213.5
6588 21874.5
6594 28198.5
6600 13922
6606 19345.5
6612 20627
6618 11968
6624 33084
6630 17692.5
6636 14492.5
6642 18444
6648 20530.5
6654 10675
6660 11885
6666 10644.5
6672 10892
6678 20156
6684 20711.5
6690 16941
6696 23604.5
6702 13048.5
6708 16610
6714 13535
6720 8726
6726 14365.5
6732 13435
6738 9982.5
6744 20918
6750 18873.5
6756 10141.5
6762 15338.5
6768 16487.5
6774 22091
6780 23411
6786 21441
6792 29499
6798 15168
6804 23279
6810 20173
6816 27319
6822 28349.5
6828 27235.5
6834 13338.5
6840 16773
6846 22773.5
6852 14056
6858 28625
6864 18684.5
6870 14176.5
6876 25517.5
6882 17992.5
6888 16697.5
6894 13290.5
6900 14215.5
6906 26882.5
6912 13869
6918 13411
6924 17157
6930 14317
6936 16019.5
6942 14696
6948 11453.5
6954 18016.5
6960 23629.5
6966 9889.5
6972 11451.5
6978 12606
6984 23648
6990 17264
6996 9268
7002 12096
7008 19338
7014 17310.5
7020 16587.5
7026 10318
7032 11855.5
7038 17691.5
7044 24320.5
7050 20258.5
7056 12666.5
7062 20216.5
7068 16202.5
7074 14343
7080 13512.5
7086 13563
7092 9534.5
7098 14397.5
7104 18800
7110 17449
7116 12921
7122 14340
7128 22503.5
7134 14170
7140 16319.5
7146 11892.5
7152 18356.5
7158 16774.5
7164 20952
7170 15415.5
7176 19250.5
7182 11203
7188 14709.5
7194 11472
7200 23079.5
7206 21103
7212 23753.5
7218 24260
7224 14329
7230 15835.5
7236 9333.5
7242 16481.5
7248 25326.5
7254 23217
7260 24889.5
7266 21520.5
7272 19921.5
7278 16258.5
7284 11086.5
7290 16124
7296 21094.5
7302 14317
7308 22784
7314 19830
7320 17004.5
7326 18086
7332 22176.5
7338 15522
7344 17455
7350 18365
7356 18248.5
7362 19914
7368 14689
7374 18392.5
7380 13811.5
7386 17786
7392 28320.5
7398 16723.5
7404 27140
7410 27863
7416 18239
7422 16951
7428 13680
7434 10099.5
7440 15929
7446 18888.5
7452 11947
7458 22011
7464 15629.5
7470 27358.5
7476 24074.5
7482 20968.5
7488 18778
7494 19211
7500 19932
7506 21853
7512 12146.5
7518 13803.5
7524 12273
7530 15933
7536 16065
7542 19234.5
7548 10706.5
7554 15256.5
7560 11055
7566 8143.5
7572 19324.5
7578 25520
7584 20451.5
7590 23799.5
7596 26900.5
7602 32893
7608 31272
7614 11875.5
7620 15603.5
7626 19333.5
7632 18470
7638 16756
7644 16401
7650 19126
7656 18437.5
7662 16471
7668 20132.5
7674 17103
7680 15539
7686 14474.5
7692 16967.5
7698 20577.5
7704 16253
7710 14776.5
7716 18392
7722 19678.5
7728 19524
7734 17250.5
7740 17485.5
7746 16365.5
7752 12361.5
7758 16808.5
7764 16162
7770 12444
7776 14364.5
7782 14980.5
7788 13646.5
7794 15635.5
7800 18490
7806 16698.5
7812 23293
7818 19160
7824 19756.5
7830 24486.5
7836 36462.5
7842 26155.5
7848 24622.5
7854 15679.5
7860 14027.5
7866 18564.5
7872 24411.5
7878 10304
7884 19668.5
7890 20758
7896 17530
7902 19897.5
7908 7394
7914 18302
7920 10529.5
7926 13421.5
7932 23724.5
7938 24062
7944 16330
7950 20648.5
7956 11063.5
7962 22290.5
7968 28092.5
7974 16785.5
7980 19053.5
7986 29734.5
7992 24413
7998 20270.5
8004 28242.5
8010 16259.5
8016 11507.5
8022 16520
8028 24944.5
8034 21288.5
8040 13256
8046 18091
8052 18310.5
8058 30491
8064 19701
8070 19654
8076 31577
8082 24805.5
8088 12214.5
8094 10305
8100 21811
8106 13519.5
8112 8178.5
8118 12774
8124 27141
8130 11973.5
8136 15128
8142 13990.5
8148 20905
8154 14998.5
8160 10369.5
8166 16686
8172 13180
8178 14766
8184 22477.5
8190 23501.5
8196 22269.5
8202 14255
8208 19161
8214 13774
8220 12428.5
8226 10721.5
8232 13990
8238 18801
8244 20909.5
8250 12982.5
8256 31762
8262 24747
8268 17546.5
8274 26291
8280 10786
8286 28288
8292 19374
8298 11620
8304 12852.5
8310 7662
8316 16322.5
8322 17065.5
8328 9967
8334 14932
8340 12905
8346 10853
8352 15683.5
8358 17024.5
8364 21875
8370 13004.5
8376 17178.5
8382 23078
8388 18246.5
8394 9497.5
8400 15172
8406 20721
8412 23791
8418 24790.5
8424 18262.5
8430 21063.5
8436 15626.5
8442 17453.5
8448 18342
8454 14658
8460 16860.5
8466 23385.5
8472 17449
8478 33605
8484 19881.5
8490 25571.5
8496 14671
8502 15353.5
8508 24900.5
8514 10302.5
8520 10451
8526 16706.5
8532 15163.5
8538 21146
8544 20516
8550 22112
8556 12607.5
8562 8918
8568 13849.5
8574 19787
8580 23581
8586 7155.5
8592 10073.5
8598 17531
8604 12867
8610 18009
8616 21162.5
8622 18431
8628 15104.5
8634 16344.5
8640 16231
8646 11951.5
8652 11422
8658 17113
8664 22022.5
8670 24941.5
8676 22740.5
8682 17160.5
8688 9350
8694 19380.5
8700 12781
8706 17527.5
8712 17574
8718 11213
8724 15988.5
8730 12654
8736 14622
8742 12820
8748 19348.5
8754 17759
8760 16193
8766 24333
8772 11085.5
8778 12808
8784 8051.5
8790 10004.5
8796 14411
8802 11500
8808 12007.5
8814 14186
8820 14433
8826 12919.5
8832 17150
8838 13806.5
8844 13002
8850 14816
8856 27105
8862 21593
8868 23982
8874 22589.5
8880 25810
8886 16616.5
8892 15618
8898 22929
8904 25302.5
8910 17084
8916 18765.5
8922 14131
8928 11354
8934 21849.5
8940 13560.5
8946 17599
8952 10912.5
8958 16941.5
8964 16923.5
8970 16509
8976 14251
8982 18565.5
8988 20263
8994 30112.5
9000 22982.5
9006 23595.5
9012 17147
9018 16483.5
9024 16160.5
9030 15786
9036 20452
9042 18392.5
9048 21953.5
9054 15725.5
9060 13334.5
9066 16199.5
9072 18262.5
9078 18540
9084 18138.5
9090 16607.5
9096 12834.5
9102 22087
9108 16553.5
9114 11607
9120 12359.5
9126 13157.5
9132 12965
9138 21424
9144 14719.5
9150 17130
9156 23382
9162 19491
9168 11278.5
9174 19092.5
9180 9827
9186 12755
9192 16520.5
9198 16158.5
9204 17349
9210 14041.5
9216 17184
9222 8688
9228 16295
9234 24761.5
9240 16384.5
9246 16836
9252 11807
9258 17015
9264 12081
9270 14353.5
9276 14417
9282 18920.5
9288 15861.5
9294 14120.5
9300 21928
9306 21747
9312 14096
9318 28544.5
9324 21170.5
9330 9550
9336 18412
9342 15574.5
9348 19583.5
9354 12156
9360 25019
9366 23593.5
9372 10579
9378 20528.5
9384 28217
9390 20211.5
9396 20554
9402 21294.5
9408 17133.5
9414 15715.5
9420 17370
9426 22433
9432 12232
9438 23789
9444 20865.5
9450 25302.5
9456 12697.5
9462 11734
9468 16013.5
9474 20216.5
9480 18123
9486 15618.5
9492 21506
9498 16362
9504 33242.5
9510 13961
9516 22034.5
9522 20680
9528 19314.5
9534 22443
9540 18082.5
9546 20765.5
9552 19747
9558 22499
9564 14982
9570 22220.5
9576 11430
9582 15398
9588 15592.5
9594 16080.5
9600 19308
9606 11865.5
9612 14558.5
9618 10940.5
9624 15267
9630 16387
9636 11470.5
9642 12973
9648 17726
9654 19076.5
9660 12355.5
9666 23866
9672 26180.5
9678 14785.5
9684 16945
9690 23818.5
9696 19177
9702 12271
9708 23085
9714 15089
9720 11579
9726 10184.5
9732 12307
9738 9911.5
9744 18671.5
9750 10200
9756 12447.5
9762 15747.5
9768 18610.5
9774 14695
9780 15266
9786 9259.5
9792 12549
9798 8652.5
9804 31554
9810 23355.5
9816 12319
9822 14655
9828 20920.5
9834 22041
9840 22449.5
9846 15646
9852 18152
9858 10310.5
9864 26876.5
9870 19932
9876 19033.5
9882 13753.5
9888 18116.5
9894 21423.5
9900 23762
9906 18130.5
9912 22104.5
9918 21351
9924 11704.5
9930 19300.5
9936 23924
9942 13927
9948 15103.5
9954 18060.5
9960 9341
9966 21534
9972 15922.5
9978 10831.5
9984 15916.5
9990 22061
9996 15432
