5 89692 903115
11 89692 903115
17 89692 903115
23 97875 1007015
29 97875 1007015
35 97875 1007015
41 97875 1007015
47 97875 1007015
53 97875 1007015
59 97875 1007015
65 97875 1007015
71 97875 1007015
77 97875 1007015
83 97875 1007015
89 97875 1007015
95 97875 1007015
101 97875 1007015
107 97875 1007015
113 97875 1007015
119 97875 1007015
125 97875 1007015
131 97875 1007015
137 97875 1007015
143 97875 1007015
149 97875 1007015
155 97875 1007015
161 97875 1007015
167 97875 1007015
173 97875 1007015
179 97875 1007015
185 97875 1007015
191 97875 1007015
197 97875 1007015
203 129603 991920
209 129603 991920
215 129603 991920
221 129603 991920
227 129603 991920
233 129603 991920
239 129603 991920
245 129603 991920
251 129603 991920
257 129603 991920
263 129603 991920
269 129603 991920
275 129603 991920
281 129603 991920
287 129603 991920
293 129603 991920
299 129603 991920
305 129603 991920
311 129603 991920
317 129603 991920
323 129603 991920
329 129603 991920
335 129603 991920
341 129603 991920
347 129603 991920
353 129603 991920
359 129603 991920
365 129603 991920
371 129603 991920
377 129603 991920
383 129603 991920
389 129603 991920
395 129603 991920
401 129603 991920
407 129603 991920
413 129603 991920
419 129603 991920
425 129603 991920
431 129603 991920
437 129603 991920
443 129603 991920
449 129603 991920
455 129603 991920
461 129603 991920
467 129603 991920
473 129603 991920
479 129603 991920
485 129603 991920
491 129603 991920
497 129603 991920
503 129603 991920
509 129603 991920
515 129603 991920
521 129603 991920
527 129603 991920
533 129603 991920
539 129603 991920
545 129603 991920
551 129603 991920
557 129603 991920
563 129603 991920
569 129603 991920
575 129603 991920
581 129603 991920
587 129603 991920
593 129603 991920
599 129603 991920
605 129603 991920
611 129603 991920
617 129603 991920
623 129603 991920
629 129603 991920
635 129603 991920
641 129603 991920
647 129603 991920
653 129603 991920
659 129603 991920
665 129603 991920
671 129603 991920
677 129603 991920
683 129603 991920
689 129603 991920
695 129603 991920
701 129603 991920
707 129603 991920
713 129603 991920
719 129603 991920
725 129603 991920
731 129603 991920
737 129603 991920
743 129603 991920
749 129603 991920
755 129603 991920
761 129603 991920
767 129603 991920
773 129603 991920
779 129603 991920
785 129603 991920
791 129603 991920
797 129603 991920
803 129603 991920
809 129603 991920
815 129603 991920
821 129603 991920
827 129603 991920
833 129603 991920
839 129603 991920
845 129603 991920
851 129603 991920
857 129603 991920
863 129603 991920
869 129603 991920
875 157058 1010223
881 177412 898725
887 177412 898725
893 177412 898725
899 229215 1025835
905 229215 1025835
911 229215 1025835
917 229215 1025835
923 229215 1025835
929 229215 1025835
935 229215 1025835
941 229215 1025835
947 229215 1025835
953 229215 1025835
959 229215 1025835
965 229215 1025835
971 229215 1025835
977 229215 1025835
983 229215 1025835
989 229215 1025835
995 229215 1025835
1001 229215 1025835
1007 229215 1025835
1013 229215 1025835
1019 229215 1025835
1025 229215 1025835
1031 229215 1025835
1037 229215 1025835
1043 229215 1025835
1049 229215 1025835
1055 229215 1025835
1061 229215 1025835
1067 229215 1025835
1073 229215 1025835
1079 229215 1025835
1085 229215 1025835
1091 229215 1025835
1097 229215 1025835
1103 229215 1025835
1109 229215 1025835
1115 229215 1025835
1121 229215 1025835
1127 229215 1025835
1133 229215 1025835
1139 229215 1025835
1145 229215 1025835
1151 229215 1025835
1157 229215 1025835
1163 229215 1025835
1169 229215 1025835
1175 229215 1025835
1181 229215 1025835
1187 229215 1025835
1193 229215 1025835
1199 229215 1025835
1205 229215 1025835
1211 229215 1025835
1217 229215 1025835
1223 229215 1025835
1229 229215 1025835
1235 229215 1025835
1241 229215 1025835
1247 229215 1025835
1253 229215 1025835
1259 229215 1025835
1265 229215 1025835
1271 229215 1025835
1277 229215 1025835
1283 229215 1025835
1289 229215 1025835
1295 229215 1025835
1301 229215 1025835
1307 229215 1025835
1313 229215 1025835
1319 229215 1025835
1325 229215 1025835
1331 229215 1025835
1337 229215 1025835
1343 229215 1025835
1349 229215 1025835
1355 229215 1025835
1361 229215 1025835
1367 229215 1025835
1373 229215 1025835
1379 229215 1025835
1385 229215 1025835
1391 229215 1025835
1397 229215 1025835
1403 229215 1025835
1409 229215 1025835
1415 229215 1025835
1421 229215 1025835
1427 229215 1025835
1433 229215 1025835
1439 229215 1025835
1445 229215 1025835
1451 229215 1025835
1457 229215 1025835
1463 229215 1025835
1469 229215 1025835
1475 229215 1025835
1481 229215 1025835
1487 229215 1025835
1493 229215 1025835
1499 229215 1025835
1505 229215 1025835
1511 229215 1025835
1517 229215 1025835
1523 229215 1025835
1529 229215 1025835
1535 229215 1025835
1541 229215 1025835
1547 229215 1025835
1553 229215 1025835
1559 229215 1025835
1565 229215 1025835
1571 229215 1025835
1577 229215 1025835
1583 229215 1025835
1589 229215 1025835
1595 229215 1025835
1601 229215 1025835
1607 229215 1025835
1613 229215 1025835
1619 229215 1025835
1625 229215 1025835
1631 229215 1025835
1637 229215 1025835
1643 229215 1025835
1649 229215 1025835
1655 229215 1025835
1661 229215 1025835
1667 229215 1025835
1673 229215 1025835
1679 229215 1025835
1685 229215 1025835
1691 229215 1025835
1697 229215 1025835
1703 229215 1025835
1709 229215 1025835
1715 229215 1025835
1721 229215 1025835
1727 229215 1025835
1733 229215 1025835
1739 229215 1025835
1745 229215 1025835
1751 229215 1025835
1757 229215 1025835
1763 229215 1025835
1769 229215 1025835
1775 229215 1025835
1781 229215 1025835
1787 229215 1025835
1793 229215 1025835
1799 229215 1025835
1805 229215 1025835
1811 229215 1025835
1817 229215 1025835
1823 229215 1025835
1829 229215 1025835
1835 229215 1025835
1841 229215 1025835
1847 229215 1025835
1853 229215 1025835
1859 229215 1025835
1865 229215 1025835
1871 229215 1025835
1877 229215 1025835
1883 229215 1025835
1889 229215 1025835
1895 229215 1025835
1901 229215 1025835
1907 229215 1025835
1913 229215 1025835
1919 229215 1025835
1925 229215 1025835
1931 229215 1025835
1937 229215 1025835
1943 229215 1025835
1949 229215 1025835
1955 229215 1025835
1961 229215 1025835
1967 229215 1025835
1973 229215 1025835
1979 229215 1025835
1985 229215 1025835
1991 229215 1025835
1997 229215 1025835
2003 229215 1025835
2009 229215 1025835
2015 229215 1025835
2021 229215 1025835
2027 229215 1025835
2033 229215 1025835
2039 229215 1025835
2045 229215 1025835
2051 229215 1025835
2057 229215 1025835
2063 229215 1025835
2069 229215 1025835
2075 229215 1025835
2081 229215 1025835
2087 229215 1025835
2093 229215 1025835
2099 229215 1025835
2105 229215 1025835
2111 229215 1025835
2117 229215 1025835
2123 229215 1025835
2129 229215 1025835
2135 229215 1025835
2141 229215 1025835
2147 229215 1025835
2153 229215 1025835
2159 229215 1025835
2165 229215 1025835
2171 229215 1025835
2177 229215 1025835
2183 229215 1025835
2189 229215 1025835
2195 229215 1025835
2201 229215 1025835
2207 229215 1025835
2213 229215 1025835
2219 229215 1025835
2225 229215 1025835
2231 229215 1025835
2237 229215 1025835
2243 229215 1025835
2249 229215 1025835
2255 229215 1025835
2261 229215 1025835
2267 229215 1025835
2273 229215 1025835
2279 229215 1025835
2285 229215 1025835
2291 229215 1025835
2297 229215 1025835
2303 229215 1025835
2309 229215 1025835
2315 229215 1025835
2321 229215 1025835
2327 229215 1025835
2333 229215 1025835
2339 229215 1025835
2345 229215 1025835
2351 229215 1025835
2357 229215 1025835
2363 229215 1025835
2369 229215 1025835
2375 229215 1025835
2381 229215 1025835
2387 229215 1025835
2393 229215 1025835
2399 229215 1025835
2405 229215 1025835
2411 229215 1025835
2417 229215 1025835
2423 229215 1025835
2429 229215 1025835
2435 229215 1025835
2441 229215 1025835
2447 229215 1025835
2453 229215 1025835
2459 229215 1025835
2465 229215 1025835
2471 229215 1025835
2477 229215 1025835
2483 229215 1025835
2489 229215 1025835
2495 229215 1025835
2501 229215 1025835
2507 229215 1025835
2513 229215 1025835
2519 229215 1025835
2525 229215 1025835
2531 229215 1025835
2537 229215 1025835
2543 229215 1025835
2549 229215 1025835
2555 229215 1025835
2561 229215 1025835
2567 229215 1025835
2573 229215 1025835
2579 229215 1025835
2585 229215 1025835
2591 229215 1025835
2597 229215 1025835
2603 229215 1025835
2609 229215 1025835
2615 229215 1025835
2621 229215 1025835
2627 229215 1025835
2633 229215 1025835
2639 229215 1025835
2645 229215 1025835
2651 229215 1025835
2657 229215 1025835
2663 229215 1025835
2669 229215 1025835
2675 229215 1025835
2681 229215 1025835
2687 229215 1025835
2693 229215 1025835
2699 229215 1025835
2705 229215 1025835
2711 229215 1025835
2717 229215 1025835
2723 229215 1025835
2729 229215 1025835
2735 229215 1025835
2741 229215 1025835
2747 229215 1025835
2753 229215 1025835
2759 229215 1025835
2765 229215 1025835
2771 229215 1025835
2777 229215 1025835
2783 229215 1025835
2789 229215 1025835
2795 229215 1025835
2801 229215 1025835
2807 229215 1025835
2813 229215 1025835
2819 229215 1025835
2825 229215 1025835
2831 229215 1025835
2837 229215 1025835
2843 229215 1025835
2849 229215 1025835
2855 229215 1025835
2861 229215 1025835
2867 229215 1025835
2873 229215 1025835
2879 229215 1025835
2885 229215 1025835
2891 229215 1025835
2897 229215 1025835
2903 229215 1025835
2909 229215 1025835
2915 229215 1025835
2921 229215 1025835
2927 229215 1025835
2933 229215 1025835
2939 229215 1025835
2945 229215 1025835
2951 229215 1025835
2957 229215 1025835
2963 229215 1025835
2969 229215 1025835
2975 229215 1025835
2981 229215 1025835
2987 229215 1025835
2993 229215 1025835
2999 229215 1025835
3005 229215 1025835
3011 229215 1025835
3017 229215 1025835
3023 229215 1025835
3029 229215 1025835
3035 229215 1025835
3041 229215 1025835
3047 229215 1025835
3053 229215 1025835
3059 229215 1025835
3065 229215 1025835
3071 229215 1025835
3077 229215 1025835
3083 229215 1025835
3089 229215 1025835
3095 229215 1025835
3101 229215 1025835
3107 229215 1025835
3113 229215 1025835
3119 229215 1025835
3125 229215 1025835
3131 229215 1025835
3137 229215 1025835
3143 229215 1025835
3149 229215 1025835
3155 229215 1025835
3161 229215 1025835
3167 229215 1025835
3173 229215 1025835
3179 229215 1025835
3185 229215 1025835
3191 229215 1025835
3197 229215 1025835
3203 229215 1025835
3209 229215 1025835
3215 229215 1025835
3221 229215 1025835
3227 229215 1025835
3233 229215 1025835
3239 229215 1025835
3245 229215 1025835
3251 229215 1025835
3257 229215 1025835
3263 229215 1025835
3269 229215 1025835
3275 229215 1025835
3281 229215 1025835
3287 229215 1025835
3293 229215 1025835
3299 229215 1025835
3305 229215 1025835
3311 229215 1025835
3317 229215 1025835
3323 229215 1025835
3329 229215 1025835
3335 229215 1025835
3341 229215 1025835
3347 229215 1025835
3353 229215 1025835
3359 229215 1025835
3365 229215 1025835
3371 229215 1025835
3377 229215 1025835
3383 229215 1025835
3389 229215 1025835
3395 229215 1025835
3401 229215 1025835
3407 229215 1025835
3413 229215 1025835
3419 229215 1025835
3425 229215 1025835
3431 229215 1025835
3437 229215 1025835
3443 229215 1025835
3449 229215 1025835
3455 229215 1025835
3461 229215 1025835
3467 229215 1025835
3473 229215 1025835
3479 229215 1025835
3485 229215 1025835
3491 229215 1025835
3497 229215 1025835
3503 229215 1025835
3509 229215 1025835
3515 229215 1025835
3521 229215 1025835
3527 229215 1025835
3533 229215 1025835
3539 229215 1025835
3545 229215 1025835
3551 229215 1025835
3557 229215 1025835
3563 229215 1025835
3569 229215 1025835
3575 229215 1025835
3581 229215 1025835
3587 229215 1025835
3593 229215 1025835
3599 229215 1025835
3605 229215 1025835
3611 229215 1025835
3617 229215 1025835
3623 229215 1025835
3629 229215 1025835
3635 229215 1025835
3641 229215 1025835
3647 229215 1025835
3653 229215 1025835
3659 229215 1025835
3665 229215 1025835
3671 229215 1025835
3677 229215 1025835
3683 229215 1025835
3689 229215 1025835
3695 229215 1025835
3701 229215 1025835
3707 229215 1025835
3713 229215 1025835
3719 229215 1025835
3725 229215 1025835
3731 229215 1025835
3737 229215 1025835
3743 229215 1025835
3749 229215 1025835
3755 229215 1025835
3761 229215 1025835
3767 229215 1025835
3773 229215 1025835
3779 229215 1025835
3785 229215 1025835
3791 229215 1025835
3797 229215 1025835
3803 229215 1025835
3809 229215 1025835
3815 229215 1025835
3821 229215 1025835
3827 229215 1025835
3833 229215 1025835
3839 229215 1025835
3845 229215 1025835
3851 229215 1025835
3857 229215 1025835
3863 229215 1025835
3869 229215 1025835
3875 229215 1025835
3881 229215 1025835
3887 229215 1025835
3893 229215 1025835
3899 229215 1025835
3905 229215 1025835
3911 229215 1025835
3917 229215 1025835
3923 229215 1025835
3929 229215 1025835
3935 229215 1025835
3941 229215 1025835
3947 229215 1025835
3953 229215 1025835
3959 229215 1025835
3965 229215 1025835
3971 229215 1025835
3977 229215 1025835
3983 229215 1025835
3989 229215 1025835
3995 229215 1025835
4001 229215 1025835
4007 229215 1025835
4013 229215 1025835
4019 229215 1025835
4025 229215 1025835
4031 229215 1025835
4037 229215 1025835
4043 229215 1025835
4049 229215 1025835
4055 229215 1025835
4061 229215 1025835
4067 229215 1025835
4073 229215 1025835
4079 229215 1025835
4085 229215 1025835
4091 229215 1025835
4097 229215 1025835
4103 229215 1025835
4109 229215 1025835
4115 229215 1025835
4121 229215 1025835
4127 229215 1025835
4133 229215 1025835
4139 229215 1025835
4145 229215 1025835
4151 229215 1025835
4157 229215 1025835
4163 229215 1025835
4169 229215 1025835
4175 229215 1025835
4181 229215 1025835
4187 229215 1025835
4193 229215 1025835
4199 229215 1025835
4205 229215 1025835
4211 229215 1025835
4217 229215 1025835
4223 229215 1025835
4229 229215 1025835
4235 229215 1025835
4241 229215 1025835
4247 229215 1025835
4253 229215 1025835
4259 229215 1025835
4265 229215 1025835
4271 229215 1025835
4277 229215 1025835
4283 229215 1025835
4289 229215 1025835
4295 229215 1025835
4301 229215 1025835
4307 229215 1025835
4313 229215 1025835
4319 229215 1025835
4325 229215 1025835
4331 229215 1025835
4337 229215 1025835
4343 229215 1025835
4349 229215 1025835
4355 229215 1025835
4361 229215 1025835
4367 229215 1025835
4373 229215 1025835
4379 229215 1025835
4385 229215 1025835
4391 229215 1025835
4397 229215 1025835
4403 229215 1025835
4409 229215 1025835
4415 229215 1025835
4421 229215 1025835
4427 229215 1025835
4433 229215 1025835
4439 229215 1025835
4445 229215 1025835
4451 229215 1025835
4457 229215 1025835
4463 229215 1025835
4469 229215 1025835
4475 229215 1025835
4481 229215 1025835
4487 229215 1025835
4493 229215 1025835
4499 229215 1025835
4505 229215 1025835
4511 229215 1025835
4517 229215 1025835
4523 229215 1025835
4529 229215 1025835
4535 229215 1025835
4541 229215 1025835
4547 229215 1025835
4553 229215 1025835
4559 229215 1025835
4565 229215 1025835
4571 229215 1025835
4577 229215 1025835
4583 229215 1025835
4589 229215 1025835
4595 229215 1025835
4601 229215 1025835
4607 229215 1025835
4613 229215 1025835
4619 229215 1025835
4625 229215 1025835
4631 229215 1025835
4637 229215 1025835
4643 229215 1025835
4649 229215 1025835
4655 229215 1025835
4661 229215 1025835
4667 229215 1025835
4673 229215 1025835
4679 229215 1025835
4685 229215 1025835
4691 229215 1025835
4697 229215 1025835
4703 229215 1025835
4709 229215 1025835
4715 229215 1025835
4721 229215 1025835
4727 229215 1025835
4733 229215 1025835
4739 229215 1025835
4745 229215 1025835
4751 229215 1025835
4757 229215 1025835
4763 229215 1025835
4769 229215 1025835
4775 229215 1025835
4781 229215 1025835
4787 229215 1025835
4793 229215 1025835
4799 229215 1025835
4805 229215 1025835
4811 229215 1025835
4817 229215 1025835
4823 229215 1025835
4829 229215 1025835
4835 229215 1025835
4841 229215 1025835
4847 229215 1025835
4853 229215 1025835
4859 229215 1025835
4865 229215 1025835
4871 229215 1025835
4877 229215 1025835
4883 229215 1025835
4889 229215 1025835
4895 229215 1025835
4901 229215 1025835
4907 229215 1025835
4913 229215 1025835
4919 229215 1025835
4925 229215 1025835
4931 229215 1025835
4937 229215 1025835
4943 229215 1025835
4949 229215 1025835
4955 229215 1025835
4961 229215 1025835
4967 229215 1025835
4973 229215 1025835
4979 229215 1025835
4985 229215 1025835
4991 229215 1025835
4997 229215 1025835
5003 229215 1025835
5009 229215 1025835
5015 229215 1025835
5021 229215 1025835
5027 229215 1025835
5033 229215 1025835
5039 229215 1025835
5045 229215 1025835
5051 229215 1025835
5057 229215 1025835
5063 229215 1025835
5069 229215 1025835
5075 229215 1025835
5081 229215 1025835
5087 229215 1025835
5093 229215 1025835
5099 229215 1025835
5105 229215 1025835
5111 229215 1025835
5117 229215 1025835
5123 229215 1025835
5129 229215 1025835
5135 229215 1025835
5141 229215 1025835
5147 229215 1025835
5153 229215 1025835
5159 229215 1025835
5165 229215 1025835
5171 229215 1025835
5177 229215 1025835
5183 229215 1025835
5189 229215 1025835
5195 229215 1025835
5201 229215 1025835
5207 229215 1025835
5213 229215 1025835
5219 229215 1025835
5225 229215 1025835
5231 229215 1025835
5237 229215 1025835
5243 229215 1025835
5249 229215 1025835
5255 229215 1025835
5261 229215 1025835
5267 229215 1025835
5273 229215 1025835
5279 229215 1025835
5285 229215 1025835
5291 229215 1025835
5297 229215 1025835
5303 229215 1025835
5309 229215 1025835
5315 229215 1025835
5321 229215 1025835
5327 229215 1025835
5333 229215 1025835
5339 229215 1025835
5345 229215 1025835
5351 229215 1025835
5357 229215 1025835
5363 229215 1025835
5369 229215 1025835
5375 229215 1025835
5381 229215 1025835
5387 229215 1025835
5393 229215 1025835
5399 229215 1025835
5405 229215 1025835
5411 229215 1025835
5417 229215 1025835
5423 229215 1025835
5429 229215 1025835
5435 229215 1025835
5441 229215 1025835
5447 229215 1025835
5453 229215 1025835
5459 229215 1025835
5465 229215 1025835
5471 229215 1025835
5477 229215 1025835
5483 229215 1025835
5489 229215 1025835
5495 229215 1025835
5501 229215 1025835
5507 229215 1025835
5513 229215 1025835
5519 229215 1025835
5525 229215 1025835
5531 229215 1025835
5537 229215 1025835
5543 229215 1025835
5549 229215 1025835
5555 229215 1025835
5561 229215 1025835
5567 229215 1025835
5573 229215 1025835
5579 229215 1025835
5585 229215 1025835
5591 229215 1025835
5597 229215 1025835
5603 229215 1025835
5609 229215 1025835
5615 229215 1025835
5621 229215 1025835
5627 229215 1025835
5633 229215 1025835
5639 229215 1025835
5645 229215 1025835
5651 229215 1025835
5657 229215 1025835
5663 229215 1025835
5669 229215 1025835
5675 229215 1025835
5681 229215 1025835
5687 229215 1025835
5693 229215 1025835
5699 229215 1025835
5705 229215 1025835
5711 229215 1025835
5717 229215 1025835
5723 229215 1025835
5729 229215 1025835
5735 229215 1025835
5741 229215 1025835
5747 229215 1025835
5753 229215 1025835
5759 229215 1025835
5765 229215 1025835
5771 229215 1025835
5777 229215 1025835
5783 229215 1025835
5789 229215 1025835
5795 229215 1025835
5801 229215 1025835
5807 229215 1025835
5813 229215 1025835
5819 229215 1025835
5825 229215 1025835
5831 229215 1025835
5837 229215 1025835
5843 229215 1025835
5849 229215 1025835
5855 229215 1025835
5861 229215 1025835
5867 229215 1025835
5873 229215 1025835
5879 229215 1025835
5885 229215 1025835
5891 229215 1025835
5897 229215 1025835
5903 229215 1025835
5909 229215 1025835
5915 229215 1025835
5921 229215 1025835
5927 229215 1025835
5933 229215 1025835
5939 229215 1025835
5945 229215 1025835
5951 229215 1025835
5957 229215 1025835
5963 229215 1025835
5969 229215 1025835
5975 229215 1025835
5981 229215 1025835
5987 229215 1025835
5993 229215 1025835
5999 229215 1025835
6005 229215 1025835
6011 229215 1025835
6017 229215 1025835
6023 229215 1025835
6029 229215 1025835
6035 229215 1025835
6041 229215 1025835
6047 229215 1025835
6053 229215 1025835
6059 229215 1025835
6065 229215 1025835
6071 229215 1025835
6077 229215 1025835
6083 229215 1025835
6089 229215 1025835
6095 229215 1025835
6101 229215 1025835
6107 229215 1025835
6113 229215 1025835
6119 229215 1025835
6125 229215 1025835
6131 229215 1025835
6137 229215 1025835
6143 229215 1025835
6149 229215 1025835
6155 229215 1025835
6161 229215 1025835
6167 229215 1025835
6173 229215 1025835
6179 229215 1025835
6185 229215 1025835
6191 229215 1025835
6197 229215 1025835
6203 229215 1025835
6209 229215 1025835
6215 229215 1025835
6221 229215 1025835
6227 229215 1025835
6233 229215 1025835
6239 229215 1025835
6245 229215 1025835
6251 229215 1025835
6257 229215 1025835
6263 229215 1025835
6269 229215 1025835
6275 229215 1025835
6281 229215 1025835
6287 229215 1025835
6293 229215 1025835
6299 229215 1025835
6305 229215 1025835
6311 229215 1025835
6317 229215 1025835
6323 229215 1025835
6329 229215 1025835
6335 229215 1025835
6341 229215 1025835
6347 229215 1025835
6353 229215 1025835
6359 229215 1025835
6365 229215 1025835
6371 229215 1025835
6377 229215 1025835
6383 229215 1025835
6389 229215 1025835
6395 229215 1025835
6401 229215 1025835
6407 229215 1025835
6413 229215 1025835
6419 229215 1025835
6425 229215 1025835
6431 229215 1025835
6437 229215 1025835
6443 229215 1025835
6449 229215 1025835
6455 229215 1025835
6461 229215 1025835
6467 229215 1025835
6473 229215 1025835
6479 229215 1025835
6485 229215 1025835
6491 229215 1025835
6497 229215 1025835
6503 229215 1025835
6509 229215 1025835
6515 229215 1025835
6521 229215 1025835
6527 229215 1025835
6533 229215 1025835
6539 229215 1025835
6545 229215 1025835
6551 229215 1025835
6557 229215 1025835
6563 229215 1025835
6569 229215 1025835
6575 229215 1025835
6581 229215 1025835
6587 229215 1025835
6593 229215 1025835
6599 229215 1025835
6605 229215 1025835
6611 229215 1025835
6617 229215 1025835
6623 229215 1025835
6629 229215 1025835
6635 229215 1025835
6641 229215 1025835
6647 229215 1025835
6653 229215 1025835
6659 229215 1025835
6665 229215 1025835
6671 229215 1025835
6677 229215 1025835
6683 229215 1025835
6689 229215 1025835
6695 229215 1025835
6701 229215 1025835
6707 229215 1025835
6713 229215 1025835
6719 229215 1025835
6725 229215 1025835
6731 229215 1025835
6737 229215 1025835
6743 229215 1025835
6749 229215 1025835
6755 229215 1025835
6761 229215 1025835
6767 229215 1025835
6773 229215 1025835
6779 229215 1025835
6785 229215 1025835
6791 229215 1025835
6797 229215 1025835
6803 229215 1025835
6809 229215 1025835
6815 229215 1025835
6821 229215 1025835
6827 229215 1025835
6833 229215 1025835
6839 229215 1025835
6845 229215 1025835
6851 229215 1025835
6857 229215 1025835
6863 229215 1025835
6869 229215 1025835
6875 229215 1025835
6881 229215 1025835
6887 229215 1025835
6893 229215 1025835
6899 229215 1025835
6905 229215 1025835
6911 229215 1025835
6917 229215 1025835
6923 229215 1025835
6929 229215 1025835
6935 229215 1025835
6941 229215 1025835
6947 229215 1025835
6953 229215 1025835
6959 229215 1025835
6965 229215 1025835
6971 229215 1025835
6977 229215 1025835
6983 229215 1025835
6989 229215 1025835
6995 229215 1025835
7001 229215 1025835
7007 229215 1025835
7013 229215 1025835
7019 229215 1025835
7025 229215 1025835
7031 229215 1025835
7037 229215 1025835
7043 229215 1025835
7049 229215 1025835
7055 229215 1025835
7061 229215 1025835
7067 229215 1025835
7073 229215 1025835
7079 229215 1025835
7085 229215 1025835
7091 229215 1025835
7097 229215 1025835
7103 229215 1025835
7109 229215 1025835
7115 229215 1025835
7121 229215 1025835
7127 229215 1025835
7133 229215 1025835
7139 229215 1025835
7145 229215 1025835
7151 229215 1025835
7157 229215 1025835
7163 229215 1025835
7169 229215 1025835
7175 229215 1025835
7181 229215 1025835
7187 229215 1025835
7193 229215 1025835
7199 229215 1025835
7205 229215 1025835
7211 229215 1025835
7217 229215 1025835
7223 229215 1025835
7229 229215 1025835
7235 229215 1025835
7241 229215 1025835
7247 229215 1025835
7253 229215 1025835
7259 229215 1025835
7265 229215 1025835
7271 229215 1025835
7277 229215 1025835
7283 229215 1025835
7289 229215 1025835
7295 229215 1025835
7301 229215 1025835
7307 229215 1025835
7313 229215 1025835
7319 229215 1025835
7325 229215 1025835
7331 229215 1025835
7337 229215 1025835
7343 229215 1025835
7349 229215 1025835
7355 229215 1025835
7361 229215 1025835
7367 229215 1025835
7373 229215 1025835
7379 229215 1025835
7385 229215 1025835
7391 229215 1025835
7397 229215 1025835
7403 229215 1025835
7409 229215 1025835
7415 229215 1025835
7421 229215 1025835
7427 229215 1025835
7433 229215 1025835
7439 229215 1025835
7445 229215 1025835
7451 229215 1025835
7457 229215 1025835
7463 229215 1025835
7469 229215 1025835
7475 229215 1025835
7481 229215 1025835
7487 229215 1025835
7493 229215 1025835
7499 229215 1025835
7505 229215 1025835
7511 229215 1025835
7517 229215 1025835
7523 229215 1025835
7529 229215 1025835
7535 229215 1025835
7541 229215 1025835
7547 229215 1025835
7553 229215 1025835
7559 229215 1025835
7565 229215 1025835
7571 229215 1025835
7577 229215 1025835
7583 229215 1025835
7589 229215 1025835
7595 229215 1025835
7601 229215 1025835
7607 229215 1025835
7613 229215 1025835
7619 229215 1025835
7625 229215 1025835
7631 229215 1025835
7637 229215 1025835
7643 229215 1025835
7649 229215 1025835
7655 229215 1025835
7661 229215 1025835
7667 229215 1025835
7673 229215 1025835
7679 229215 1025835
7685 229215 1025835
7691 229215 1025835
7697 229215 1025835
7703 229215 1025835
7709 229215 1025835
7715 229215 1025835
7721 229215 1025835
7727 229215 1025835
7733 229215 1025835
7739 229215 1025835
7745 229215 1025835
7751 229215 1025835
7757 229215 1025835
7763 229215 1025835
7769 229215 1025835
7775 229215 1025835
7781 229215 1025835
7787 229215 1025835
7793 229215 1025835
7799 229215 1025835
7805 229215 1025835
7811 229215 1025835
7817 229215 1025835
7823 229215 1025835
7829 229215 1025835
7835 229215 1025835
7841 229215 1025835
7847 229215 1025835
7853 229215 1025835
7859 229215 1025835
7865 229215 1025835
7871 229215 1025835
7877 229215 1025835
7883 229215 1025835
7889 229215 1025835
7895 229215 1025835
7901 229215 1025835
7907 229215 1025835
7913 229215 1025835
7919 229215 1025835
7925 229215 1025835
7931 229215 1025835
7937 229215 1025835
7943 229215 1025835
7949 229215 1025835
7955 229215 1025835
7961 229215 1025835
7967 229215 1025835
7973 229215 1025835
7979 229215 1025835
7985 229215 1025835
7991 229215 1025835
7997 229215 1025835
8003 229215 1025835
8009 229215 1025835
8015 229215 1025835
8021 229215 1025835
8027 229215 1025835
8033 229215 1025835
8039 229215 1025835
8045 229215 1025835
8051 229215 1025835
8057 229215 1025835
8063 229215 1025835
8069 229215 1025835
8075 229215 1025835
8081 229215 1025835
8087 229215 1025835
8093 229215 1025835
8099 229215 1025835
8105 229215 1025835
8111 229215 1025835
8117 229215 1025835
8123 229215 1025835
8129 229215 1025835
8135 229215 1025835
8141 229215 1025835
8147 229215 1025835
8153 229215 1025835
8159 229215 1025835
8165 229215 1025835
8171 229215 1025835
8177 229215 1025835
8183 229215 1025835
8189 229215 1025835
8195 229215 1025835
8201 229215 1025835
8207 229215 1025835
8213 229215 1025835
8219 229215 1025835
8225 229215 1025835
8231 229215 1025835
8237 229215 1025835
8243 229215 1025835
8249 229215 1025835
8255 229215 1025835
8261 229215 1025835
8267 229215 1025835
8273 229215 1025835
8279 229215 1025835
8285 229215 1025835
8291 229215 1025835
8297 229215 1025835
8303 229215 1025835
8309 229215 1025835
8315 229215 1025835
8321 229215 1025835
8327 229215 1025835
8333 229215 1025835
8339 229215 1025835
8345 229215 1025835
8351 229215 1025835
8357 229215 1025835
8363 229215 1025835
8369 229215 1025835
8375 229215 1025835
8381 229215 1025835
8387 229215 1025835
8393 229215 1025835
8399 229215 1025835
8405 229215 1025835
8411 229215 1025835
8417 229215 1025835
8423 229215 1025835
8429 229215 1025835
8435 229215 1025835
8441 229215 1025835
8447 229215 1025835
8453 229215 1025835
8459 229215 1025835
8465 229215 1025835
8471 229215 1025835
8477 229215 1025835
8483 229215 1025835
8489 229215 1025835
8495 229215 1025835
8501 229215 1025835
8507 229215 1025835
8513 229215 1025835
8519 229215 1025835
8525 229215 1025835
8531 229215 1025835
8537 229215 1025835
8543 229215 1025835
8549 229215 1025835
8555 229215 1025835
8561 229215 1025835
8567 229215 1025835
8573 229215 1025835
8579 229215 1025835
8585 229215 1025835
8591 229215 1025835
8597 229215 1025835
8603 229215 1025835
8609 229215 1025835
8615 229215 1025835
8621 229215 1025835
8627 229215 1025835
8633 229215 1025835
8639 229215 1025835
8645 229215 1025835
8651 229215 1025835
8657 229215 1025835
8663 229215 1025835
8669 229215 1025835
8675 229215 1025835
8681 229215 1025835
8687 229215 1025835
8693 229215 1025835
8699 229215 1025835
8705 229215 1025835
8711 229215 1025835
8717 229215 1025835
8723 229215 1025835
8729 229215 1025835
8735 229215 1025835
8741 229215 1025835
8747 229215 1025835
8753 229215 1025835
8759 229215 1025835
8765 229215 1025835
8771 229215 1025835
8777 229215 1025835
8783 229215 1025835
8789 229215 1025835
8795 229215 1025835
8801 229215 1025835
8807 229215 1025835
8813 229215 1025835
8819 229215 1025835
8825 229215 1025835
8831 229215 1025835
8837 229215 1025835
8843 229215 1025835
8849 229215 1025835
8855 229215 1025835
8861 229215 1025835
8867 229215 1025835
8873 229215 1025835
8879 229215 1025835
8885 229215 1025835
8891 229215 1025835
8897 229215 1025835
8903 229215 1025835
8909 229215 1025835
8915 229215 1025835
8921 229215 1025835
8927 229215 1025835
8933 229215 1025835
8939 229215 1025835
8945 229215 1025835
8951 229215 1025835
8957 229215 1025835
8963 229215 1025835
8969 229215 1025835
8975 229215 1025835
8981 229215 1025835
8987 229215 1025835
8993 229215 1025835
8999 229215 1025835
9005 229215 1025835
9011 229215 1025835
9017 229215 1025835
9023 229215 1025835
9029 229215 1025835
9035 229215 1025835
9041 229215 1025835
9047 229215 1025835
9053 229215 1025835
9059 229215 1025835
9065 229215 1025835
9071 229215 1025835
9077 229215 1025835
9083 229215 1025835
9089 229215 1025835
9095 229215 1025835
9101 229215 1025835
9107 229215 1025835
9113 229215 1025835
9119 229215 1025835
9125 229215 1025835
9131 229215 1025835
9137 229215 1025835
9143 229215 1025835
9149 229215 1025835
9155 229215 1025835
9161 229215 1025835
9167 229215 1025835
9173 229215 1025835
9179 229215 1025835
9185 229215 1025835
9191 229215 1025835
9197 229215 1025835
9203 229215 1025835
9209 229215 1025835
9215 229215 1025835
9221 229215 1025835
9227 229215 1025835
9233 229215 1025835
9239 229215 1025835
9245 229215 1025835
9251 229215 1025835
9257 229215 1025835
9263 229215 1025835
9269 229215 1025835
9275 229215 1025835
9281 229215 1025835
9287 229215 1025835
9293 229215 1025835
9299 229215 1025835
9305 229215 1025835
9311 229215 1025835
9317 229215 1025835
9323 229215 1025835
9329 229215 1025835
9335 229215 1025835
9341 229215 1025835
9347 229215 1025835
9353 229215 1025835
9359 229215 1025835
9365 229215 1025835
9371 229215 1025835
9377 229215 1025835
9383 229215 1025835
9389 229215 1025835
9395 229215 1025835
9401 229215 1025835
9407 229215 1025835
9413 229215 1025835
9419 229215 1025835
9425 229215 1025835
9431 229215 1025835
9437 229215 1025835
9443 229215 1025835
9449 229215 1025835
9455 229215 1025835
9461 229215 1025835
9467 229215 1025835
9473 229215 1025835
9479 229215 1025835
9485 229215 1025835
9491 229215 1025835
9497 229215 1025835
9503 229215 1025835
9509 229215 1025835
9515 229215 1025835
9521 229215 1025835
9527 229215 1025835
9533 229215 1025835
9539 229215 1025835
9545 229215 1025835
9551 229215 1025835
9557 229215 1025835
9563 229215 1025835
9569 229215 1025835
9575 229215 1025835
9581 229215 1025835
9587 229215 1025835
9593 229215 1025835
9599 229215 1025835
9605 229215 1025835
9611 229215 1025835
9617 229215 1025835
9623 229215 1025835
9629 229215 1025835
9635 229215 1025835
9641 229215 1025835
9647 229215 1025835
9653 229215 1025835
9659 229215 1025835
9665 229215 1025835
9671 229215 1025835
9677 229215 1025835
9683 229215 1025835
9689 229215 1025835
9695 229215 1025835
9701 229215 1025835
9707 229215 1025835
9713 229215 1025835
9719 229215 1025835
9725 229215 1025835
9731 229215 1025835
9737 229215 1025835
9743 229215 1025835
9749 229215 1025835
9755 229215 1025835
9761 229215 1025835
9767 229215 1025835
9773 229215 1025835
9779 229215 1025835
9785 229215 1025835
9791 229215 1025835
9797 229215 1025835
9803 229215 1025835
9809 229215 1025835
9815 229215 1025835
9821 229215 1025835
9827 229215 1025835
9833 229215 1025835
9839 229215 1025835
9845 229215 1025835
9851 229215 1025835
9857 229215 1025835
9863 229215 1025835
9869 229215 1025835
9875 229215 1025835
9881 229215 1025835
9887 229215 1025835
9893 229215 1025835
9899 229215 1025835
9905 229215 1025835
9911 229215 1025835
9917 229215 1025835
9923 229215 1025835
9929 229215 1025835
9935 229215 1025835
9941 229215 1025835
9947 229215 1025835
9953 229215 1025835
9959 229215 1025835
9965 229215 1025835
9971 229215 1025835
9977 229215 1025835
9983 229215 1025835
9989 229215 1025835
9995 229215 1025835
10001 229215 1025835
