5 66593 9480 11
11 66593 9480 11
17 66593 9480 11
23 66593 9480 11
29 66593 9480 11
35 66593 9480 11
41 66593 9480 11
47 66593 9480 11
53 66593 9480 11
59 66593 9480 11
65 66593 9480 11
71 66593 9480 11
77 66593 9480 11
83 66593 9480 11
89 66593 9480 11
95 66593 9480 11
101 66593 9480 11
107 66593 9480 11
113 66593 9480 11
119 66593 9480 11
125 66593 9480 11
131 66593 9480 11
137 66593 9480 11
143 66593 9480 11
149 66593 9480 11
155 66593 9480 11
161 66593 9480 11
167 66593 9480 11
173 66593 9480 11
179 66593 9480 11
185 66593 9480 11
191 66593 9480 11
197 66593 9480 11
203 66593 9480 11
209 66593 9480 11
215 66593 9480 11
221 66593 9480 11
227 66593 9480 11
233 66593 9480 11
239 66593 9480 11
245 66593 9480 11
251 66593 9480 11
257 66593 9480 11
263 66593 9480 11
269 66593 9480 11
275 66593 9480 11
281 66593 9480 11
287 66593 9480 11
293 66593 9480 11
299 66593 9480 11
305 66593 9480 11
311 66593 9480 11
317 66593 9480 11
323 66593 9480 11
329 66593 9480 11
335 66593 9480 11
341 66593 9480 11
347 66593 9480 11
353 66593 9480 11
359 66593 9480 11
365 66593 9480 11
371 66593 9480 11
377 66593 9480 11
383 66593 9480 11
389 66593 9480 11
395 66593 9480 11
401 66593 9480 11
407 66593 9480 11
413 66593 9480 11
419 66593 9480 11
425 66593 9480 11
431 66593 9480 11
437 66593 9480 11
443 66593 9480 11
449 66593 9480 11
455 66593 9480 11
461 66593 9480 11
467 66593 9480 11
473 66593 9480 11
479 66593 9480 11
485 66593 9480 11
491 66593 9480 11
497 66593 9480 11
503 66593 9480 11
509 66593 9480 11
515 66593 9480 11
521 66593 9480 11
527 66593 9480 11
533 66593 9480 11
539 66593 9480 11
545 66593 9480 11
551 66593 9480 11
557 66757 10204 12
563 66757 10204 12
569 66757 10204 12
575 66757 10204 12
581 66757 10204 12
587 66757 10204 12
593 66757 10204 12
599 66757 10204 12
605 66757 10204 12
611 66757 10204 12
617 66757 10204 12
623 66757 10204 12
629 66757 10204 12
635 66757 10204 12
641 66757 10204 12
647 66757 10204 12
653 66757 10204 12
659 66757 10204 12
665 66757 10204 12
671 66757 10204 12
677 66757 10204 12
683 66757 10204 12
689 66757 10204 12
695 66757 10204 12
701 66757 10204 12
707 66757 10204 12
713 66757 10204 12
719 66757 10204 12
725 66757 10204 12
731 66757 10204 12
737 66757 10204 12
743 66757 10204 12
749 66757 10204 12
755 66757 10204 12
761 66757 10204 12
767 66757 10204 12
773 66757 10204 12
779 66757 10204 12
785 66757 10204 12
791 66757 10204 12
797 66757 10204 12
803 66757 10204 12
809 66757 10204 12
815 66757 10204 12
821 66757 10204 12
827 66757 10204 12
833 66757 10204 12
839 66757 10204 12
845 66757 10204 12
851 66757 10204 12
857 66757 10204 12
863 66757 10204 12
869 66757 10204 12
875 66757 10204 12
881 66757 10204 12
887 66757 10204 12
893 66757 10204 12
899 66757 10204 12
905 66757 10204 12
911 66757 10204 12
917 66757 10204 12
923 66757 10204 12
929 66757 10204 12
935 66757 10204 12
941 66757 10204 12
947 66757 10204 12
953 66757 10204 12
959 66757 10204 12
965 66757 10204 12
971 66757 10204 12
977 66757 10204 12
983 66757 10204 12
989 66757 10204 12
995 66757 10204 12
1001 66757 10204 12
1007 66757 10204 12
1013 66757 10204 12
1019 66757 10204 12
1025 66757 10204 12
1031 66757 10204 12
1037 66757 10204 12
1043 66757 10204 12
1049 66757 10204 12
1055 66757 10204 12
1061 66757 10204 12
1067 66757 10204 12
1073 66757 10204 12
1079 66757 10204 12
1085 66757 10204 12
1091 66757 10204 12
1097 66757 10204 12
1103 66757 10204 12
1109 66757 10204 12
1115 66757 10204 12
1121 66757 10204 12
1127 66757 10204 12
1133 66757 10204 12
1139 66757 10204 12
1145 66757 10204 12
1151 66757 10204 12
1157 66757 10204 12
1163 66757 10204 12
1169 66757 10204 12
1175 66757 10204 12
1181 66757 10204 12
1187 66757 10204 12
1193 66757 10204 12
1199 66757 10204 12
1205 66757 10204 12
1211 66757 10204 12
1217 66757 10204 12
1223 66757 10204 12
1229 66757 10204 12
1235 66757 10204 12
1241 66757 10204 12
1247 66757 10204 12
1253 66757 10204 12
1259 66757 10204 12
1265 66757 10204 12
1271 66757 10204 12
1277 66757 10204 12
1283 66757 10204 12
1289 66757 10204 12
1295 66757 10204 12
1301 66757 10204 12
1307 66757 10204 12
1313 66757 10204 12
1319 66757 10204 12
1325 66757 10204 12
1331 66757 10204 12
1337 66757 10204 12
1343 66757 10204 12
1349 66757 10204 12
1355 66757 10204 12
1361 66757 10204 12
1367 66757 10204 12
1373 66757 10204 12
1379 66757 10204 12
1385 66757 10204 12
1391 66757 10204 12
1397 66757 10204 12
1403 66757 10204 12
1409 66757 10204 12
1415 66757 10204 12
1421 66757 10204 12
1427 66757 10204 12
1433 66757 10204 12
1439 66757 10204 12
1445 66757 10204 12
1451 66757 10204 12
1457 66757 10204 12
1463 66757 10204 12
1469 66757 10204 12
1475 66757 10204 12
1481 66757 10204 12
1487 66757 10204 12
1493 66757 10204 12
1499 66757 10204 12
1505 66757 10204 12
1511 66757 10204 12
1517 66757 10204 12
1523 66757 10204 12
1529 66757 10204 12
1535 66757 10204 12
1541 66757 10204 12
1547 66757 10204 12
1553 66757 10204 12
1559 66757 10204 12
1565 66757 10204 12
1571 66757 10204 12
1577 66757 10204 12
1583 66757 10204 12
1589 66757 10204 12
1595 66757 10204 12
1601 66757 10204 12
1607 66757 10204 12
1613 66757 10204 12
1619 66757 10204 12
1625 66757 10204 12
1631 66757 10204 12
1637 66757 10204 12
1643 66757 10204 12
1649 66757 10204 12
1655 66757 10204 12
1661 66757 10204 12
1667 66757 10204 12
1673 66757 10204 12
1679 66757 10204 12
1685 66757 10204 12
1691 66757 10204 12
1697 66757 10204 12
1703 66757 10204 12
1709 66757 10204 12
1715 66757 10204 12
1721 66757 10204 12
1727 66757 10204 12
1733 66757 10204 12
1739 66757 10204 12
1745 66757 10204 12
1751 66757 10204 12
1757 66757 10204 12
1763 66757 10204 12
1769 66757 10204 12
1775 66757 10204 12
1781 66757 10204 12
1787 66757 10204 12
1793 66757 10204 12
1799 66757 10204 12
1805 66757 10204 12
1811 66757 10204 12
1817 66757 10204 12
1823 66757 10204 12
1829 66757 10204 12
1835 66757 10204 12
1841 66757 10204 12
1847 66757 10204 12
1853 66757 10204 12
1859 66757 10204 12
1865 66757 10204 12
1871 66757 10204 12
1877 66757 10204 12
1883 66757 10204 12
1889 66757 10204 12
1895 66757 10204 12
1901 66757 10204 12
1907 66757 10204 12
1913 66757 10204 12
1919 66757 10204 12
1925 66757 10204 12
1931 66757 10204 12
1937 66757 10204 12
1943 66757 10204 12
1949 66757 10204 12
1955 66757 10204 12
1961 66757 10204 12
1967 66757 10204 12
1973 66757 10204 12
1979 66757 10204 12
1985 66757 10204 12
1991 66757 10204 12
1997 66757 10204 12
2003 66757 10204 12
2009 66757 10204 12
2015 66757 10204 12
2021 66757 10204 12
2027 66757 10204 12
2033 66757 10204 12
2039 66757 10204 12
2045 66757 10204 12
2051 66757 10204 12
2057 66757 10204 12
2063 66757 10204 12
2069 66757 10204 12
2075 66757 10204 12
2081 66757 10204 12
2087 66757 10204 12
2093 66757 10204 12
2099 66757 10204 12
2105 66757 10204 12
2111 66757 10204 12
2117 66757 10204 12
2123 66757 10204 12
2129 66757 10204 12
2135 66757 10204 12
2141 66757 10204 12
2147 66757 10204 12
2153 66757 10204 12
2159 66757 10204 12
2165 66757 10204 12
2171 66757 10204 12
2177 66757 10204 12
2183 66757 10204 12
2189 66757 10204 12
2195 66757 10204 12
2201 66757 10204 12
2207 66757 10204 12
2213 66757 10204 12
2219 66757 10204 12
2225 66757 10204 12
2231 66757 10204 12
2237 66757 10204 12
2243 66757 10204 12
2249 66757 10204 12
2255 66757 10204 12
2261 66757 10204 12
2267 66757 10204 12
2273 66757 10204 12
2279 66757 10204 12
2285 66757 10204 12
2291 66757 10204 12
2297 66757 10204 12
2303 66757 10204 12
2309 66757 10204 12
2315 66757 10204 12
2321 66757 10204 12
2327 66757 10204 12
2333 66757 10204 12
2339 66757 10204 12
2345 66757 10204 12
2351 66757 10204 12
2357 66757 10204 12
2363 66757 10204 12
2369 66757 10204 12
2375 66757 10204 12
2381 66757 10204 12
2387 66757 10204 12
2393 66757 10204 12
2399 66757 10204 12
2405 66757 10204 12
2411 66757 10204 12
2417 66757 10204 12
2423 66757 10204 12
2429 66757 10204 12
2435 66757 10204 12
2441 66757 10204 12
2447 66757 10204 12
2453 66757 10204 12
2459 66757 10204 12
2465 66757 10204 12
2471 66757 10204 12
2477 66757 10204 12
2483 66757 10204 12
2489 66757 10204 12
2495 66757 10204 12
2501 66757 10204 12
2507 66757 10204 12
2513 66757 10204 12
2519 66757 10204 12
2525 66757 10204 12
2531 66757 10204 12
2537 66757 10204 12
2543 66757 10204 12
2549 66757 10204 12
2555 66757 10204 12
2561 66757 10204 12
2567 66757 10204 12
2573 66757 10204 12
2579 66757 10204 12
2585 66757 10204 12
2591 66757 10204 12
2597 66757 10204 12
2603 66757 10204 12
2609 66757 10204 12
2615 66757 10204 12
2621 66757 10204 12
2627 66757 10204 12
2633 66757 10204 12
2639 66757 10204 12
2645 66757 10204 12
2651 66757 10204 12
2657 66757 10204 12
2663 66757 10204 12
2669 66757 10204 12
2675 66757 10204 12
2681 66757 10204 12
2687 66757 10204 12
2693 66757 10204 12
2699 66757 10204 12
2705 66757 10204 12
2711 66757 10204 12
2717 66757 10204 12
2723 66757 10204 12
2729 66757 10204 12
2735 66757 10204 12
2741 66757 10204 12
2747 66757 10204 12
2753 66757 10204 12
2759 66757 10204 12
2765 66757 10204 12
2771 66757 10204 12
2777 66757 10204 12
2783 66757 10204 12
2789 66757 10204 12
2795 66757 10204 12
2801 66757 10204 12
2807 66757 10204 12
2813 66757 10204 12
2819 66757 10204 12
2825 66757 10204 12
2831 66757 10204 12
2837 66757 10204 12
2843 66757 10204 12
2849 66757 10204 12
2855 66757 10204 12
2861 66757 10204 12
2867 66757 10204 12
2873 66757 10204 12
2879 66757 10204 12
2885 66757 10204 12
2891 66757 10204 12
2897 66757 10204 12
2903 66757 10204 12
2909 66757 10204 12
2915 66757 10204 12
2921 66757 10204 12
2927 66757 10204 12
2933 66757 10204 12
2939 66757 10204 12
2945 66757 10204 12
2951 66757 10204 12
2957 66757 10204 12
2963 66757 10204 12
2969 66757 10204 12
2975 66757 10204 12
2981 66757 10204 12
2987 66757 10204 12
2993 66757 10204 12
2999 66757 10204 12
3005 66757 10204 12
3011 66757 10204 12
3017 66757 10204 12
3023 66757 10204 12
3029 66757 10204 12
3035 66757 10204 12
3041 66757 10204 12
3047 66757 10204 12
3053 66757 10204 12
3059 66757 10204 12
3065 66757 10204 12
3071 66757 10204 12
3077 66757 10204 12
3083 66757 10204 12
3089 66757 10204 12
3095 66757 10204 12
3101 66757 10204 12
3107 66757 10204 12
3113 66757 10204 12
3119 66757 10204 12
3125 66757 10204 12
3131 66757 10204 12
3137 66757 10204 12
3143 66757 10204 12
3149 66757 10204 12
3155 66757 10204 12
3161 66757 10204 12
3167 66757 10204 12
3173 66757 10204 12
3179 66757 10204 12
3185 66757 10204 12
3191 66757 10204 12
3197 66757 10204 12
3203 66757 10204 12
3209 66757 10204 12
3215 66757 10204 12
3221 66757 10204 12
3227 66757 10204 12
3233 66757 10204 12
3239 66757 10204 12
3245 66757 10204 12
3251 66757 10204 12
3257 66757 10204 12
3263 66757 10204 12
3269 66757 10204 12
3275 66757 10204 12
3281 66757 10204 12
3287 66757 10204 12
3293 66757 10204 12
3299 66757 10204 12
3305 66757 10204 12
3311 66757 10204 12
3317 66757 10204 12
3323 66757 10204 12
3329 66757 10204 12
3335 66757 10204 12
3341 66757 10204 12
3347 66757 10204 12
3353 66757 10204 12
3359 66757 10204 12
3365 66757 10204 12
3371 66757 10204 12
3377 66757 10204 12
3383 66757 10204 12
3389 66757 10204 12
3395 66757 10204 12
3401 66757 10204 12
3407 66757 10204 12
3413 66757 10204 12
3419 66757 10204 12
3425 66757 10204 12
3431 66757 10204 12
3437 66757 10204 12
3443 66757 10204 12
3449 66757 10204 12
3455 66757 10204 12
3461 66757 10204 12
3467 66757 10204 12
3473 66757 10204 12
3479 66757 10204 12
3485 66757 10204 12
3491 66757 10204 12
3497 66757 10204 12
3503 66757 10204 12
3509 66757 10204 12
3515 66757 10204 12
3521 66757 10204 12
3527 66757 10204 12
3533 66757 10204 12
3539 66757 10204 12
3545 66757 10204 12
3551 66757 10204 12
3557 66757 10204 12
3563 66757 10204 12
3569 66757 10204 12
3575 66757 10204 12
3581 66757 10204 12
3587 66757 10204 12
3593 66757 10204 12
3599 66757 10204 12
3605 66757 10204 12
3611 66757 10204 12
3617 66757 10204 12
3623 66757 10204 12
3629 66757 10204 12
3635 66757 10204 12
3641 66757 10204 12
3647 66757 10204 12
3653 66757 10204 12
3659 66757 10204 12
3665 66757 10204 12
3671 66757 10204 12
3677 67498 8518 10
3683 67498 8518 10
3689 67498 8518 10
3695 67498 8518 10
3701 67498 8518 10
3707 67498 8518 10
3713 67498 8518 10
3719 67498 8518 10
3725 67498 8518 10
3731 67498 8518 10
3737 67498 8518 10
3743 67498 8518 10
3749 67498 8518 10
3755 67498 8518 10
3761 67498 8518 10
3767 67498 8518 10
3773 67498 8518 10
3779 67498 8518 10
3785 67498 8518 10
3791 67498 8518 10
3797 67498 8518 10
3803 67498 8518 10
3809 67498 8518 10
3815 67498 8518 10
3821 67498 8518 10
3827 67498 8518 10
3833 67498 8518 10
3839 67498 8518 10
3845 67498 8518 10
3851 67498 8518 10
3857 67498 8518 10
3863 67498 8518 10
3869 67498 8518 10
3875 67498 8518 10
3881 67498 8518 10
3887 67498 8518 10
3893 67498 8518 10
3899 67498 8518 10
3905 67498 8518 10
3911 67498 8518 10
3917 67498 8518 10
3923 67498 8518 10
3929 67498 8518 10
3935 67498 8518 10
3941 67498 8518 10
3947 67498 8518 10
3953 67498 8518 10
3959 67498 8518 10
3965 67498 8518 10
3971 67498 8518 10
3977 67498 8518 10
3983 67498 8518 10
3989 67498 8518 10
3995 67498 8518 10
4001 67498 8518 10
4007 67498 8518 10
4013 67498 8518 10
4019 67498 8518 10
4025 67498 8518 10
4031 67498 8518 10
4037 67498 8518 10
4043 67498 8518 10
4049 67498 8518 10
4055 67498 8518 10
4061 67498 8518 10
4067 67498 8518 10
4073 67498 8518 10
4079 67498 8518 10
4085 67498 8518 10
4091 67498 8518 10
4097 67498 8518 10
4103 67498 8518 10
4109 67498 8518 10
4115 67498 8518 10
4121 67498 8518 10
4127 67498 8518 10
4133 67498 8518 10
4139 67498 8518 10
4145 67498 8518 10
4151 67498 8518 10
4157 67498 8518 10
4163 67498 8518 10
4169 67498 8518 10
4175 67498 8518 10
4181 67498 8518 10
4187 67498 8518 10
4193 67498 8518 10
4199 67498 8518 10
4205 67498 8518 10
4211 67498 8518 10
4217 67498 8518 10
4223 67498 8518 10
4229 67498 8518 10
4235 67498 8518 10
4241 67498 8518 10
4247 67498 8518 10
4253 67498 8518 10
4259 67498 8518 10
4265 67498 8518 10
4271 67498 8518 10
4277 67498 8518 10
4283 67498 8518 10
4289 67498 8518 10
4295 67498 8518 10
4301 67498 8518 10
4307 67498 8518 10
4313 67498 8518 10
4319 67498 8518 10
4325 67498 8518 10
4331 67498 8518 10
4337 67498 8518 10
4343 67498 8518 10
4349 67498 8518 10
4355 67498 8518 10
4361 67498 8518 10
4367 67498 8518 10
4373 67498 8518 10
4379 67498 8518 10
4385 67498 8518 10
4391 67498 8518 10
4397 67498 8518 10
4403 67498 8518 10
4409 67498 8518 10
4415 67498 8518 10
4421 67498 8518 10
4427 67498 8518 10
4433 67498 8518 10
4439 67498 8518 10
4445 67498 8518 10
4451 67498 8518 10
4457 67498 8518 10
4463 67498 8518 10
4469 67498 8518 10
4475 67498 8518 10
4481 67498 8518 10
4487 67498 8518 10
4493 67498 8518 10
4499 67498 8518 10
4505 67498 8518 10
4511 67525 8042 10
4517 67525 8042 10
4523 67525 8042 10
4529 67525 8042 10
4535 67525 8042 10
4541 67525 8042 10
4547 67525 8042 10
4553 67525 8042 10
4559 67525 8042 10
4565 67525 8042 10
4571 67525 8042 10
4577 67525 8042 10
4583 67525 8042 10
4589 67525 8042 10
4595 67525 8042 10
4601 67525 8042 10
4607 67525 8042 10
4613 67525 8042 10
4619 67525 8042 10
4625 67525 8042 10
4631 67525 8042 10
4637 67525 8042 10
4643 67525 8042 10
4649 67525 8042 10
4655 67525 8042 10
4661 67525 8042 10
4667 67525 8042 10
4673 67525 8042 10
4679 67525 8042 10
4685 67525 8042 10
4691 67525 8042 10
4697 67525 8042 10
4703 67525 8042 10
4709 67525 8042 10
4715 67525 8042 10
4721 67525 8042 10
4727 67525 8042 10
4733 67525 8042 10
4739 67525 8042 10
4745 67525 8042 10
4751 67525 8042 10
4757 67525 8042 10
4763 67525 8042 10
4769 67525 8042 10
4775 67525 8042 10
4781 67525 8042 10
4787 67525 8042 10
4793 67525 8042 10
4799 67525 8042 10
4805 67525 8042 10
4811 67525 8042 10
4817 67525 8042 10
4823 67525 8042 10
4829 67525 8042 10
4835 67525 8042 10
4841 67525 8042 10
4847 67525 8042 10
4853 67525 8042 10
4859 67525 8042 10
4865 67525 8042 10
4871 67525 8042 10
4877 67525 8042 10
4883 67525 8042 10
4889 67525 8042 10
4895 67525 8042 10
4901 67525 8042 10
4907 67525 8042 10
4913 67525 8042 10
4919 67525 8042 10
4925 67525 8042 10
4931 67525 8042 10
4937 67525 8042 10
4943 67525 8042 10
4949 67525 8042 10
4955 67525 8042 10
4961 67525 8042 10
4967 67525 8042 10
4973 67525 8042 10
4979 67525 8042 10
4985 67525 8042 10
4991 67525 8042 10
4997 67525 8042 10
5003 67525 8042 10
5009 67525 8042 10
5015 67525 8042 10
5021 67525 8042 10
5027 67525 8042 10
5033 67525 8042 10
5039 67525 8042 10
5045 67525 8042 10
5051 67525 8042 10
5057 67525 8042 10
5063 67525 8042 10
5069 67525 8042 10
5075 67525 8042 10
5081 67525 8042 10
5087 67525 8042 10
5093 67525 8042 10
5099 67525 8042 10
5105 67525 8042 10
5111 67525 8042 10
5117 67525 8042 10
5123 67525 8042 10
5129 67525 8042 10
5135 67525 8042 10
5141 67525 8042 10
5147 67525 8042 10
5153 67525 8042 10
5159 67525 8042 10
5165 67525 8042 10
5171 67525 8042 10
5177 67525 8042 10
5183 67525 8042 10
5189 67525 8042 10
5195 67525 8042 10
5201 67525 8042 10
5207 67525 8042 10
5213 67525 8042 10
5219 67525 8042 10
5225 67525 8042 10
5231 67525 8042 10
5237 67525 8042 10
5243 67525 8042 10
5249 67525 8042 10
5255 67525 8042 10
5261 67525 8042 10
5267 67525 8042 10
5273 67525 8042 10
5279 67525 8042 10
5285 67525 8042 10
5291 67525 8042 10
5297 67525 8042 10
5303 67525 8042 10
5309 67525 8042 10
5315 67525 8042 10
5321 67525 8042 10
5327 67525 8042 10
5333 67525 8042 10
5339 67525 8042 10
5345 67525 8042 10
5351 67525 8042 10
5357 67525 8042 10
5363 67525 8042 10
5369 67525 8042 10
5375 67525 8042 10
5381 67525 8042 10
5387 67525 8042 10
5393 67525 8042 10
5399 67525 8042 10
5405 67525 8042 10
5411 67525 8042 10
5417 67525 8042 10
5423 67525 8042 10
5429 67525 8042 10
5435 67525 8042 10
5441 67525 8042 10
5447 67525 8042 10
5453 67525 8042 10
5459 67525 8042 10
5465 67525 8042 10
5471 67525 8042 10
5477 67525 8042 10
5483 67525 8042 10
5489 67525 8042 10
5495 67525 8042 10
5501 67525 8042 10
5507 67525 8042 10
5513 67525 8042 10
5519 67525 8042 10
5525 67525 8042 10
5531 67525 8042 10
5537 67525 8042 10
5543 67525 8042 10
5549 67525 8042 10
5555 67525 8042 10
5561 67525 8042 10
5567 67525 8042 10
5573 67525 8042 10
5579 67525 8042 10
5585 67525 8042 10
5591 67525 8042 10
5597 67525 8042 10
5603 67525 8042 10
5609 67525 8042 10
5615 67525 8042 10
5621 67525 8042 10
5627 67525 8042 10
5633 67525 8042 10
5639 67525 8042 10
5645 67525 8042 10
5651 67525 8042 10
5657 67525 8042 10
5663 67525 8042 10
5669 67525 8042 10
5675 67525 8042 10
5681 67525 8042 10
5687 67525 8042 10
5693 67525 8042 10
5699 67525 8042 10
5705 67525 8042 10
5711 67525 8042 10
5717 67525 8042 10
5723 67525 8042 10
5729 67525 8042 10
5735 67525 8042 10
5741 67525 8042 10
5747 67525 8042 10
5753 67525 8042 10
5759 67525 8042 10
5765 67525 8042 10
5771 67525 8042 10
5777 67525 8042 10
5783 67525 8042 10
5789 67525 8042 10
5795 67525 8042 10
5801 67525 8042 10
5807 67525 8042 10
5813 67525 8042 10
5819 67525 8042 10
5825 67525 8042 10
5831 67525 8042 10
5837 67525 8042 10
5843 67525 8042 10
5849 67525 8042 10
5855 67525 8042 10
5861 67525 8042 10
5867 67525 8042 10
5873 67525 8042 10
5879 67525 8042 10
5885 67525 8042 10
5891 67525 8042 10
5897 67525 8042 10
5903 67525 8042 10
5909 67525 8042 10
5915 67525 8042 10
5921 67525 8042 10
5927 67525 8042 10
5933 67525 8042 10
5939 67525 8042 10
5945 67525 8042 10
5951 67525 8042 10
5957 67525 8042 10
5963 67525 8042 10
5969 67525 8042 10
5975 67525 8042 10
5981 67525 8042 10
5987 67525 8042 10
5993 67525 8042 10
5999 67525 8042 10
6005 67525 8042 10
6011 67525 8042 10
6017 67525 8042 10
6023 67525 8042 10
6029 67525 8042 10
6035 67525 8042 10
6041 67525 8042 10
6047 67525 8042 10
6053 67525 8042 10
6059 67525 8042 10
6065 67525 8042 10
6071 67525 8042 10
6077 67525 8042 10
6083 67525 8042 10
6089 67525 8042 10
6095 67525 8042 10
6101 67525 8042 10
6107 67525 8042 10
6113 67525 8042 10
6119 67525 8042 10
6125 67525 8042 10
6131 67525 8042 10
6137 67525 8042 10
6143 67525 8042 10
6149 67525 8042 10
6155 67525 8042 10
6161 67525 8042 10
6167 67525 8042 10
6173 67525 8042 10
6179 67525 8042 10
6185 67525 8042 10
6191 67525 8042 10
6197 67525 8042 10
6203 67525 8042 10
6209 67525 8042 10
6215 67525 8042 10
6221 67525 8042 10
6227 67525 8042 10
6233 67525 8042 10
6239 67525 8042 10
6245 67525 8042 10
6251 67525 8042 10
6257 67525 8042 10
6263 67525 8042 10
6269 67525 8042 10
6275 67525 8042 10
6281 67525 8042 10
6287 67525 8042 10
6293 67525 8042 10
6299 67525 8042 10
6305 67525 8042 10
6311 67525 8042 10
6317 67525 8042 10
6323 67525 8042 10
6329 67525 8042 10
6335 67525 8042 10
6341 67525 8042 10
6347 67525 8042 10
6353 67525 8042 10
6359 67525 8042 10
6365 67525 8042 10
6371 67525 8042 10
6377 67525 8042 10
6383 67525 8042 10
6389 67525 8042 10
6395 67525 8042 10
6401 67525 8042 10
6407 67525 8042 10
6413 67525 8042 10
6419 67525 8042 10
6425 67525 8042 10
6431 67525 8042 10
6437 67525 8042 10
6443 67525 8042 10
6449 67525 8042 10
6455 67525 8042 10
6461 67525 8042 10
6467 67525 8042 10
6473 67525 8042 10
6479 67525 8042 10
6485 67525 8042 10
6491 67525 8042 10
6497 67525 8042 10
6503 67525 8042 10
6509 67525 8042 10
6515 67525 8042 10
6521 67525 8042 10
6527 67525 8042 10
6533 67525 8042 10
6539 67525 8042 10
6545 67525 8042 10
6551 67525 8042 10
6557 67525 8042 10
6563 67525 8042 10
6569 67525 8042 10
6575 67525 8042 10
6581 67525 8042 10
6587 67525 8042 10
6593 67525 8042 10
6599 67525 8042 10
6605 67525 8042 10
6611 67525 8042 10
6617 67525 8042 10
6623 67525 8042 10
6629 67525 8042 10
6635 67525 8042 10
6641 67525 8042 10
6647 67525 8042 10
6653 67525 8042 10
6659 67525 8042 10
6665 67525 8042 10
6671 67525 8042 10
6677 67525 8042 10
6683 67525 8042 10
6689 67525 8042 10
6695 67525 8042 10
6701 67525 8042 10
6707 67525 8042 10
6713 67525 8042 10
6719 67525 8042 10
6725 67525 8042 10
6731 67525 8042 10
6737 67525 8042 10
6743 67525 8042 10
6749 67525 8042 10
6755 67525 8042 10
6761 67525 8042 10
6767 67525 8042 10
6773 67525 8042 10
6779 67525 8042 10
6785 67525 8042 10
6791 67525 8042 10
6797 67525 8042 10
6803 67525 8042 10
6809 67525 8042 10
6815 67525 8042 10
6821 67525 8042 10
6827 67525 8042 10
6833 67525 8042 10
6839 67525 8042 10
6845 67525 8042 10
6851 67525 8042 10
6857 67525 8042 10
6863 67525 8042 10
6869 67525 8042 10
6875 67525 8042 10
6881 67525 8042 10
6887 67525 8042 10
6893 67525 8042 10
6899 67525 8042 10
6905 67525 8042 10
6911 67525 8042 10
6917 67525 8042 10
6923 67525 8042 10
6929 67525 8042 10
6935 67525 8042 10
6941 67525 8042 10
6947 67525 8042 10
6953 67525 8042 10
6959 67525 8042 10
6965 67525 8042 10
6971 67525 8042 10
6977 67525 8042 10
6983 67525 8042 10
6989 67525 8042 10
6995 67525 8042 10
7001 67525 8042 10
7007 67525 8042 10
7013 67525 8042 10
7019 67525 8042 10
7025 67525 8042 10
7031 67525 8042 10
7037 67525 8042 10
7043 67525 8042 10
7049 67525 8042 10
7055 67525 8042 10
7061 67525 8042 10
7067 67525 8042 10
7073 67525 8042 10
7079 67525 8042 10
7085 67525 8042 10
7091 67525 8042 10
7097 67525 8042 10
7103 67525 8042 10
7109 67525 8042 10
7115 67525 8042 10
7121 67525 8042 10
7127 67525 8042 10
7133 67525 8042 10
7139 67525 8042 10
7145 67525 8042 10
7151 67525 8042 10
7157 67525 8042 10
7163 67525 8042 10
7169 67525 8042 10
7175 67525 8042 10
7181 67525 8042 10
7187 67525 8042 10
7193 67525 8042 10
7199 67525 8042 10
7205 67525 8042 10
7211 67525 8042 10
7217 67525 8042 10
7223 67525 8042 10
7229 67525 8042 10
7235 67525 8042 10
7241 67525 8042 10
7247 67525 8042 10
7253 67525 8042 10
7259 67525 8042 10
7265 67525 8042 10
7271 67525 8042 10
7277 67525 8042 10
7283 67525 8042 10
7289 67525 8042 10
7295 67525 8042 10
7301 67525 8042 10
7307 67525 8042 10
7313 67525 8042 10
7319 67525 8042 10
7325 67525 8042 10
7331 67525 8042 10
7337 67525 8042 10
7343 67525 8042 10
7349 67525 8042 10
7355 67525 8042 10
7361 67525 8042 10
7367 67525 8042 10
7373 67525 8042 10
7379 67525 8042 10
7385 67525 8042 10
7391 67525 8042 10
7397 67525 8042 10
7403 67525 8042 10
7409 67525 8042 10
7415 67525 8042 10
7421 67525 8042 10
7427 67525 8042 10
7433 67525 8042 10
7439 67525 8042 10
7445 67525 8042 10
7451 67525 8042 10
7457 67525 8042 10
7463 67525 8042 10
7469 67525 8042 10
7475 67525 8042 10
7481 67525 8042 10
7487 67525 8042 10
7493 67525 8042 10
7499 67525 8042 10
7505 67525 8042 10
7511 67525 8042 10
7517 67525 8042 10
7523 67525 8042 10
7529 67525 8042 10
7535 67525 8042 10
7541 67525 8042 10
7547 67525 8042 10
7553 67525 8042 10
7559 67525 8042 10
7565 67525 8042 10
7571 67525 8042 10
7577 67525 8042 10
7583 67525 8042 10
7589 67525 8042 10
7595 67525 8042 10
7601 67525 8042 10
7607 67525 8042 10
7613 67525 8042 10
7619 67525 8042 10
7625 67525 8042 10
7631 67525 8042 10
7637 67525 8042 10
7643 67525 8042 10
7649 67525 8042 10
7655 67525 8042 10
7661 67525 8042 10
7667 67525 8042 10
7673 67525 8042 10
7679 67525 8042 10
7685 67525 8042 10
7691 67525 8042 10
7697 67525 8042 10
7703 67525 8042 10
7709 67525 8042 10
7715 67525 8042 10
7721 67525 8042 10
7727 67525 8042 10
7733 67525 8042 10
7739 67525 8042 10
7745 67525 8042 10
7751 67525 8042 10
7757 67525 8042 10
7763 67525 8042 10
7769 67525 8042 10
7775 67525 8042 10
7781 67525 8042 10
7787 67525 8042 10
7793 67525 8042 10
7799 67525 8042 10
7805 67525 8042 10
7811 67525 8042 10
7817 67525 8042 10
7823 67525 8042 10
7829 67525 8042 10
7835 67525 8042 10
7841 67525 8042 10
7847 67525 8042 10
7853 67525 8042 10
7859 67525 8042 10
7865 67525 8042 10
7871 67525 8042 10
7877 67525 8042 10
7883 67525 8042 10
7889 67525 8042 10
7895 67525 8042 10
7901 67525 8042 10
7907 70191 8721 12
7913 70191 8721 12
7919 70191 8721 12
7925 70191 8721 12
7931 70191 8721 12
7937 70191 8721 12
7943 70191 8721 12
7949 70191 8721 12
7955 70191 8721 12
7961 70191 8721 12
7967 70191 8721 12
7973 70191 8721 12
7979 70191 8721 12
7985 70191 8721 12
7991 70191 8721 12
7997 70191 8721 12
8003 70191 8721 12
8009 70191 8721 12
8015 70191 8721 12
8021 70191 8721 12
8027 70191 8721 12
8033 70191 8721 12
8039 70191 8721 12
8045 70191 8721 12
8051 70191 8721 12
8057 70191 8721 12
8063 70191 8721 12
8069 70191 8721 12
8075 70191 8721 12
8081 70191 8721 12
8087 70191 8721 12
8093 70191 8721 12
8099 70191 8721 12
8105 70191 8721 12
8111 70191 8721 12
8117 70191 8721 12
8123 70191 8721 12
8129 70191 8721 12
8135 70191 8721 12
8141 70191 8721 12
8147 70191 8721 12
8153 70191 8721 12
8159 70191 8721 12
8165 70191 8721 12
8171 70191 8721 12
8177 70191 8721 12
8183 70191 8721 12
8189 70191 8721 12
8195 70191 8721 12
8201 70191 8721 12
8207 70191 8721 12
8213 70191 8721 12
8219 70191 8721 12
8225 70191 8721 12
8231 70191 8721 12
8237 70191 8721 12
8243 70191 8721 12
8249 70191 8721 12
8255 70191 8721 12
8261 70191 8721 12
8267 70191 8721 12
8273 70191 8721 12
8279 70191 8721 12
8285 70191 8721 12
8291 70191 8721 12
8297 70191 8721 12
8303 70191 8721 12
8309 70191 8721 12
8315 70191 8721 12
8321 70191 8721 12
8327 70191 8721 12
8333 70191 8721 12
8339 70191 8721 12
8345 70191 8721 12
8351 70191 8721 12
8357 70191 8721 12
8363 70191 8721 12
8369 70191 8721 12
8375 70191 8721 12
8381 70191 8721 12
8387 70191 8721 12
8393 70191 8721 12
8399 70191 8721 12
8405 70191 8721 12
8411 70191 8721 12
8417 70191 8721 12
8423 70191 8721 12
8429 70191 8721 12
8435 70191 8721 12
8441 70191 8721 12
8447 70191 8721 12
8453 70191 8721 12
8459 70191 8721 12
8465 70191 8721 12
8471 70191 8721 12
8477 70191 8721 12
8483 70191 8721 12
8489 70191 8721 12
8495 70191 8721 12
8501 70191 8721 12
8507 70191 8721 12
8513 70191 8721 12
8519 70191 8721 12
8525 70191 8721 12
8531 70191 8721 12
8537 70191 8721 12
8543 70191 8721 12
8549 70191 8721 12
8555 70191 8721 12
8561 70191 8721 12
8567 70191 8721 12
8573 70191 8721 12
8579 70191 8721 12
8585 70191 8721 12
8591 70191 8721 12
8597 70191 8721 12
8603 70191 8721 12
8609 70191 8721 12
8615 70191 8721 12
8621 70191 8721 12
8627 70191 8721 12
8633 70191 8721 12
8639 70191 8721 12
8645 70191 8721 12
8651 70191 8721 12
8657 70191 8721 12
8663 70191 8721 12
8669 70191 8721 12
8675 70191 8721 12
8681 70191 8721 12
8687 70191 8721 12
8693 70191 8721 12
8699 70191 8721 12
8705 70191 8721 12
8711 70191 8721 12
8717 70191 8721 12
8723 70191 8721 12
8729 70191 8721 12
8735 70191 8721 12
8741 70191 8721 12
8747 70191 8721 12
8753 70191 8721 12
8759 70191 8721 12
8765 70191 8721 12
8771 70191 8721 12
8777 70191 8721 12
8783 70191 8721 12
8789 70191 8721 12
8795 70191 8721 12
8801 70191 8721 12
8807 70191 8721 12
8813 70191 8721 12
8819 70191 8721 12
8825 70191 8721 12
8831 70191 8721 12
8837 70191 8721 12
8843 70191 8721 12
8849 70191 8721 12
8855 70191 8721 12
8861 70191 8721 12
8867 70191 8721 12
8873 70191 8721 12
8879 70191 8721 12
8885 70191 8721 12
8891 70191 8721 12
8897 70191 8721 12
8903 70191 8721 12
8909 70191 8721 12
8915 70191 8721 12
8921 70191 8721 12
8927 70191 8721 12
8933 70191 8721 12
8939 70191 8721 12
8945 70191 8721 12
8951 70191 8721 12
8957 70191 8721 12
8963 70191 8721 12
8969 70191 8721 12
8975 70191 8721 12
8981 70191 8721 12
8987 70191 8721 12
8993 70191 8721 12
8999 70191 8721 12
9005 70191 8721 12
9011 70191 8721 12
9017 70191 8721 12
9023 70191 8721 12
9029 70191 8721 12
9035 70191 8721 12
9041 70191 8721 12
9047 70191 8721 12
9053 70191 8721 12
9059 70191 8721 12
9065 70191 8721 12
9071 70191 8721 12
9077 70191 8721 12
9083 70191 8721 12
9089 70191 8721 12
9095 70191 8721 12
9101 70191 8721 12
9107 70191 8721 12
9113 70191 8721 12
9119 70191 8721 12
9125 70191 8721 12
9131 70191 8721 12
9137 70191 8721 12
9143 70191 8721 12
9149 70191 8721 12
9155 70191 8721 12
9161 70191 8721 12
9167 70191 8721 12
9173 70191 8721 12
9179 70191 8721 12
9185 70191 8721 12
9191 70191 8721 12
9197 70191 8721 12
9203 70191 8721 12
9209 70191 8721 12
9215 70191 8721 12
9221 70191 8721 12
9227 70191 8721 12
9233 70191 8721 12
9239 70191 8721 12
9245 70191 8721 12
9251 70191 8721 12
9257 70191 8721 12
9263 70191 8721 12
9269 70191 8721 12
9275 70191 8721 12
9281 70191 8721 12
9287 70191 8721 12
9293 70191 8721 12
9299 70191 8721 12
9305 70191 8721 12
9311 70191 8721 12
9317 70191 8721 12
9323 70191 8721 12
9329 70191 8721 12
9335 70191 8721 12
9341 70191 8721 12
9347 70191 8721 12
9353 70191 8721 12
9359 70191 8721 12
9365 70191 8721 12
9371 70191 8721 12
9377 70191 8721 12
9383 70191 8721 12
9389 70191 8721 12
9395 70191 8721 12
9401 70191 8721 12
9407 70191 8721 12
9413 70191 8721 12
9419 70191 8721 12
9425 70191 8721 12
9431 70191 8721 12
9437 70191 8721 12
9443 70191 8721 12
9449 70191 8721 12
9455 70191 8721 12
9461 70191 8721 12
9467 70191 8721 12
9473 70191 8721 12
9479 70191 8721 12
9485 70191 8721 12
9491 70191 8721 12
9497 70191 8721 12
9503 70191 8721 12
9509 70191 8721 12
9515 70191 8721 12
9521 70191 8721 12
9527 70191 8721 12
9533 70191 8721 12
9539 70191 8721 12
9545 70191 8721 12
9551 70191 8721 12
9557 70191 8721 12
9563 70191 8721 12
9569 70191 8721 12
9575 70191 8721 12
9581 70191 8721 12
9587 70191 8721 12
9593 70191 8721 12
9599 70191 8721 12
9605 70191 8721 12
9611 70191 8721 12
9617 70191 8721 12
9623 70191 8721 12
9629 70191 8721 12
9635 70191 8721 12
9641 70191 8721 12
9647 70191 8721 12
9653 70191 8721 12
9659 70191 8721 12
9665 70191 8721 12
9671 70191 8721 12
9677 70191 8721 12
9683 70191 8721 12
9689 70191 8721 12
9695 70191 8721 12
9701 70191 8721 12
9707 70191 8721 12
9713 70191 8721 12
9719 70191 8721 12
9725 70191 8721 12
9731 70191 8721 12
9737 70191 8721 12
9743 70191 8721 12
9749 70191 8721 12
9755 70191 8721 12
9761 70191 8721 12
9767 70191 8721 12
9773 70191 8721 12
9779 70191 8721 12
9785 70191 8721 12
9791 70191 8721 12
9797 70191 8721 12
9803 70191 8721 12
9809 70191 8721 12
9815 70191 8721 12
9821 70191 8721 12
9827 70191 8721 12
9833 70191 8721 12
9839 70191 8721 12
9845 70191 8721 12
9851 70191 8721 12
9857 70191 8721 12
9863 70191 8721 12
9869 70191 8721 12
9875 70191 8721 12
9881 70191 8721 12
9887 70191 8721 12
9893 70191 8721 12
9899 70191 8721 12
9905 70191 8721 12
9911 70191 8721 12
9917 70191 8721 12
9923 70191 8721 12
9929 70191 8721 12
9935 70191 8721 12
9941 70191 8721 12
9947 70191 8721 12
9953 70191 8721 12
9959 70191 8721 12
9965 70191 8721 12
9971 70191 8721 12
9977 70191 8721 12
9983 70191 8721 12
9989 70191 8721 12
9995 70191 8721 12
10001 70191 8721 12
