5 3778 3644 11
11 3778 3644 11
17 3778 3644 11
23 3794 3642 9
29 3794 3642 9
35 3794 3642 9
41 3794 3642 9
47 3794 3642 9
53 3794 3642 9
59 3804 3650 5
65 3804 3650 5
71 3804 3650 5
77 3804 3650 5
83 3804 3650 5
89 3804 3650 5
95 3804 3650 5
101 3814 3658 14
107 3814 3658 14
113 3814 3658 14
119 3814 3658 14
125 3814 3658 14
131 3814 3658 14
137 3814 3658 14
143 3814 3658 14
149 3814 3658 14
155 3814 3658 14
161 3814 3658 14
167 3814 3658 14
173 3814 3658 14
179 3814 3658 14
185 3814 3658 14
191 3814 3658 14
197 3814 3658 14
203 3814 3658 14
209 3814 3658 14
215 3814 3658 14
221 3814 3658 14
227 3814 3658 14
233 3814 3658 14
239 3814 3658 14
245 3814 3658 14
251 3814 3658 14
257 3814 3658 14
263 3814 3658 14
269 3814 3658 14
275 3814 3658 14
281 3814 3658 14
287 3814 3658 14
293 3814 3658 14
299 3814 3658 14
305 3814 3658 14
311 3814 3658 14
317 3814 3658 14
323 3814 3658 14
329 3814 3658 14
335 3814 3658 14
341 3814 3658 14
347 3814 3658 14
353 3814 3658 14
359 3814 3658 14
365 3814 3658 14
371 3814 3658 14
377 3814 3658 14
383 3814 3658 14
389 3814 3658 14
395 3814 3658 14
401 3814 3658 14
407 3814 3658 14
413 3814 3658 14
419 3814 3658 14
425 3814 3658 14
431 3814 3658 14
437 3814 3658 14
443 3814 3658 14
449 3814 3658 14
455 3814 3658 14
461 3814 3658 14
467 3814 3658 14
473 3814 3658 14
479 3814 3658 14
485 3814 3658 14
491 3814 3658 14
497 3814 3658 14
503 3814 3658 14
509 3814 3658 14
515 3814 3658 14
521 3814 3658 14
527 3814 3658 14
533 3814 3658 14
539 3814 3658 14
545 3814 3658 14
551 3814 3658 14
557 3814 3658 14
563 3814 3658 14
569 3814 3658 14
575 3814 3658 14
581 3814 3658 14
587 3814 3658 14
593 3814 3658 14
599 3814 3658 14
605 3814 3658 14
611 3814 3658 14
617 3814 3658 14
623 3814 3658 14
629 3814 3658 14
635 3814 3658 14
641 3814 3658 14
647 3814 3658 14
653 3814 3658 14
659 3814 3658 14
665 3814 3658 14
671 3814 3658 14
677 3814 3658 14
683 3814 3658 14
689 3814 3658 14
695 3814 3658 14
701 3814 3658 14
707 3814 3658 14
713 3814 3658 14
719 3814 3658 14
725 3814 3658 14
731 3814 3658 14
737 3814 3658 14
743 3814 3658 14
749 3814 3658 14
755 3814 3658 14
761 3814 3658 14
767 3814 3658 14
773 3814 3658 14
779 3814 3658 14
785 3814 3658 14
791 3814 3658 14
797 3814 3658 14
803 3814 3658 14
809 3814 3658 14
815 3814 3658 14
821 3814 3658 14
827 3814 3658 14
833 3814 3658 14
839 3814 3658 14
845 3814 3658 14
851 3814 3658 14
857 3814 3658 14
863 3814 3658 14
869 3814 3658 14
875 3814 3658 14
881 3814 3658 14
887 3814 3658 14
893 3814 3658 14
899 3814 3658 14
905 3814 3658 14
911 3814 3658 14
917 3814 3658 14
923 3814 3658 14
929 3814 3658 14
935 3814 3658 14
941 3814 3658 14
947 3814 3658 14
953 3814 3658 14
959 3814 3658 14
965 3814 3658 14
971 3814 3658 14
977 3814 3658 14
983 3814 3658 14
989 3814 3658 14
995 3814 3658 14
1001 3814 3658 14
1007 3814 3658 14
1013 3814 3658 14
1019 3814 3658 14
1025 3814 3658 14
1031 3814 3658 14
1037 3814 3658 14
1043 3814 3658 14
1049 3814 3658 14
1055 3814 3658 14
1061 3814 3658 14
1067 3814 3658 14
1073 3814 3658 14
1079 3814 3658 14
1085 3814 3658 14
1091 3814 3658 14
1097 3814 3658 14
1103 3814 3658 14
1109 3814 3658 14
1115 3814 3658 14
1121 3814 3658 14
1127 3814 3658 14
1133 3814 3658 14
1139 3814 3658 14
1145 3814 3658 14
1151 3814 3658 14
1157 3814 3658 14
1163 3814 3658 14
1169 3814 3658 14
1175 3814 3658 14
1181 3814 3658 14
1187 3814 3658 14
1193 3814 3658 14
1199 3814 3658 14
1205 3814 3658 14
1211 3814 3658 14
1217 3814 3658 14
1223 3814 3658 14
1229 3814 3658 14
1235 3814 3658 14
1241 3814 3658 14
1247 3814 3658 14
1253 3814 3658 14
1259 3814 3658 14
1265 3814 3658 14
1271 3814 3658 14
1277 3814 3658 14
1283 3814 3658 14
1289 3814 3658 14
1295 3814 3658 14
1301 3814 3658 14
1307 3814 3658 14
1313 3814 3658 14
1319 3814 3658 14
1325 3814 3658 14
1331 3814 3658 14
1337 3814 3658 14
1343 3814 3658 14
1349 3814 3658 14
1355 3814 3658 14
1361 3814 3658 14
1367 3814 3658 14
1373 3814 3658 14
1379 3814 3658 14
1385 3814 3658 14
1391 3814 3658 14
1397 3814 3658 14
1403 3814 3658 14
1409 3814 3658 14
1415 3814 3658 14
1421 3814 3658 14
1427 3814 3658 14
1433 3814 3658 14
1439 3814 3658 14
1445 3814 3658 14
1451 3814 3658 14
1457 3814 3658 14
1463 3814 3658 14
1469 3814 3658 14
1475 3814 3658 14
1481 3814 3658 14
1487 3814 3658 14
1493 3814 3658 14
1499 3814 3658 14
1505 3814 3658 14
1511 3814 3658 14
1517 3814 3658 14
1523 3814 3658 14
1529 3814 3658 14
1535 3814 3658 14
1541 3814 3658 14
1547 3814 3658 14
1553 3814 3658 14
1559 3814 3658 14
1565 3814 3658 14
1571 3814 3658 14
1577 3814 3658 14
1583 3814 3658 14
1589 3814 3658 14
1595 3814 3658 14
1601 3814 3658 14
1607 3814 3658 14
1613 3814 3658 14
1619 3814 3658 14
1625 3814 3658 14
1631 3814 3658 14
1637 3814 3658 14
1643 3814 3658 14
1649 3814 3658 14
1655 3814 3658 14
1661 3814 3658 14
1667 3814 3658 14
1673 3814 3658 14
1679 3814 3658 14
1685 3814 3658 14
1691 3814 3658 14
1697 3814 3658 14
1703 3814 3658 14
1709 3814 3658 14
1715 3814 3658 14
1721 3814 3658 14
1727 3814 3658 14
1733 3814 3658 14
1739 3814 3658 14
1745 3814 3658 14
1751 3814 3658 14
1757 3814 3658 14
1763 3814 3658 14
1769 3814 3658 14
1775 3814 3658 14
1781 3814 3658 14
1787 3814 3658 14
1793 3814 3658 14
1799 3814 3658 14
1805 3814 3658 14
1811 3814 3658 14
1817 3814 3658 14
1823 3814 3658 14
1829 3814 3658 14
1835 3814 3658 14
1841 3814 3658 14
1847 3814 3658 14
1853 3814 3658 14
1859 3814 3658 14
1865 3814 3658 14
1871 3814 3658 14
1877 3814 3658 14
1883 3814 3658 14
1889 3814 3658 14
1895 3814 3658 14
1901 3814 3658 14
1907 3814 3658 14
1913 3814 3658 14
1919 3814 3658 14
1925 3814 3658 14
1931 3814 3658 14
1937 3814 3658 14
1943 3814 3658 14
1949 3814 3658 14
1955 3814 3658 14
1961 3814 3658 14
1967 3814 3658 14
1973 3814 3658 14
1979 3814 3658 14
1985 3814 3658 14
1991 3814 3658 14
1997 3814 3658 14
2003 3814 3658 14
2009 3814 3658 14
2015 3814 3658 14
2021 3814 3658 14
2027 3814 3658 14
2033 3814 3658 14
2039 3814 3658 14
2045 3814 3658 14
2051 3814 3658 14
2057 3814 3658 14
2063 3814 3658 14
2069 3814 3658 14
2075 3814 3658 14
2081 3814 3658 14
2087 3814 3658 14
2093 3814 3658 14
2099 3814 3658 14
2105 3814 3658 14
2111 3814 3658 14
2117 3814 3658 14
2123 3814 3658 14
2129 3814 3658 14
2135 3814 3658 14
2141 3814 3658 14
2147 3814 3658 14
2153 3814 3658 14
2159 3814 3658 14
2165 3814 3658 14
2171 3814 3658 14
2177 3814 3658 14
2183 3814 3658 14
2189 3814 3658 14
2195 3814 3658 14
2201 3814 3658 14
2207 3814 3658 14
2213 3814 3658 14
2219 3814 3658 14
2225 3814 3658 14
2231 3814 3658 14
2237 3814 3658 14
2243 3814 3658 14
2249 3814 3658 14
2255 3814 3658 14
2261 3814 3658 14
2267 3814 3658 14
2273 3814 3658 14
2279 3814 3658 14
2285 3814 3658 14
2291 3814 3658 14
2297 3814 3658 14
2303 3814 3658 14
2309 3814 3658 14
2315 3814 3658 14
2321 3814 3658 14
2327 3814 3658 14
2333 3814 3658 14
2339 3814 3658 14
2345 3814 3658 14
2351 3814 3658 14
2357 3814 3658 14
2363 3814 3658 14
2369 3814 3658 14
2375 3814 3658 14
2381 3814 3658 14
2387 3814 3658 14
2393 3814 3658 14
2399 3814 3658 14
2405 3814 3658 14
2411 3814 3658 14
2417 3814 3658 14
2423 3814 3658 14
2429 3814 3658 14
2435 3814 3658 14
2441 3814 3658 14
2447 3814 3658 14
2453 3814 3658 14
2459 3814 3658 14
2465 3814 3658 14
2471 3814 3658 14
2477 3814 3658 14
2483 3814 3658 14
2489 3814 3658 14
2495 3814 3658 14
2501 3814 3658 14
2507 3814 3658 14
2513 3814 3658 14
2519 3814 3658 14
2525 3814 3658 14
2531 3814 3658 14
2537 3814 3658 14
2543 3814 3658 14
2549 3814 3658 14
2555 3814 3658 14
2561 3814 3658 14
2567 3814 3658 14
2573 3814 3658 14
2579 3814 3658 14
2585 3814 3658 14
2591 3814 3658 14
2597 3814 3658 14
2603 3814 3658 14
2609 3814 3658 14
2615 3814 3658 14
2621 3814 3658 14
2627 3814 3658 14
2633 3814 3658 14
2639 3814 3658 14
2645 3814 3658 14
2651 3814 3658 14
2657 3814 3658 14
2663 3814 3658 14
2669 3814 3658 14
2675 3814 3658 14
2681 3814 3658 14
2687 3814 3658 14
2693 3814 3658 14
2699 3814 3658 14
2705 3814 3658 14
2711 3814 3658 14
2717 3814 3658 14
2723 3814 3658 14
2729 3814 3658 14
2735 3814 3658 14
2741 3814 3658 14
2747 3814 3658 14
2753 3814 3658 14
2759 3814 3658 14
2765 3814 3658 14
2771 3814 3658 14
2777 3814 3658 14
2783 3814 3658 14
2789 3814 3658 14
2795 3814 3658 14
2801 3814 3658 14
2807 3814 3658 14
2813 3814 3658 14
2819 3814 3658 14
2825 3814 3658 14
2831 3814 3658 14
2837 3814 3658 14
2843 3814 3658 14
2849 3814 3658 14
2855 3814 3658 14
2861 3814 3658 14
2867 3814 3658 14
2873 3814 3658 14
2879 3814 3658 14
2885 3814 3658 14
2891 3814 3658 14
2897 3814 3658 14
2903 3814 3658 14
2909 3814 3658 14
2915 3814 3658 14
2921 3814 3658 14
2927 3814 3658 14
2933 3814 3658 14
2939 3814 3658 14
2945 3814 3658 14
2951 3814 3658 14
2957 3814 3658 14
2963 3814 3658 14
2969 3814 3658 14
2975 3814 3658 14
2981 3814 3658 14
2987 3814 3658 14
2993 3814 3658 14
2999 3814 3658 14
3005 3814 3658 14
3011 3814 3658 14
3017 3814 3658 14
3023 3814 3658 14
3029 3814 3658 14
3035 3814 3658 14
3041 3814 3658 14
3047 3814 3658 14
3053 3814 3658 14
3059 3814 3658 14
3065 3814 3658 14
3071 3814 3658 14
3077 3814 3658 14
3083 3814 3658 14
3089 3814 3658 14
3095 3814 3658 14
3101 3814 3658 14
3107 3814 3658 14
3113 3814 3658 14
3119 3814 3658 14
3125 3814 3658 14
3131 3814 3658 14
3137 3814 3658 14
3143 3814 3658 14
3149 3814 3658 14
3155 3814 3658 14
3161 3814 3658 14
3167 3814 3658 14
3173 3814 3658 14
3179 3814 3658 14
3185 3814 3658 14
3191 3814 3658 14
3197 3814 3658 14
3203 3814 3658 14
3209 3814 3658 14
3215 3814 3658 14
3221 3814 3658 14
3227 3814 3658 14
3233 3814 3658 14
3239 3814 3658 14
3245 3814 3658 14
3251 3814 3658 14
3257 3814 3658 14
3263 3814 3658 14
3269 3814 3658 14
3275 3814 3658 14
3281 3814 3658 14
3287 3814 3658 14
3293 3814 3658 14
3299 3814 3658 14
3305 3814 3658 14
3311 3814 3658 14
3317 3814 3658 14
3323 3814 3658 14
3329 3814 3658 14
3335 3814 3658 14
3341 3814 3658 14
3347 3814 3658 14
3353 3814 3658 14
3359 3814 3658 14
3365 3814 3658 14
3371 3814 3658 14
3377 3814 3658 14
3383 3814 3658 14
3389 3814 3658 14
3395 3814 3658 14
3401 3814 3658 14
3407 3814 3658 14
3413 3814 3658 14
3419 3814 3658 14
3425 3814 3658 14
3431 3814 3658 14
3437 3814 3658 14
3443 3814 3658 14
3449 3814 3658 14
3455 3814 3658 14
3461 3814 3658 14
3467 3814 3658 14
3473 3814 3658 14
3479 3814 3658 14
3485 3814 3658 14
3491 3814 3658 14
3497 3814 3658 14
3503 3814 3658 14
3509 3814 3658 14
3515 3814 3658 14
3521 3814 3658 14
3527 3814 3658 14
3533 3814 3658 14
3539 3814 3658 14
3545 3814 3658 14
3551 3814 3658 14
3557 3814 3658 14
3563 3814 3658 14
3569 3814 3658 14
3575 3814 3658 14
3581 3814 3658 14
3587 3814 3658 14
3593 3814 3658 14
3599 3814 3658 14
3605 3814 3658 14
3611 3814 3658 14
3617 3814 3658 14
3623 3814 3658 14
3629 3814 3658 14
3635 3814 3658 14
3641 3814 3658 14
3647 3814 3658 14
3653 3814 3658 14
3659 3814 3658 14
3665 3814 3658 14
3671 3814 3658 14
3677 3814 3658 14
3683 3814 3658 14
3689 3814 3658 14
3695 3814 3658 14
3701 3814 3658 14
3707 3814 3658 14
3713 3814 3658 14
3719 3814 3658 14
3725 3814 3658 14
3731 3814 3658 14
3737 3814 3658 14
3743 3814 3658 14
3749 3814 3658 14
3755 3814 3658 14
3761 3814 3658 14
3767 3814 3658 14
3773 3814 3658 14
3779 3814 3658 14
3785 3814 3658 14
3791 3814 3658 14
3797 3814 3658 14
3803 3814 3658 14
3809 3814 3658 14
3815 3814 3658 14
3821 3814 3658 14
3827 3814 3658 14
3833 3814 3658 14
3839 3814 3658 14
3845 3814 3658 14
3851 3814 3658 14
3857 3814 3658 14
3863 3814 3658 14
3869 3814 3658 14
3875 3814 3658 14
3881 3814 3658 14
3887 3814 3658 14
3893 3814 3658 14
3899 3814 3658 14
3905 3814 3658 14
3911 3814 3658 14
3917 3814 3658 14
3923 3814 3658 14
3929 3814 3658 14
3935 3814 3658 14
3941 3814 3658 14
3947 3814 3658 14
3953 3814 3658 14
3959 3814 3658 14
3965 3814 3658 14
3971 3814 3658 14
3977 3814 3658 14
3983 3814 3658 14
3989 3814 3658 14
3995 3814 3658 14
4001 3814 3658 14
4007 3814 3658 14
4013 3814 3658 14
4019 3814 3658 14
4025 3814 3658 14
4031 3814 3658 14
4037 3814 3658 14
4043 3814 3658 14
4049 3814 3658 14
4055 3814 3658 14
4061 3814 3658 14
4067 3814 3658 14
4073 3814 3658 14
4079 3814 3658 14
4085 3814 3658 14
4091 3814 3658 14
4097 3814 3658 14
4103 3814 3658 14
4109 3814 3658 14
4115 3814 3658 14
4121 3814 3658 14
4127 3814 3658 14
4133 3814 3658 14
4139 3814 3658 14
4145 3814 3658 14
4151 3814 3658 14
4157 3814 3658 14
4163 3814 3658 14
4169 3814 3658 14
4175 3814 3658 14
4181 3814 3658 14
4187 3814 3658 14
4193 3814 3658 14
4199 3814 3658 14
4205 3814 3658 14
4211 3814 3658 14
4217 3814 3658 14
4223 3814 3658 14
4229 3814 3658 14
4235 3814 3658 14
4241 3814 3658 14
4247 3814 3658 14
4253 3814 3658 14
4259 3814 3658 14
4265 3814 3658 14
4271 3814 3658 14
4277 3814 3658 14
4283 3814 3658 14
4289 3814 3658 14
4295 3814 3658 14
4301 3814 3658 14
4307 3814 3658 14
4313 3814 3658 14
4319 3814 3658 14
4325 3814 3658 14
4331 3814 3658 14
4337 3814 3658 14
4343 3814 3658 14
4349 3814 3658 14
4355 3814 3658 14
4361 3814 3658 14
4367 3814 3658 14
4373 3814 3658 14
4379 3814 3658 14
4385 3814 3658 14
4391 3814 3658 14
4397 3814 3658 14
4403 3814 3658 14
4409 3814 3658 14
4415 3814 3658 14
4421 3814 3658 14
4427 3814 3658 14
4433 3814 3658 14
4439 3814 3658 14
4445 3814 3658 14
4451 3814 3658 14
4457 3814 3658 14
4463 3814 3658 14
4469 3814 3658 14
4475 3814 3658 14
4481 3814 3658 14
4487 3814 3658 14
4493 3814 3658 14
4499 3814 3658 14
4505 3814 3658 14
4511 3814 3658 14
4517 3814 3658 14
4523 3814 3658 14
4529 3814 3658 14
4535 3814 3658 14
4541 3814 3658 14
4547 3814 3658 14
4553 3814 3658 14
4559 3814 3658 14
4565 3814 3658 14
4571 3814 3658 14
4577 3814 3658 14
4583 3814 3658 14
4589 3814 3658 14
4595 3814 3658 14
4601 3814 3658 14
4607 3814 3658 14
4613 3814 3658 14
4619 3814 3658 14
4625 3814 3658 14
4631 3814 3658 14
4637 3814 3658 14
4643 3814 3658 14
4649 3814 3658 14
4655 3814 3658 14
4661 3814 3658 14
4667 3814 3658 14
4673 3814 3658 14
4679 3814 3658 14
4685 3814 3658 14
4691 3814 3658 14
4697 3814 3658 14
4703 3814 3658 14
4709 3814 3658 14
4715 3814 3658 14
4721 3814 3658 14
4727 3814 3658 14
4733 3814 3658 14
4739 3814 3658 14
4745 3814 3658 14
4751 3814 3658 14
4757 3814 3658 14
4763 3814 3658 14
4769 3814 3658 14
4775 3814 3658 14
4781 3814 3658 14
4787 3814 3658 14
4793 3814 3658 14
4799 3814 3658 14
4805 3814 3658 14
4811 3814 3658 14
4817 3814 3658 14
4823 3814 3658 14
4829 3814 3658 14
4835 3814 3658 14
4841 3814 3658 14
4847 3814 3658 14
4853 3814 3658 14
4859 3814 3658 14
4865 3814 3658 14
4871 3814 3658 14
4877 3814 3658 14
4883 3814 3658 14
4889 3814 3658 14
4895 3814 3658 14
4901 3814 3658 14
4907 3814 3658 14
4913 3814 3658 14
4919 3814 3658 14
4925 3814 3658 14
4931 3814 3658 14
4937 3814 3658 14
4943 3814 3658 14
4949 3814 3658 14
4955 3814 3658 14
4961 3814 3658 14
4967 3814 3658 14
4973 3814 3658 14
4979 3814 3658 14
4985 3814 3658 14
4991 3814 3658 14
4997 3814 3658 14
5003 3814 3658 14
5009 3814 3658 14
5015 3814 3658 14
5021 3814 3658 14
5027 3814 3658 14
5033 3814 3658 14
5039 3814 3658 14
5045 3814 3658 14
5051 3814 3658 14
5057 3814 3658 14
5063 3814 3658 14
5069 3814 3658 14
5075 3814 3658 14
5081 3814 3658 14
5087 3814 3658 14
5093 3814 3658 14
5099 3814 3658 14
5105 3814 3658 14
5111 3814 3658 14
5117 3814 3658 14
5123 3814 3658 14
5129 3814 3658 14
5135 3814 3658 14
5141 3814 3658 14
5147 3814 3658 14
5153 3814 3658 14
5159 3814 3658 14
5165 3814 3658 14
5171 3814 3658 14
5177 3814 3658 14
5183 3814 3658 14
5189 3814 3658 14
5195 3814 3658 14
5201 3814 3658 14
5207 3814 3658 14
5213 3814 3658 14
5219 3814 3658 14
5225 3814 3658 14
5231 3814 3658 14
5237 3814 3658 14
5243 3814 3658 14
5249 3814 3658 14
5255 3814 3658 14
5261 3814 3658 14
5267 3814 3658 14
5273 3814 3658 14
5279 3814 3658 14
5285 3814 3658 14
5291 3814 3658 14
5297 3814 3658 14
5303 3814 3658 14
5309 3814 3658 14
5315 3814 3658 14
5321 3814 3658 14
5327 3814 3658 14
5333 3814 3658 14
5339 3814 3658 14
5345 3814 3658 14
5351 3814 3658 14
5357 3814 3658 14
5363 3814 3658 14
5369 3814 3658 14
5375 3814 3658 14
5381 3814 3658 14
5387 3814 3658 14
5393 3814 3658 14
5399 3814 3658 14
5405 3814 3658 14
5411 3814 3658 14
5417 3814 3658 14
5423 3814 3658 14
5429 3814 3658 14
5435 3814 3658 14
5441 3814 3658 14
5447 3814 3658 14
5453 3814 3658 14
5459 3814 3658 14
5465 3814 3658 14
5471 3814 3658 14
5477 3814 3658 14
5483 3814 3658 14
5489 3814 3658 14
5495 3814 3658 14
5501 3814 3658 14
5507 3814 3658 14
5513 3814 3658 14
5519 3814 3658 14
5525 3814 3658 14
5531 3814 3658 14
5537 3814 3658 14
5543 3814 3658 14
5549 3814 3658 14
5555 3814 3658 14
5561 3814 3658 14
5567 3814 3658 14
5573 3814 3658 14
5579 3814 3658 14
5585 3814 3658 14
5591 3814 3658 14
5597 3814 3658 14
5603 3814 3658 14
5609 3814 3658 14
5615 3814 3658 14
5621 3814 3658 14
5627 3814 3658 14
5633 3814 3658 14
5639 3814 3658 14
5645 3814 3658 14
5651 3814 3658 14
5657 3814 3658 14
5663 3814 3658 14
5669 3814 3658 14
5675 3814 3658 14
5681 3814 3658 14
5687 3814 3658 14
5693 3814 3658 14
5699 3814 3658 14
5705 3814 3658 14
5711 3814 3658 14
5717 3814 3658 14
5723 3814 3658 14
5729 3814 3658 14
5735 3814 3658 14
5741 3814 3658 14
5747 3814 3658 14
5753 3814 3658 14
5759 3814 3658 14
5765 3814 3658 14
5771 3814 3658 14
5777 3814 3658 14
5783 3814 3658 14
5789 3814 3658 14
5795 3814 3658 14
5801 3814 3658 14
5807 3814 3658 14
5813 3814 3658 14
5819 3814 3658 14
5825 3814 3658 14
5831 3814 3658 14
5837 3814 3658 14
5843 3814 3658 14
5849 3814 3658 14
5855 3814 3658 14
5861 3814 3658 14
5867 3814 3658 14
5873 3814 3658 14
5879 3814 3658 14
5885 3814 3658 14
5891 3814 3658 14
5897 3814 3658 14
5903 3814 3658 14
5909 3814 3658 14
5915 3814 3658 14
5921 3814 3658 14
5927 3814 3658 14
5933 3814 3658 14
5939 3814 3658 14
5945 3814 3658 14
5951 3814 3658 14
5957 3814 3658 14
5963 3814 3658 14
5969 3814 3658 14
5975 3814 3658 14
5981 3814 3658 14
5987 3814 3658 14
5993 3814 3658 14
5999 3814 3658 14
6005 3814 3658 14
6011 3814 3658 14
6017 3814 3658 14
6023 3814 3658 14
6029 3814 3658 14
6035 3814 3658 14
6041 3814 3658 14
6047 3814 3658 14
6053 3814 3658 14
6059 3814 3658 14
6065 3814 3658 14
6071 3814 3658 14
6077 3814 3658 14
6083 3814 3658 14
6089 3814 3658 14
6095 3814 3658 14
6101 3814 3658 14
6107 3814 3658 14
6113 3814 3658 14
6119 3814 3658 14
6125 3814 3658 14
6131 3814 3658 14
6137 3814 3658 14
6143 3814 3658 14
6149 3814 3658 14
6155 3814 3658 14
6161 3814 3658 14
6167 3814 3658 14
6173 3814 3658 14
6179 3814 3658 14
6185 3814 3658 14
6191 3814 3658 14
6197 3814 3658 14
6203 3814 3658 14
6209 3814 3658 14
6215 3814 3658 14
6221 3814 3658 14
6227 3814 3658 14
6233 3814 3658 14
6239 3814 3658 14
6245 3814 3658 14
6251 3814 3658 14
6257 3814 3658 14
6263 3814 3658 14
6269 3814 3658 14
6275 3814 3658 14
6281 3814 3658 14
6287 3814 3658 14
6293 3814 3658 14
6299 3814 3658 14
6305 3814 3658 14
6311 3814 3658 14
6317 3814 3658 14
6323 3814 3658 14
6329 3814 3658 14
6335 3814 3658 14
6341 3814 3658 14
6347 3814 3658 14
6353 3814 3658 14
6359 3814 3658 14
6365 3814 3658 14
6371 3814 3658 14
6377 3814 3658 14
6383 3814 3658 14
6389 3814 3658 14
6395 3814 3658 14
6401 3814 3658 14
6407 3814 3658 14
6413 3814 3658 14
6419 3814 3658 14
6425 3814 3658 14
6431 3814 3658 14
6437 3814 3658 14
6443 3814 3658 14
6449 3814 3658 14
6455 3814 3658 14
6461 3814 3658 14
6467 3814 3658 14
6473 3814 3658 14
6479 3814 3658 14
6485 3814 3658 14
6491 3814 3658 14
6497 3814 3658 14
6503 3814 3658 14
6509 3814 3658 14
6515 3814 3658 14
6521 3814 3658 14
6527 3814 3658 14
6533 3814 3658 14
6539 3814 3658 14
6545 3814 3658 14
6551 3814 3658 14
6557 3814 3658 14
6563 3814 3658 14
6569 3814 3658 14
6575 3814 3658 14
6581 3814 3658 14
6587 3814 3658 14
6593 3814 3658 14
6599 3814 3658 14
6605 3814 3658 14
6611 3814 3658 14
6617 3814 3658 14
6623 3814 3658 14
6629 3814 3658 14
6635 3814 3658 14
6641 3814 3658 14
6647 3814 3658 14
6653 3814 3658 14
6659 3814 3658 14
6665 3814 3658 14
6671 3814 3658 14
6677 3814 3658 14
6683 3814 3658 14
6689 3814 3658 14
6695 3814 3658 14
6701 3814 3658 14
6707 3814 3658 14
6713 3814 3658 14
6719 3814 3658 14
6725 3814 3658 14
6731 3814 3658 14
6737 3814 3658 14
6743 3814 3658 14
6749 3814 3658 14
6755 3814 3658 14
6761 3814 3658 14
6767 3814 3658 14
6773 3814 3658 14
6779 3814 3658 14
6785 3814 3658 14
6791 3814 3658 14
6797 3814 3658 14
6803 3814 3658 14
6809 3814 3658 14
6815 3814 3658 14
6821 3814 3658 14
6827 3814 3658 14
6833 3814 3658 14
6839 3814 3658 14
6845 3814 3658 14
6851 3814 3658 14
6857 3814 3658 14
6863 3814 3658 14
6869 3814 3658 14
6875 3814 3658 14
6881 3814 3658 14
6887 3814 3658 14
6893 3814 3658 14
6899 3814 3658 14
6905 3814 3658 14
6911 3814 3658 14
6917 3814 3658 14
6923 3814 3658 14
6929 3814 3658 14
6935 3814 3658 14
6941 3814 3658 14
6947 3814 3658 14
6953 3814 3658 14
6959 3814 3658 14
6965 3814 3658 14
6971 3814 3658 14
6977 3814 3658 14
6983 3814 3658 14
6989 3814 3658 14
6995 3814 3658 14
7001 3814 3658 14
7007 3814 3658 14
7013 3814 3658 14
7019 3814 3658 14
7025 3814 3658 14
7031 3814 3658 14
7037 3814 3658 14
7043 3814 3658 14
7049 3814 3658 14
7055 3814 3658 14
7061 3814 3658 14
7067 3814 3658 14
7073 3814 3658 14
7079 3814 3658 14
7085 3814 3658 14
7091 3814 3658 14
7097 3814 3658 14
7103 3814 3658 14
7109 3814 3658 14
7115 3814 3658 14
7121 3814 3658 14
7127 3814 3658 14
7133 3814 3658 14
7139 3814 3658 14
7145 3814 3658 14
7151 3814 3658 14
7157 3814 3658 14
7163 3814 3658 14
7169 3814 3658 14
7175 3814 3658 14
7181 3814 3658 14
7187 3814 3658 14
7193 3814 3658 14
7199 3814 3658 14
7205 3814 3658 14
7211 3814 3658 14
7217 3814 3658 14
7223 3814 3658 14
7229 3814 3658 14
7235 3814 3658 14
7241 3814 3658 14
7247 3814 3658 14
7253 3814 3658 14
7259 3814 3658 14
7265 3814 3658 14
7271 3814 3658 14
7277 3814 3658 14
7283 3814 3658 14
7289 3814 3658 14
7295 3814 3658 14
7301 3814 3658 14
7307 3814 3658 14
7313 3814 3658 14
7319 3814 3658 14
7325 3814 3658 14
7331 3814 3658 14
7337 3814 3658 14
7343 3814 3658 14
7349 3814 3658 14
7355 3814 3658 14
7361 3814 3658 14
7367 3814 3658 14
7373 3814 3658 14
7379 3814 3658 14
7385 3814 3658 14
7391 3814 3658 14
7397 3814 3658 14
7403 3814 3658 14
7409 3814 3658 14
7415 3814 3658 14
7421 3814 3658 14
7427 3814 3658 14
7433 3814 3658 14
7439 3814 3658 14
7445 3814 3658 14
7451 3814 3658 14
7457 3814 3658 14
7463 3814 3658 14
7469 3814 3658 14
7475 3814 3658 14
7481 3814 3658 14
7487 3814 3658 14
7493 3814 3658 14
7499 3814 3658 14
7505 3814 3658 14
7511 3814 3658 14
7517 3814 3658 14
7523 3814 3658 14
7529 3814 3658 14
7535 3814 3658 14
7541 3814 3658 14
7547 3814 3658 14
7553 3814 3658 14
7559 3814 3658 14
7565 3814 3658 14
7571 3814 3658 14
7577 3814 3658 14
7583 3814 3658 14
7589 3814 3658 14
7595 3814 3658 14
7601 3814 3658 14
7607 3814 3658 14
7613 3814 3658 14
7619 3814 3658 14
7625 3814 3658 14
7631 3814 3658 14
7637 3814 3658 14
7643 3814 3658 14
7649 3814 3658 14
7655 3814 3658 14
7661 3814 3658 14
7667 3814 3658 14
7673 3814 3658 14
7679 3814 3658 14
7685 3814 3658 14
7691 3814 3658 14
7697 3814 3658 14
7703 3814 3658 14
7709 3814 3658 14
7715 3814 3658 14
7721 3814 3658 14
7727 3814 3658 14
7733 3814 3658 14
7739 3814 3658 14
7745 3814 3658 14
7751 3814 3658 14
7757 3814 3658 14
7763 3814 3658 14
7769 3814 3658 14
7775 3814 3658 14
7781 3814 3658 14
7787 3814 3658 14
7793 3814 3658 14
7799 3814 3658 14
7805 3814 3658 14
7811 3814 3658 14
7817 3814 3658 14
7823 3814 3658 14
7829 3814 3658 14
7835 3814 3658 14
7841 3814 3658 14
7847 3814 3658 14
7853 3814 3658 14
7859 3814 3658 14
7865 3814 3658 14
7871 3814 3658 14
7877 3814 3658 14
7883 3814 3658 14
7889 3814 3658 14
7895 3814 3658 14
7901 3814 3658 14
7907 3814 3658 14
7913 3814 3658 14
7919 3814 3658 14
7925 3814 3658 14
7931 3814 3658 14
7937 3814 3658 14
7943 3814 3658 14
7949 3814 3658 14
7955 3814 3658 14
7961 3814 3658 14
7967 3814 3658 14
7973 3814 3658 14
7979 3814 3658 14
7985 3814 3658 14
7991 3814 3658 14
7997 3814 3658 14
8003 3814 3658 14
8009 3814 3658 14
8015 3814 3658 14
8021 3814 3658 14
8027 3814 3658 14
8033 3814 3658 14
8039 3814 3658 14
8045 3814 3658 14
8051 3814 3658 14
8057 3814 3658 14
8063 3814 3658 14
8069 3814 3658 14
8075 3814 3658 14
8081 3814 3658 14
8087 3814 3658 14
8093 3814 3658 14
8099 3814 3658 14
8105 3814 3658 14
8111 3814 3658 14
8117 3814 3658 14
8123 3814 3658 14
8129 3814 3658 14
8135 3814 3658 14
8141 3814 3658 14
8147 3814 3658 14
8153 3814 3658 14
8159 3814 3658 14
8165 3814 3658 14
8171 3814 3658 14
8177 3814 3658 14
8183 3814 3658 14
8189 3814 3658 14
8195 3814 3658 14
8201 3814 3658 14
8207 3814 3658 14
8213 3814 3658 14
8219 3814 3658 14
8225 3814 3658 14
8231 3814 3658 14
8237 3814 3658 14
8243 3814 3658 14
8249 3814 3658 14
8255 3814 3658 14
8261 3814 3658 14
8267 3814 3658 14
8273 3814 3658 14
8279 3814 3658 14
8285 3814 3658 14
8291 3814 3658 14
8297 3814 3658 14
8303 3814 3658 14
8309 3814 3658 14
8315 3814 3658 14
8321 3814 3658 14
8327 3814 3658 14
8333 3814 3658 14
8339 3814 3658 14
8345 3814 3658 14
8351 3814 3658 14
8357 3814 3658 14
8363 3814 3658 14
8369 3814 3658 14
8375 3814 3658 14
8381 3814 3658 14
8387 3814 3658 14
8393 3814 3658 14
8399 3814 3658 14
8405 3814 3658 14
8411 3814 3658 14
8417 3814 3658 14
8423 3814 3658 14
8429 3814 3658 14
8435 3814 3658 14
8441 3814 3658 14
8447 3814 3658 14
8453 3814 3658 14
8459 3814 3658 14
8465 3814 3658 14
8471 3814 3658 14
8477 3814 3658 14
8483 3814 3658 14
8489 3814 3658 14
8495 3814 3658 14
8501 3814 3658 14
8507 3814 3658 14
8513 3814 3658 14
8519 3814 3658 14
8525 3814 3658 14
8531 3814 3658 14
8537 3814 3658 14
8543 3814 3658 14
8549 3814 3658 14
8555 3814 3658 14
8561 3814 3658 14
8567 3814 3658 14
8573 3814 3658 14
8579 3814 3658 14
8585 3814 3658 14
8591 3814 3658 14
8597 3814 3658 14
8603 3814 3658 14
8609 3814 3658 14
8615 3814 3658 14
8621 3814 3658 14
8627 3814 3658 14
8633 3814 3658 14
8639 3814 3658 14
8645 3814 3658 14
8651 3814 3658 14
8657 3814 3658 14
8663 3814 3658 14
8669 3814 3658 14
8675 3814 3658 14
8681 3814 3658 14
8687 3814 3658 14
8693 3814 3658 14
8699 3814 3658 14
8705 3814 3658 14
8711 3814 3658 14
8717 3814 3658 14
8723 3814 3658 14
8729 3814 3658 14
8735 3814 3658 14
8741 3814 3658 14
8747 3814 3658 14
8753 3814 3658 14
8759 3814 3658 14
8765 3814 3658 14
8771 3814 3658 14
8777 3814 3658 14
8783 3814 3658 14
8789 3814 3658 14
8795 3814 3658 14
8801 3814 3658 14
8807 3814 3658 14
8813 3814 3658 14
8819 3814 3658 14
8825 3814 3658 14
8831 3814 3658 14
8837 3814 3658 14
8843 3814 3658 14
8849 3814 3658 14
8855 3814 3658 14
8861 3814 3658 14
8867 3814 3658 14
8873 3814 3658 14
8879 3814 3658 14
8885 3814 3658 14
8891 3814 3658 14
8897 3814 3658 14
8903 3814 3658 14
8909 3814 3658 14
8915 3814 3658 14
8921 3814 3658 14
8927 3814 3658 14
8933 3814 3658 14
8939 3814 3658 14
8945 3814 3658 14
8951 3814 3658 14
8957 3814 3658 14
8963 3814 3658 14
8969 3814 3658 14
8975 3814 3658 14
8981 3814 3658 14
8987 3814 3658 14
8993 3814 3658 14
8999 3814 3658 14
9005 3814 3658 14
9011 3814 3658 14
9017 3814 3658 14
9023 3814 3658 14
9029 3814 3658 14
9035 3814 3658 14
9041 3814 3658 14
9047 3814 3658 14
9053 3814 3658 14
9059 3814 3658 14
9065 3814 3658 14
9071 3814 3658 14
9077 3814 3658 14
9083 3814 3658 14
9089 3814 3658 14
9095 3814 3658 14
9101 3814 3658 14
9107 3814 3658 14
9113 3814 3658 14
9119 3814 3658 14
9125 3814 3658 14
9131 3814 3658 14
9137 3814 3658 14
9143 3814 3658 14
9149 3814 3658 14
9155 3814 3658 14
9161 3814 3658 14
9167 3814 3658 14
9173 3814 3658 14
9179 3814 3658 14
9185 3814 3658 14
9191 3814 3658 14
9197 3814 3658 14
9203 3814 3658 14
9209 3814 3658 14
9215 3814 3658 14
9221 3814 3658 14
9227 3814 3658 14
9233 3814 3658 14
9239 3814 3658 14
9245 3814 3658 14
9251 3814 3658 14
9257 3814 3658 14
9263 3814 3658 14
9269 3814 3658 14
9275 3814 3658 14
9281 3814 3658 14
9287 3814 3658 14
9293 3814 3658 14
9299 3814 3658 14
9305 3814 3658 14
9311 3814 3658 14
9317 3814 3658 14
9323 3814 3658 14
9329 3814 3658 14
9335 3814 3658 14
9341 3814 3658 14
9347 3814 3658 14
9353 3814 3658 14
9359 3814 3658 14
9365 3814 3658 14
9371 3814 3658 14
9377 3814 3658 14
9383 3814 3658 14
9389 3814 3658 14
9395 3814 3658 14
9401 3814 3658 14
9407 3814 3658 14
9413 3814 3658 14
9419 3814 3658 14
9425 3814 3658 14
9431 3814 3658 14
9437 3814 3658 14
9443 3814 3658 14
9449 3814 3658 14
9455 3814 3658 14
9461 3814 3658 14
9467 3814 3658 14
9473 3814 3658 14
9479 3814 3658 14
9485 3814 3658 14
9491 3814 3658 14
9497 3814 3658 14
9503 3814 3658 14
9509 3814 3658 14
9515 3814 3658 14
9521 3814 3658 14
9527 3814 3658 14
9533 3814 3658 14
9539 3814 3658 14
9545 3814 3658 14
9551 3814 3658 14
9557 3814 3658 14
9563 3814 3658 14
9569 3814 3658 14
9575 3814 3658 14
9581 3814 3658 14
9587 3814 3658 14
9593 3814 3658 14
9599 3814 3658 14
9605 3814 3658 14
9611 3814 3658 14
9617 3814 3658 14
9623 3814 3658 14
9629 3814 3658 14
9635 3814 3658 14
9641 3814 3658 14
9647 3814 3658 14
9653 3814 3658 14
9659 3814 3658 14
9665 3814 3658 14
9671 3814 3658 14
9677 3814 3658 14
9683 3814 3658 14
9689 3814 3658 14
9695 3814 3658 14
9701 3814 3658 14
9707 3814 3658 14
9713 3814 3658 14
9719 3814 3658 14
9725 3814 3658 14
9731 3814 3658 14
9737 3814 3658 14
9743 3814 3658 14
9749 3814 3658 14
9755 3814 3658 14
9761 3814 3658 14
9767 3814 3658 14
9773 3814 3658 14
9779 3814 3658 14
9785 3814 3658 14
9791 3814 3658 14
9797 3814 3658 14
9803 3814 3658 14
9809 3814 3658 14
9815 3814 3658 14
9821 3814 3658 14
9827 3814 3658 14
9833 3814 3658 14
9839 3814 3658 14
9845 3814 3658 14
9851 3814 3658 14
9857 3814 3658 14
9863 3814 3658 14
9869 3814 3658 14
9875 3814 3658 14
9881 3814 3658 14
9887 3814 3658 14
9893 3814 3658 14
9899 3814 3658 14
9905 3814 3658 14
9911 3814 3658 14
9917 3814 3658 14
9923 3814 3658 14
9929 3814 3658 14
9935 3814 3658 14
9941 3814 3658 14
9947 3814 3658 14
9953 3814 3658 14
9959 3814 3658 14
9965 3814 3658 14
9971 3814 3658 14
9977 3814 3658 14
9983 3814 3658 14
9989 3814 3658 14
9995 3814 3658 14
10001 3814 3658 14
