5 62240 96859
11 62240 96859
17 118648 1019419
23 118648 1019419
29 118648 1019419
35 118648 1019419
41 118648 1019419
47 118648 1019419
53 118648 1019419
59 124919 1024620
65 124919 1024620
71 124919 1024620
77 124919 1024620
83 124919 1024620
89 124919 1024620
95 124919 1024620
101 124919 1024620
107 124919 1024620
113 124919 1024620
119 124919 1024620
125 124919 1024620
131 124919 1024620
137 124919 1024620
143 124919 1024620
149 124919 1024620
155 124919 1024620
161 124919 1024620
167 124919 1024620
173 124919 1024620
179 162496 1023327
185 162496 1023327
191 162496 1023327
197 162496 1023327
203 162496 1023327
209 162496 1023327
215 162496 1023327
221 162496 1023327
227 162496 1023327
233 162496 1023327
239 162496 1023327
245 452316 1024977
251 452316 1024977
257 452316 1024977
263 452316 1024977
269 452316 1024977
275 452316 1024977
281 452316 1024977
287 493129 1028475
293 493129 1028475
299 493129 1028475
305 493129 1028475
311 493129 1028475
317 493129 1028475
323 493129 1028475
329 493129 1028475
335 493129 1028475
341 493129 1028475
347 493129 1028475
353 493129 1028475
359 493129 1028475
365 493129 1028475
371 493129 1028475
377 493129 1028475
383 493129 1028475
389 493129 1028475
395 493129 1028475
401 493129 1028475
407 493129 1028475
413 493129 1028475
419 493129 1028475
425 493129 1028475
431 493129 1028475
437 493129 1028475
443 493129 1028475
449 493129 1028475
455 493129 1028475
461 493129 1028475
467 493129 1028475
473 493129 1028475
479 493129 1028475
485 493129 1028475
491 493129 1028475
497 493129 1028475
503 493129 1028475
509 493129 1028475
515 493129 1028475
521 493129 1028475
527 493129 1028475
533 493129 1028475
539 493129 1028475
545 493129 1028475
551 493129 1028475
557 493129 1028475
563 493129 1028475
569 493129 1028475
575 493129 1028475
581 493129 1028475
587 493129 1028475
593 493129 1028475
599 493129 1028475
605 493129 1028475
611 493129 1028475
617 493129 1028475
623 493129 1028475
629 493129 1028475
635 493129 1028475
641 493129 1028475
647 493129 1028475
653 493129 1028475
659 493129 1028475
665 493129 1028475
671 493129 1028475
677 493129 1028475
683 493129 1028475
689 493129 1028475
695 493129 1028475
701 493129 1028475
707 493129 1028475
713 493129 1028475
719 493129 1028475
725 493129 1028475
731 493129 1028475
737 493129 1028475
743 493129 1028475
749 493129 1028475
755 493129 1028475
761 493129 1028475
767 493129 1028475
773 493129 1028475
779 493129 1028475
785 493129 1028475
791 493129 1028475
797 493129 1028475
803 493129 1028475
809 493129 1028475
815 493129 1028475
821 493129 1028475
827 493129 1028475
833 493129 1028475
839 493129 1028475
845 493129 1028475
851 493129 1028475
857 493129 1028475
863 493129 1028475
869 493129 1028475
875 493129 1028475
881 493129 1028475
887 493129 1028475
893 493129 1028475
899 493129 1028475
905 493129 1028475
911 493129 1028475
917 493129 1028475
923 493129 1028475
929 493129 1028475
935 493129 1028475
941 493129 1028475
947 493129 1028475
953 493129 1028475
959 493129 1028475
965 493129 1028475
971 493129 1028475
977 493129 1028475
983 493129 1028475
989 493129 1028475
995 493129 1028475
1001 493129 1028475
