0 2037 2037 2134 2134
1 2134 2134 2148 2204
2 2148 2204 2231 2231
3 2231 2231 2231 2231
4 2231 2231 2231 2231
5 2231 2231 2231 2231
6 2231 2231 2231 2231
7 2231 2231 2231 2231
8 2231 2231 2231 2231
9 2231 2231 2231 2231
10 2231 2231 2231 2231
11 2231 2231 2231 2231
12 2231 2231 2231 2231
13 2231 2231 2231 2231
14 2231 2231 2231 2231
15 2231 2231 2231 2231
16 2231 2231 2231 2231
17 2231 2231 2231 2231
18 2231 2231 2231 2231
19 2231 2231 2231 2231
20 2231 2231 2231 2231
21 2231 2231 2231 2231
22 2231 2231 2231 2231
23 2231 2231 2231 2231
24 2231 2231 2231 2231
25 2231 2231 2231 2231
26 2231 2231 2231 2231
27 2231 2231 2231 2231
28 2231 2231 2231 2231
29 2231 2231 2231 2231
30 2231 2231 2231 2231
31 2231 2231 2231 2231
32 2231 2231 2231 2231
33 2231 2231 2231 2231
34 2231 2231 2231 2231
35 2231 2231 2231 2231
36 2231 2231 2231 2231
37 2231 2231 2231 2231
38 2231 2231 2231 2231
39 2231 2231 2231 2231
40 2231 2231 2231 2231
41 2231 2231 2231 2231
42 2231 2231 2231 2231
43 2231 2231 2231 2231
44 2231 2231 2231 2231
45 2231 2231 2231 2231
46 2231 2231 2231 2231
47 2231 2231 2231 2231
48 2231 2231 2231 2231
49 2231 2231 2231 2231
50 2231 2231 2231 2231
51 2231 2231 2231 2231
52 2231 2231 2231 2231
53 2231 2231 2231 2231
54 2231 2231 2231 2231
55 2231 2231 2231 2231
56 2231 2231 2231 2231
57 2231 2231 2231 2231
58 2231 2231 2231 2231
59 2231 2231 2231 2231
60 2231 2231 2231 2231
61 2231 2231 2231 2231
62 2231 2231 2231 2231
63 2231 2231 2231 2231
64 2231 2231 2231 2231
65 2231 2231 2231 2231
66 2231 2231 2231 2231
67 2231 2231 2231 2231
68 2231 2231 2231 2231
69 2231 2231 2231 2231
70 2231 2231 2231 2231
71 2231 2231 2231 2231
72 2231 2231 2231 2231
73 2231 2231 2231 2231
74 2231 2231 2231 2231
75 2231 2231 2231 2231
76 2231 2231 2231 2231
77 2231 2231 2231 2231
78 2231 2231 2231 2231
79 2231 2231 2231 2231
80 2231 2231 2231 2231
81 2231 2231 2231 2231
82 2231 2231 2231 2231
83 2231 2231 2231 2231
84 2231 2231 2231 2231
85 2231 2231 2231 2231
86 2231 2231 2231 2231
87 2231 2231 2231 2231
88 2231 2231 2231 2231
89 2231 2231 2231 2231
90 2231 2231 2231 2231
91 2231 2231 2231 2231
92 2231 2231 2231 2231
93 2231 2231 2231 2231
94 2231 2231 2231 2231
95 2231 2231 2231 2231
96 2231 2231 2231 2231
97 2231 2231 2231 2231
98 2231 2231 2231 2231
99 2231 2231 2231 2231
