0 108079 10238
1 104493 10239
2 106944 10277
3 105014 10260
4 105305 9937
5 104493 10239
6 105473 10281
7 105014 10260
8 105014 10260
9 105305 9937
10 105305 9937
11 104144 10235
12 105473 10281
13 104493 10239
14 105014 10260
15 104493 10239
16 108079 10238
17 104493 10239
18 104493 10239
19 105473 10281
20 105863 10096
21 104493 10239
22 104493 10239
23 105014 10260
24 104860 10269
25 105305 9937
26 104493 10239
27 105473 10281
28 105473 10281
29 106280 10233
30 104493 10239
31 105863 10096
32 104493 10239
33 104493 10239
34 105014 10260
35 105305 9937
36 104493 10239
37 106944 10277
38 104493 10239
39 104493 10239
40 104493 10239
41 105473 10281
42 104493 10239
43 108079 10238
44 104493 10239
45 105014 10260
46 105759 10212
47 105759 10212
48 104493 10239
49 105305 9937
