0 2231 2231
1 2231 2231
2 2231 2231
3 2231 2231
4 2231 2231
5 2231 2231
6 2231 2231
7 2231 2231
8 2231 2231
9 2231 2231
10 2231 2231
11 2231 2231
12 2231 2231
13 2231 2231
14 2231 2231
15 2231 2231
16 2231 2231
17 2231 2231
18 2231 2231
19 2231 2231
20 2231 2231
21 2231 2231
22 2231 2231
23 2231 2231
24 2231 2231
25 2231 2231
26 2231 2231
27 2231 2231
28 2231 2231
29 2231 2231
30 2231 2231
31 2231 2231
32 2231 2231
33 2231 2231
34 2231 2231
35 2231 2231
36 2231 2231
37 2231 2231
38 2231 2231
39 2231 2231
40 2231 2231
41 2231 2231
42 2231 2231
43 2231 2231
44 2231 2231
45 2231 2231
46 2231 2231
47 2231 2231
48 2231 2231
49 2231 2231
