0 1649 1649 1746 1746
7 1746 1746 1843 1843
8 1843 1843 2117 2243
10 2117 2243 2134 2134
24 2134 2134 2231 2231
49 2231 2231 2231 2231
1050 1552 1552 1684 1824
1052 1684 1824 1750 1960
1053 1750 1960 1909 1979
1054 1909 1979 1916 2014
1069 1916 2014 2141 2169
1071 2141 2169 2193 2235
1087 2193 2235 2231 2231
1225 2231 2231 2231 2231
2226 2037 2037 2134 2134
2229 2134 2134 2231 2231
2238 2231 2231 2231 2231
3239 1649 1649 2037 2037
3242 2037 2037 2231 2231
3247 2231 2231 2231 2231
4248 2231 2231 2231 2231
5249 1746 1746 1940 1940
5251 1940 1940 1954 2010
5255 1954 2010 2079 2247
5263 2079 2247 2148 2204
5469 2148 2204 2231 2231
5558 2231 2231 2231 2231
6559 2037 2037 2134 2134
6560 2134 2134 2231 2231
6563 2231 2231 2231 2231
7564 2134 2134 2231 2231
7622 2231 2231 2231 2231
8623 1649 1649 1819 1917
8624 1819 1917 1885 2053
8629 1885 2053 2079 2247
8631 2079 2247 2103 2173
8635 2103 2173 2155 2239
8679 2155 2239 2231 2231
8747 2231 2231 2231 2231
9748 1746 1746 2231 2231
9751 2231 2231 2231 2231
10752 1649 1649 2134 2134
10753 2134 2134 2231 2231
10760 2231 2231 2231 2231
11761 1940 1940 2037 2037
11767 2037 2037 2231 2231
11783 2231 2231 2231 2231
12784 1552 1552 1746 1746
12786 1746 1746 1843 1843
12794 1843 1843 1940 1940
12810 1940 1940 1940 1940
13811 2037 2037 2134 2134
13812 2134 2134 2231 2231
13851 2231 2231 2231 2231
14852 1552 1552 1940 1940
14860 1940 1940 1940 1940
15861 2134 2134 2231 2231
15874 2231 2231 2231 2231
16875 1455 1455 1552 1552
16886 1552 1552 1649 1649
16890 1649 1649 1746 1746
16896 1746 1746 1843 1843
16897 1843 1843 1940 1940
16910 1940 1940 1940 1940
17911 1649 1649 2037 2037
17915 2037 2037 2231 2231
17946 2231 2231 2231 2231
18947 2231 2231 2231 2231
19948 2037 2037 2058 2142
19960 2058 2142 2110 2208
19974 2110 2208 2134 2134
20021 2134 2134 2231 2231
20026 2231 2231 2231 2231
21027 2231 2231 2231 2231
22028 2037 2037 2103 2173
22030 2103 2173 2110 2208
22035 2110 2208 2141 2169
22160 2141 2169 2193 2235
22161 2193 2235 2231 2231
22185 2231 2231 2231 2231
23186 2037 2037 2231 2231
23193 2231 2231 2231 2231
24194 1746 1746 1843 1843
24207 1843 1843 2134 2134
24212 2134 2134 2231 2231
24221 2231 2231 2231 2231
25222 1358 1358 1455 1455
25223 1455 1455 2037 2037
25226 2037 2037 2134 2134
25237 2134 2134 2231 2231
25248 2231 2231 2231 2231
26249 2037 2037 2134 2134
26258 2134 2134 2231 2231
26259 2231 2231 2231 2231
27260 1940 1940 2058 2142
27263 2058 2142 2155 2239
27271 2155 2239 2231 2231
27286 2231 2231 2231 2231
28287 1940 1940 2110 2208
28291 2110 2208 2231 2231
28293 2231 2231 2231 2231
29294 2037 2037 2231 2231
29296 2231 2231 2231 2231
30297 1746 1746 1843 1843
30301 1843 1843 2020 2146
30303 2020 2146 2134 2134
30314 2134 2134 2231 2231
30316 2231 2231 2231 2231
31317 1552 1552 1843 1843
31331 1843 1843 1940 1940
31333 1940 1940 1940 1940
32334 2231 2231 2231 2231
33335 1552 1552 1843 1843
33354 1843 1843 1940 1940
33364 1940 1940 1940 1940
34365 1552 1552 1767 1851
34367 1767 1851 1940 1940
34373 1940 1940 2231 2231
34374 2231 2231 2231 2231
35375 1843 1843 2134 2134
35376 2134 2134 2231 2231
35428 2231 2231 2231 2231
36429 1843 1843 2231 2231
36431 2231 2231 2231 2231
37432 1649 1649 1670 1754
37433 1670 1754 2155 2239
37434 2155 2239 2231 2231
37448 2231 2231 2231 2231
38449 2231 2231 2231 2231
39450 1455 1455 1649 1649
39451 1649 1649 1843 1843
39477 1843 1843 1940 1940
39516 1940 1940 1940 1940
40517 2037 2037 2231 2231
40526 2231 2231 2231 2231
41527 2231 2231 2231 2231
42528 1940 1940 2037 2037
42531 2037 2037 2134 2134
42553 2134 2134 2231 2231
42573 2231 2231 2231 2231
43574 1843 1843 1871 1983
43583 1871 1983 1968 2080
43584 1968 2080 2072 2212
43589 2072 2212 2134 2134
43632 2134 2134 2231 2231
43661 2231 2231 2231 2231
44662 1649 1649 1975 2115
44663 1975 2115 2231 2231
44669 2231 2231 2231 2231
45670 2134 2134 2231 2231
45676 2231 2231 2231 2231
46677 1358 1358 1438 1564
46681 1438 1564 1843 1843
46715 1843 1843 1940 1940
46739 1940 1940 1940 1940
47740 1455 1455 1746 1746
47752 1746 1746 1843 1843
47754 1843 1843 1940 1940
47758 1940 1940 1940 1940
48759 2231 2231 2231 2231
49760 1746 1746 2020 2146
49761 2020 2146 2117 2243
49762 2117 2243 2231 2231
49771 2231 2231 2231 2231
50772 2134 2134 2231 2231
50790 2231 2231 2231 2231
51791 2037 2037 2231 2231
51797 2231 2231 2231 2231
52798 1552 1552 1940 1940
52806 1940 1940 1940 1940
53807 1843 1843 2134 2134
53810 2134 2134 2231 2231
53843 2231 2231 2231 2231
54844 2037 2037 2231 2231
54845 2231 2231 2231 2231
55846 1940 1940 2037 2037
55849 2037 2037 2231 2231
55853 2231 2231 2231 2231
56854 1843 1843 2231 2231
56860 2231 2231 2231 2231
57861 2134 2134 2231 2231
57862 2231 2231 2231 2231
58863 1649 1649 1940 1940
58883 1940 1940 1940 1940
59884 1649 1649 1940 1940
59890 1940 1940 1940 1940
60891 1843 1843 2037 2037
60896 2037 2037 2231 2231
60899 2231 2231 2231 2231
61900 1940 1940 2037 2037
61906 2037 2037 2072 2212
61917 2072 2212 2134 2134
61937 2134 2134 2231 2231
61952 2231 2231 2231 2231
62953 1940 1940 2065 2177
62954 2065 2177 2117 2243
62956 2117 2243 2231 2231
62972 2231 2231 2231 2231
63973 1843 1843 1975 2115
63975 1975 2115 2037 2037
63977 2037 2037 2134 2134
63982 2134 2134 2148 2204
63984 2148 2204 2231 2231
63990 2231 2231 2231 2231
64991 1455 1455 1649 1649
64992 1649 1649 1940 1940
65014 1940 1940 1940 1940
66015 2037 2037 2231 2231
66031 2231 2231 2231 2231
67032 1649 1649 1940 1940
67066 1940 1940 1940 1940
68067 2037 2037 2231 2231
68095 2231 2231 2231 2231
69096 1455 1455 1552 1552
69099 1552 1552 1573 1657
69102 1573 1657 2231 2231
69105 2231 2231 2231 2231
70106 1552 1552 1940 1940
70117 1940 1940 1940 1940
71118 2231 2231 2231 2231
72119 2037 2037 2231 2231
72120 2231 2231 2231 2231
73121 1746 1746 1857 1913
73125 1857 1913 2072 2212
73130 2072 2212 2148 2204
73151 2148 2204 2231 2231
73152 2231 2231 2231 2231
74153 1455 1455 1843 1843
74166 1843 1843 1940 1940
74178 1940 1940 1940 1940
75179 2134 2134 2231 2231
75181 2231 2231 2231 2231
76182 1940 1940 2037 2037
76185 2037 2037 2134 2134
76186 2134 2134 2231 2231
76200 2231 2231 2231 2231
77201 1843 1843 2110 2208
77204 2110 2208 2134 2134
77218 2134 2134 2231 2231
77246 2231 2231 2231 2231
78247 1843 1843 2231 2231
78249 2231 2231 2231 2231
79250 1940 1940 1975 2115
79262 1975 2115 2072 2212
79263 2072 2212 2231 2231
79287 2231 2231 2231 2231
80288 2231 2231 2231 2231
81289 2231 2231 2231 2231
82290 2134 2134 2155 2239
82296 2155 2239 2231 2231
82315 2231 2231 2231 2231
83316 2037 2037 2058 2142
83323 2058 2142 2155 2239
83324 2155 2239 2231 2231
83329 2231 2231 2231 2231
84330 1843 1843 1940 1940
84334 1940 1940 2134 2134
84336 2134 2134 2231 2231
84350 2231 2231 2231 2231
85351 1552 1552 2231 2231
85352 2231 2231 2231 2231
86353 1649 1649 1843 1843
86391 1843 1843 1940 1940
86400 1940 1940 1940 1940
87401 2134 2134 2231 2231
87420 2231 2231 2231 2231
88421 1746 1746 2037 2037
88427 2037 2037 2134 2134
88443 2134 2134 2231 2231
88456 2231 2231 2231 2231
89457 1940 1940 2134 2134
89459 2134 2134 2231 2231
89464 2231 2231 2231 2231
90465 2134 2134 2231 2231
90482 2231 2231 2231 2231
91483 1552 1552 1940 1940
91484 1940 1940 1940 1940
92485 1552 1552 1940 1940
92487 1940 1940 1940 1940
93488 1940 1940 2134 2134
93490 2134 2134 2155 2239
93493 2155 2239 2231 2231
93588 2231 2231 2231 2231
94589 1843 1843 1954 2010
94594 1954 2010 1989 2185
94606 1989 2185 2148 2204
94609 2148 2204 2231 2231
94644 2231 2231 2231 2231
95645 2134 2134 2155 2239
95655 2155 2239 2231 2231
95658 2231 2231 2231 2231
96659 2037 2037 2044 2072
96661 2044 2072 2096 2138
96676 2096 2138 2134 2134
96686 2134 2134 2148 2204
96689 2148 2204 2231 2231
96707 2231 2231 2231 2231
97708 1649 1649 1781 1921
97709 1781 1921 2134 2134
97718 2134 2134 2155 2239
97728 2155 2239 2231 2231
97753 2231 2231 2231 2231
98754 2231 2231 2231 2231
99755 2037 2037 2134 2134
99765 2134 2134 2231 2231
99771 2231 2231 2231 2231
