0 579746647 49310328 580065314 49410086
9 580065314 49410086 580105786 49392725
160 580105786 49392725 580122180 49411736
352 580122180 49411736 580230693 49416841
479 580230693 49416841 580230693 49416841
1480 579859490 49354581 579882386 49393526
1498 579882386 49393526 579904067 49388077
1611 579904067 49388077 580067883 49411437
1696 580067883 49411437 580155970 49417043
2154 580155970 49417043 580155970 49417043
3155 580103857 49394834 580114377 49412261
3246 580114377 49412261 580116760 49414439
3546 580116760 49414439 580117109 49404540
4027 580117109 49404540 580133421 49410086
4326 580133421 49410086 580241934 49415191
4704 580241934 49415191 580316034 49418730
5083 580316034 49418730 580316034 49418730
6084 579469112 49298966 579511421 49375776
6085 579511421 49375776 579512834 49400134
6172 579512834 49400134 579578846 49398547
6360 579578846 49398547 579607321 49408443
6409 579607321 49408443 579687143 49414888
6499 579687143 49414888 579713566 49407546
6709 579713566 49407546 579763158 49408737
7161 579763158 49408737 579803700 49401785
7364 579803700 49401785 579812089 49407651
7662 579812089 49407651 579904992 49412338
8496 579904992 49412338 579908654 49404982
8621 579908654 49404982 579942461 49411484
9438 579942461 49411484 579962860 49412718
9724 579962860 49412718 580174325 49408757
10147 580174325 49408757 580276494 49410424
10616 580276494 49410424 580282937 49417782
10666 580282937 49417782 580282937 49417782
11667 579826080 49293856 579968813 49408492
11673 579968813 49408492 580038780 49415310
11767 580038780 49415310 580059236 49396109
11783 580059236 49396109 580115001 49418200
11892 580115001 49418200 580115001 49418200
12893 580309423 49345177 580616152 49410132
12914 580616152 49410132 580699346 49415699
13752 580699346 49415699 580720415 49419240
13858 580720415 49419240 580720415 49419240
14859 579913079 49331711 580090694 49405421
14869 580090694 49405421 580120082 49417069
15476 580120082 49417069 580120610 49415409
15484 580120610 49415409 580139297 49418368
16428 580139297 49418368 580139297 49418368
17429 580164799 49414638 580184122 49410761
17435 580184122 49410761 580198792 49417426
17460 580198792 49417426 580198792 49417426
18461 580199959 49405422 580211451 49412182
18675 580211451 49412182 580217621 49415339
19353 580217621 49415339 580263838 49418968
19878 580263838 49418968 580304911 49410807
20507 580304911 49410807 580359980 49408435
21040 580359980 49408435 580398824 49418023
21074 580398824 49418023 580398824 49418023
22075 580484394 49411064 580571175 49417565
22868 580571175 49417565 580571175 49417565
23869 580435083 49399337 580444956 49410503
23901 580444956 49410503 580464029 49415079
24354 580464029 49415079 580464029 49415079
25355 580456872 49418938 580456872 49418938
26356 579327500 49301749 579552553 49418759
26358 579552553 49418759 579581551 49414889
26719 579581551 49414889 579590176 49418258
26949 579590176 49418258 579635385 49407379
27025 579635385 49407379 579655355 49412864
27206 579655355 49412864 579692879 49418807
28093 579692879 49418807 579692879 49418807
29094 579904523 49307231 580017896 49408253
29097 580017896 49408253 580103120 49394829
29141 580103120 49394829 580117436 49400709
29370 580117436 49400709 580184204 49417239
29818 580184204 49417239 580184204 49417239
30819 579795139 49382048 579800736 49413057
30864 579800736 49413057 579816115 49415026
31278 579816115 49415026 579866891 49413449
31576 579866891 49413449 579877351 49417591
31824 579877351 49417591 579985828 49412293
32329 579985828 49412293 579985828 49412293
33330 580142935 49393052 580159506 49411382
33470 580159506 49411382 580164709 49412919
34025 580164709 49412919 580190764 49418167
34559 580190764 49418167 580262627 49417559
35247 580262627 49417559 580262627 49417559
36248 580068153 49367685 580137672 49414558
36257 580137672 49414558 580192020 49413688
36978 580192020 49413688 580244423 49409560
37551 580244423 49409560 580295078 49419105
37725 580295078 49419105 580295078 49419105
38726 580305916 49416877 580332264 49407501
39532 580332264 49407501 580345985 49415543
39669 580345985 49415543 580390636 49410766
40037 580390636 49410766 580412588 49413432
40781 580412588 49413432 580412588 49413432
41782 579881479 49397290 579979954 49416163
41824 579979954 49416163 579979954 49416163
42825 579945634 49318314 579975891 49376687
42828 579975891 49376687 580096765 49389698
42874 580096765 49389698 580170991 49418919
43157 580170991 49418919 580171764 49402250
43869 580171764 49402250 580225535 49418745
43941 580225535 49418745 580225535 49418745
44942 579940728 49399717 579947622 49414865
45514 579947622 49414865 579947622 49414865
46515 580449254 49391407 580452372 49413323
46549 580452372 49413323 580488882 49412404
47232 580488882 49412404 580507743 49410901
48012 580507743 49410901 580531896 49418689
48050 580531896 49418689 580594110 49413231
48575 580594110 49413231 580603817 49416875
49135 580603817 49416875 580631913 49415869
49187 580631913 49415869 580631913 49415869
50188 579659359 49319467 579692962 49393006
50191 579692962 49393006 579733210 49418563
50287 579733210 49418563 579755240 49409764
50389 579755240 49409764 579781442 49411840
50593 579781442 49411840 579800704 49404601
50698 579800704 49404601 579866815 49407435
50747 579866815 49407435 580067669 49412390
50753 580067669 49412390 580181276 49417176
50901 580181276 49417176 580181528 49416343
51331 580181528 49416343 580181528 49416343
52332 580076315 49344436 580116775 49413183
52341 580116775 49413183 580158648 49382384
53157 580158648 49382384 580203930 49399971
53197 580203930 49399971 580243131 49414777
53309 580243131 49414777 580243131 49414777
54310 579777316 49314858 579971608 49382396
54314 579971608 49382396 579989524 49415193
54481 579989524 49415193 579989524 49415193
55482 580045334 49349774 580083875 49406161
55487 580083875 49406161 580103430 49407884
55529 580103430 49407884 580103430 49407884
56530 580064476 49400692 580067976 49417782
56583 580067976 49417782 580114105 49411514
57241 580114105 49411514 580158105 49418572
57434 580158105 49418572 580184013 49403103
58405 580184013 49403103 580232818 49419108
58815 580232818 49419108 580232818 49419108
59816 579267090 49262032 579358666 49386870
59821 579358666 49386870 579414129 49415270
59865 579414129 49415270 579625756 49404164
59944 579625756 49404164 579639086 49394989
59998 579639086 49394989 579701677 49375676
60213 579701677 49375676 579760222 49392809
60269 579760222 49392809 579943489 49417030
60323 579943489 49417030 579991135 49399885
60535 579991135 49399885 580029469 49394248
60655 580029469 49394248 580052312 49413091
60661 580052312 49413091 580052312 49413091
61662 579779759 49301720 579855013 49378974
61666 579855013 49378974 579864722 49415652
61692 579864722 49415652 579869508 49418979
61743 579869508 49418979 579910496 49405145
61871 579910496 49405145 579914291 49407229
62196 579914291 49407229 579921855 49405821
62375 579921855 49405821 579930478 49356917
62426 579930478 49356917 579938001 49409132
62441 579938001 49409132 579938001 49409132
63442 579345742 49257147 579488071 49341637
63443 579488071 49341637 579504376 49406328
63446 579504376 49406328 579597527 49415894
63451 579597527 49415894 579649070 49415408
64194 579649070 49415408 579649070 49415408
65195 580012424 49370846 580025500 49396216
65208 580025500 49396216 580076291 49415504
65258 580076291 49415504 580097725 49413042
65341 580097725 49413042 580178928 49418912
65413 580178928 49418912 580178928 49418912
66414 580231187 49372934 580275615 49390706
66435 580275615 49390706 580293733 49414985
66550 580293733 49414985 580307915 49412462
66684 580307915 49412462 580340148 49404164
66840 580340148 49404164 580379990 49415377
67365 580379990 49415377 580379990 49415377
68366 580237617 49403181 580246796 49418360
68447 580246796 49418360 580247463 49417714
68986 580247463 49417714 580247463 49417714
69987 580046609 49394845 580085194 49401430
70040 580085194 49401430 580144621 49418023
70261 580144621 49418023 580144621 49418023
71262 579447660 49307085 579727618 49386110
71266 579727618 49386110 579981097 49416239
71315 579981097 49416239 580001067 49414344
71361 580001067 49414344 580062747 49398025
71601 580062747 49398025 580070080 49416249
71820 580070080 49416249 580117126 49416647
71922 580117126 49416647 580178706 49418316
72918 580178706 49418316 580180844 49406592
73025 580180844 49406592 580180906 49418177
73105 580180906 49418177 580180906 49418177
74106 579430227 49307776 579476556 49346339
74117 579476556 49346339 579492536 49415190
74136 579492536 49415190 579539416 49380496
74265 579539416 49380496 579581225 49409146
74290 579581225 49409146 579628241 49418303
74691 579628241 49418303 579679158 49413452
74865 579679158 49413452 579766886 49405427
75731 579766886 49405427 579836410 49415978
76144 579836410 49415978 579870971 49415592
76266 579870971 49415592 579942757 49417784
76395 579942757 49417784 579990640 49411585
77265 579990640 49411585 580060298 49412613
77453 580060298 49412613 580060298 49412613
78454 580125258 49403915 580169777 49418324
78464 580169777 49418324 580207013 49416259
78593 580207013 49416259 580262284 49418110
79012 580262284 49418110 580262284 49418110
80013 579918408 49408239 580025526 49417580
80063 580025526 49417580 580037527 49411244
80160 580037527 49411244 580037527 49411244
81161 579711900 49359191 579860417 49402719
81175 579860417 49402719 579877096 49414466
81490 579877096 49414466 580009965 49412013
82462 580009965 49412013 580024990 49418285
82599 580024990 49418285 580024990 49418285
83600 580212202 49402205 580231557 49417064
83635 580231557 49417064 580251112 49418787
84139 580251112 49418787 580316616 49417544
84977 580316616 49417544 580316616 49417544
85978 579940256 49407895 579976080 49414361
86707 579976080 49414361 579991359 49391381
87605 579991359 49391381 580117047 49413024
87642 580117047 49413024 580144748 49413852
87850 580144748 49413852 580199691 49406792
88412 580199691 49406792 580283130 49403569
88568 580283130 49403569 580283130 49403569
89569 580126591 49381413 580173373 49399425
89574 580173373 49399425 580367392 49417342
89614 580367392 49417342 580410128 49405765
90443 580410128 49405765 580530594 49389832
90535 580530594 49389832 580703717 49411899
90551 580703717 49411899 580810248 49418614
91466 580810248 49418614 580810248 49418614
92467 580419366 49415330 580419995 49418848
92499 580419995 49418848 580419995 49418848
93500 579605799 49345116 579633260 49397780
93502 579633260 49397780 579638692 49406344
93550 579638692 49406344 579642698 49419077
93883 579642698 49419077 579642698 49419077
94884 579551373 49331328 579568239 49416332
94887 579568239 49416332 579575177 49413469
95694 579575177 49413469 579592873 49399148
95696 579592873 49399148 579625267 49415960
95756 579625267 49415960 579730842 49419316
95869 579730842 49419316 579775973 49419049
96558 579775973 49419049 579851432 49395265
97149 579851432 49395265 579895491 49407111
97258 579895491 49407111 579957023 49417753
97529 579957023 49417753 579982536 49411059
97760 579982536 49411059 580056222 49403067
97988 580056222 49403067 580111942 49408438
98160 580111942 49408438 580140025 49416058
98568 580140025 49416058 580140025 49416058
99569 579155383 49261550 579392439 49385815
99578 579392439 49385815 579420140 49386643
99775 579420140 49386643 579449697 49415036
99823 579449697 49415036 579539523 49417182
99907 579539523 49417182 579620280 49413237
99949 579620280 49413237 579623212 49414375
