0 93146 9920 93741 9400
3 93741 9400 94875 10156
6 94875 10156 97830 10045
7 97830 10045 99761 10195
42 99761 10195 99765 10017
66 99765 10017 100937 10116
68 100937 10116 103509 10064
74 103509 10064 104321 9996
83 104321 9996 104493 10239
119 104493 10239 104493 10239
1120 84037 10050 85881 9597
1132 85881 9597 86471 7958
1133 86471 7958 88291 9321
1139 88291 9321 88328 9459
1158 88328 9459 89028 10262
1164 89028 10262 90583 10099
1166 90583 10099 91755 10198
1180 91755 10198 93365 9607
1187 93365 9607 93960 9087
1202 93960 9087 94959 9738
1207 94959 9738 95094 9843
1208 95094 9843 95470 10156
1338 95470 10156 95507 10294
1366 95507 10294 95507 10294
2367 78828 9663 80142 9900
2385 80142 9900 81099 9567
2390 81099 9567 81234 9672
2391 81234 9672 82342 8468
2395 82342 8468 83610 9174
2396 83610 9174 88663 9933
2397 88663 9933 89354 9655
2536 89354 9655 89547 10049
2701 89547 10049 89547 10049
3702 83554 10039 86913 10129
3716 86913 10129 87597 9640
3741 87597 9640 93765 9698
3748 93765 9698 94540 9882
3761 94540 9882 95835 10165
3778 95835 10165 95970 10270
3795 95970 10270 96750 9923
3822 96750 9923 97568 9357
3855 97568 9357 97930 10032
3900 97930 10032 99724 10291
3937 99724 10291 101674 10079
4087 101674 10079 101711 10217
4303 101711 10217 101711 10217
5304 75701 10199 78808 10270
5313 78808 10270 79960 9615
5326 79960 9615 81451 10200
5327 81451 10200 82231 9853
5380 82231 9853 83168 10154
5381 83168 10154 83205 10292
5390 83205 10292 83842 10268
5406 83842 10268 83876 10227
5444 83876 10227 83876 10227
6445 63735 8821 64677 9290
6447 64677 9290 69831 9954
6450 69831 9954 69865 9913
6457 69865 9913 70280 8473
6462 70280 8473 74386 9195
6469 74386 9195 75166 8848
6472 75166 8848 76879 9953
6477 76879 9953 77255 10266
6482 77255 10266 78243 9515
6487 78243 9515 78934 9237
6490 78934 9237 79608 8148
6494 79608 8148 82500 10141
6495 82500 10141 82534 10100
6551 82534 10100 82705 9333
6886 82705 9333 83876 10227
6904 83876 10227 83876 10227
7905 66506 9066 66831 9629
7906 66831 9629 67187 9663
7912 67187 9663 67363 8421
7933 67363 8421 69648 9674
7939 69648 9674 72580 10237
7945 72580 10237 74135 10074
7954 74135 10074 74819 9585
7963 74819 9585 76114 9868
7968 76114 9868 76307 10262
7988 76307 10262 76939 9880
8034 76939 9880 76990 9630
8110 76990 9630 77989 10281
8129 77989 10281 77989 10281
9130 64253 9876 65440 9597
9133 65440 9597 65885 9996
9136 65885 9996 66677 9971
9137 66677 9971 69158 9494
9140 69158 9494 70095 8950
9144 70095 8950 70592 9730
9145 70592 9730 72252 9336
9148 72252 9336 72847 8816
9152 72847 8816 78082 9448
9158 78082 9448 78330 10133
9172 78330 10133 81963 10108
9176 81963 10108 81997 10067
9223 81997 10067 82034 10205
9232 82034 10205 82034 10205
10233 72715 8835 74806 9772
10235 74806 9772 77163 9936
10238 77163 9936 77847 9447
10240 77847 9447 79466 10005
10243 79466 10005 81708 9557
10256 81708 9557 81981 9713
10279 81981 9713 84106 9202
10285 84106 9202 84480 8677
10287 84480 8677 85306 8611
10296 85306 8611 86143 10142
10306 86143 10142 86816 9680
10311 86816 9680 86853 9818
10326 86853 9818 87790 9317
10361 87790 9317 88812 9444
10365 88812 9444 89085 9600
10385 89085 9600 89461 9913
10418 89461 9913 89596 10018
10453 89596 10018 90337 10243
10480 90337 10243 90337 10243
11481 60929 9113 66164 9745
11489 66164 9745 67930 10119
11510 67930 10119 68044 9110
11513 68044 9110 68489 9509
11525 68489 9509 68735 10088
11536 68735 10088 69527 10063
11629 69527 10063 70549 10190
11681 70549 10190 70731 10063
11839 70731 10063 70731 10063
12840 77704 9681 77903 9455
12841 77903 9455 83253 9393
12843 83253 9393 86183 10194
12856 86183 10194 89692 9598
12857 89692 9598 93308 9672
12872 93308 9672 93480 9915
12899 93480 9915 95972 10184
12900 95972 10184 95972 10184
13901 68900 9790 70298 9714
13909 70298 9714 75059 8965
13915 75059 8965 76391 9386
13917 76391 9386 80450 10097
13919 80450 10097 80580 10097
13963 80580 10097 81347 9820
14029 81347 9820 81554 8836
14035 81554 8836 83876 10227
14036 83876 10227 83876 10227
15037 60549 7917 62324 9372
15041 62324 9372 66148 10062
15048 66148 10062 67320 10161
15070 67320 10161 67433 8560
15073 67433 8560 68808 9524
15086 68808 9524 68899 9949
15088 68899 9949 69034 10054
15098 69034 10054 69501 8151
15110 69501 8151 72135 9908
15111 72135 9908 72910 10092
15121 72910 10092 73542 9710
15130 73542 9710 74499 9377
15152 74499 9377 74996 10157
15158 74996 10157 77111 10097
15216 77111 10097 77148 10235
15219 77148 10235 77148 10235
16220 79714 9275 79962 9960
16222 79962 9960 80737 10144
16224 80737 10144 83558 10187
16229 83558 10187 83558 10187
17230 90334 9709 90425 10134
17232 90425 10134 91944 9118
17238 91944 9118 94256 9581
17242 94256 9581 95747 10166
17246 95747 10166 96379 9784
17262 96379 9784 97551 9883
17263 97551 9883 98564 10172
17268 98564 10172 99546 9372
17269 99546 9372 100744 9947
17316 100744 9947 100916 10190
17332 100916 10190 103871 10079
17344 103871 10079 104144 10235
17405 104144 10235 104144 10235
18406 90268 9085 93337 9813
18419 93337 9813 93509 10056
18421 93509 10056 96943 10257
18430 96943 10257 98256 10069
18434 98256 10069 100824 10195
18499 100824 10195 100824 10195
19500 53687 8216 55787 10234
19501 55787 10234 56140 9340
19502 56140 9340 59264 9227
19503 59264 9227 59964 10030
19574 59964 10030 61155 9126
19608 61155 9126 61189 9085
19658 61189 9085 61981 9060
19664 61981 9060 62565 10255
19699 62565 10255 63249 9766
19700 63249 9766 63249 9766
20701 51319 10077 51495 8835
20708 51495 8835 51586 9260
20709 51586 9260 53307 8191
20712 53307 8191 54082 8375
20716 54082 8375 54413 8780
20719 54413 8780 56684 10031
20729 56684 10031 60294 9952
20754 60294 9952 61231 10253
20765 61231 10253 61527 9117
20775 61527 9117 62902 10081
20781 62902 10081 63037 10186
20821 63037 10186 64031 9991
20868 64031 9991 64031 9991
21869 65142 10019 66599 9069
21870 66599 9069 69128 9476
21872 69128 9476 71118 9009
21873 71118 9009 73442 8272
21883 73442 8272 75693 9566
21885 75693 9566 76715 9693
21891 76715 9693 76961 10272
21922 76961 10272 76961 10272
22923 67595 9375 68594 10176
22928 68594 10176 69231 10152
22944 69231 10152 71486 9238
22947 71486 9238 72020 10156
22949 72020 10156 72496 9334
22958 72496 9334 72639 10272
22959 72639 10272 73633 10077
22960 73633 10077 74094 9700
22972 74094 9700 75882 10173
23030 75882 10173 75882 10173
24031 71624 9959 73555 10109
24037 73555 10109 77370 9957
24045 77370 9957 78613 8858
24050 78613 8858 80755 9545
24056 80755 9545 80917 8860
24119 80917 8860 81916 9511
24120 81916 9511 83670 10025
24150 83670 10025 83704 9984
24174 83704 9984 84445 10209
24194 84445 10209 84445 10209
25195 55892 8672 55979 9275
25199 55979 9275 56611 8131
25205 56611 8131 59626 8572
25210 59626 8572 60777 9069
25213 60777 9069 61718 8347
25229 61718 8347 63809 9284
25232 63809 9284 64808 9935
25238 64808 9935 68981 9637
25252 68981 9637 69116 9742
25266 69116 9742 69636 10231
25311 69636 10231 69687 9981
25317 69687 9981 70499 9913
25331 70499 9913 70772 10069
25638 70772 10069 70772 10069
26639 69570 8499 69604 8458
26649 69604 8458 72671 10005
26651 72671 10005 77205 9690
26652 77205 9690 80509 9891
26660 80509 9891 80831 9215
26661 80831 9215 82126 9498
26663 82126 9498 82867 9723
26666 82867 9723 82904 9861
26671 82904 9861 84076 9960
26675 84076 9960 86007 10110
26697 86007 10110 86995 9359
26703 86995 9359 87572 9818
26720 87572 9818 87779 8834
26734 87779 8834 88913 9590
26738 88913 9590 89223 9884
26806 89223 9884 89257 9843
26813 89257 9843 89633 10156
26835 89633 10156 89633 10156
27836 95074 9589 98052 9892
27837 98052 9892 101668 9966
27842 101668 9966 102044 10279
27869 102044 10279 102981 9778
27872 102981 9778 103018 9916
27892 103018 9916 105510 10185
27907 105510 10185 106285 9979
27947 106285 9979 106907 10139
27967 106907 10139 108079 10238
28003 108079 10238 108079 10238
29004 46605 10096 47638 9046
29020 47638 9046 47814 7804
29023 47814 7804 47909 6486
29025 47909 6486 47954 7245
29029 47954 7245 49861 9993
29035 49861 9993 50152 7429
29045 50152 7429 50175 10071
29063 50175 10071 51128 5593
29065 51128 5593 51828 6396
29075 51828 6396 52190 7071
29115 52190 7071 52853 9669
29118 52853 9669 53035 9542
29153 53035 9542 53997 10081
29179 53997 10081 55240 8982
29188 55240 8982 56369 9380
29190 56369 9380 56549 9694
29251 56549 9694 56549 9694
30252 78476 9429 78563 10032
30253 78563 10032 79663 9150
30255 79663 9150 81273 8559
30258 81273 8559 84251 8862
30267 84251 8862 85250 9513
30294 85250 9513 85854 10074
30299 85854 10074 87785 10224
30306 87785 10224 88779 10029
30453 88779 10029 89416 10005
30598 89416 10005 89551 10110
30731 89551 10110 89588 10248
30794 89588 10248 89588 10248
31795 95948 10169 95993 9870
31800 95993 9870 96030 10008
31804 96030 10008 96165 10113
31819 96165 10113 99618 9774
31833 99618 9774 100195 10233
31840 100195 10233 101152 9900
31852 101152 9900 104456 10101
31865 104456 10101 104493 10239
32263 104493 10239 104493 10239
33264 86185 10055 86960 9849
33275 86960 9849 89938 10152
33289 89938 10152 91888 9940
33294 91888 9940 92668 9593
33387 92668 9593 92914 10172
33400 92914 10172 92959 9873
33430 92959 9873 93896 9372
33495 93896 9372 94258 10047
33516 94258 10047 94430 10290
33541 94430 10290 95067 10266
33677 95067 10266 95067 10266
34678 77981 9825 78599 10163
34683 78599 10163 78955 10197
34687 78955 10197 80560 9773
34688 80560 9773 84176 9847
34692 84176 9847 85352 9768
34698 85352 9768 86958 9355
34719 86958 9355 89405 9923
34725 89405 9923 90387 9123
34726 90387 9123 93493 9989
34729 93493 9989 94788 10272
34741 94788 10272 95425 10248
34763 95425 10248 95425 10248
35764 65458 8629 66629 9523
35772 66629 9523 67780 10020
35773 67780 10020 69770 9553
35777 69770 9553 70213 10190
35796 70213 10190 71376 9140
35806 71376 9140 72447 7798
35808 72447 7798 72902 9285
35811 72902 9285 74668 9659
35812 74668 9659 74890 10028
35838 74890 10028 75631 10253
35862 75631 10253 76092 9876
35922 76092 9876 77105 10165
35928 77105 10165 77240 10270
36035 77240 10270 77931 9992
36602 77931 9992 78241 10286
36745 78241 10286 78241 10286
37746 71496 9470 74565 10198
37748 74565 10198 75256 9920
37753 75256 9920 75625 9581
37759 75625 9581 79322 10105
37764 79322 10105 79892 8854
37793 79892 8854 83560 8098
37794 83560 8098 84698 9577
37797 84698 9577 84944 10156
37812 84944 10156 85938 9961
37827 85938 9961 86629 9683
37841 86629 9683 88941 10146
37864 88941 10146 89578 10122
37865 89578 10122 89713 10227
37923 89713 10227 89713 10227
38924 73988 9684 75164 9605
38928 75164 9605 75536 9389
38931 75536 9389 76521 8634
38935 76521 8634 77296 8428
38941 77296 8428 80675 9450
38961 80675 9450 81195 9939
38977 81195 9939 83763 10065
38989 83763 10065 83800 10203
38998 83800 10203 87286 10277
39033 87286 10277 87788 9915
39053 87788 9915 87822 9874
39072 87822 9874 89588 10248
39104 89588 10248 89588 10248
40105 71008 8791 71469 10009
40110 71469 10009 72457 9258
40117 72457 9258 74462 9217
40125 74462 9217 75424 9756
40138 75424 9756 75595 8989
40139 75595 8989 76402 10063
40141 76402 10063 76453 9813
40176 76453 9813 77228 9997
40212 77228 9997 78241 10286
40554 78241 10286 78241 10286
41555 34317 4009 36030 5114
41557 36030 5114 38895 8665
41559 38895 8665 39224 9657
41564 39224 9657 40016 9632
41565 40016 9632 41015 10283
41578 41015 10283 41247 7917
41588 41247 7917 43362 7857
41597 43362 7857 43658 6721
41598 43658 6721 45758 8739
41612 45758 8739 45893 8844
41620 45893 8844 47225 9265
41684 47225 9265 47578 8371
41816 47578 8371 47578 8371
42817 63800 8680 65343 8435
42818 65343 8435 69167 9125
42821 69167 9125 72897 8190
42823 72897 8190 72988 8615
42826 72988 8615 75310 10006
42834 75310 10006 76623 9818
42845 76623 9818 77154 9553
42849 77154 9553 77656 9191
42851 77656 9191 79430 10221
42854 79430 10221 80387 9888
42903 80387 9888 80580 10282
42905 80580 10282 81118 9715
42936 81118 9715 81364 10294
42978 81364 10294 82001 10270
43181 82001 10270 82768 9993
43277 82768 9993 82768 9993
44278 57589 8296 57926 7312
44302 57926 7312 58499 7949
44305 58499 7949 59265 9017
44306 59265 9017 61053 9490
44309 61053 9490 63620 9605
44310 63620 9605 65762 10292
44342 65762 10292 66554 10267
44348 66554 10267 66725 9500
44354 66725 9500 69082 9664
44364 69082 9664 69602 10153
44407 69602 10153 70731 10063
44569 70731 10063 70731 10063
45570 91204 9873 92226 10000
45574 92226 10000 97542 9979
45575 97542 9979 98354 9911
45580 98354 9911 101433 10097
45604 101433 10097 101789 10131
45616 101789 10131 104146 10295
45625 104146 10295 104321 9996
45643 104321 9996 104493 10239
45747 104493 10239 104493 10239
46748 43621 8891 44262 9590
46753 44262 9590 46709 10158
46754 46709 10158 48197 9521
46759 48197 9521 48369 9764
46762 48369 9764 48679 10058
46771 48679 10058 49471 10033
46778 49471 10033 50809 8384
46781 50809 8384 50923 7375
46784 50923 7375 51193 9379
46786 51193 9379 51788 8859
46798 51788 8859 52034 9438
46815 52034 9438 53164 10133
46835 53164 10133 53578 7640
46976 53578 7640 55217 10035
47016 55217 10035 56369 9380
47018 56369 9380 56549 9694
47828 56549 9694 56549 9694
48829 73276 8941 81273 10200
48830 81273 10200 81569 9064
48850 81569 9064 82187 9402
48864 82187 9402 82221 9361
48894 82221 9361 83484 9885
48901 83484 9885 86462 10188
48907 86462 10188 87229 9911
48910 87229 9911 87266 10049
48914 87266 10049 87428 9364
48922 87428 9364 87753 9927
48953 87753 9927 87933 10241
48972 87933 10241 88759 10175
49009 88759 10175 89354 9655
49394 89354 9655 89547 10049
49435 89547 10049 89547 10049
50436 84837 10062 86418 10237
50437 86418 10237 86460 9530
50440 86460 9530 86497 9668
50442 86497 9668 87454 9335
50448 87454 9335 88453 9986
50457 88453 9986 88487 9945
50481 88487 9945 90418 10095
50487 90418 10095 91185 9818
50489 91185 9818 91632 10277
50526 91632 10277 91969 9293
50528 91969 9293 95228 9793
50529 95228 9793 95421 10187
50550 95421 10187 95421 10187
51551 67413 9195 67686 9351
51566 67686 9351 68498 9283
51572 68498 9283 69649 9780
51574 69649 9780 70011 9967
51576 70011 9967 70307 8831
51584 70307 8831 70629 8155
51590 70629 8155 71090 9373
51593 71090 9373 71270 9687
51594 71270 9687 73521 10225
51600 73521 10225 74339 9659
51622 74339 9659 74664 10222
51623 74664 10222 75456 10197
51665 75456 10197 76093 10173
51712 76093 10173 76860 9896
51747 76860 9896 77236 10209
52236 77236 10209 77236 10209
53237 88680 9131 92459 10120
53243 92459 10120 94014 9957
53247 94014 9957 95190 9878
53248 95190 9878 96956 10252
53281 96956 10252 97442 10286
53288 97442 10286 97944 9924
53305 97944 9924 100301 10088
53318 100301 10088 100338 10226
53327 100338 10226 100338 10226
54328 67398 9816 68953 9653
54329 68953 9653 73489 9979
54330 73489 9979 73842 9085
54333 73842 9085 75992 10233
54334 75992 10233 79736 10280
54341 79736 10280 81342 9867
54342 81342 9867 85980 9669
54344 85980 9669 87338 9182
54347 87338 9182 91381 9751
54355 91381 9751 94003 10020
54416 94003 10020 94778 9814
54426 94778 9814 95800 9941
54496 95800 9941 96110 10235
54505 96110 10235 96110 10235
55506 89508 9848 91263 8738
55513 91263 8738 94342 8924
55523 94342 8924 95108 9992
55529 95108 9992 96403 10275
55539 96403 10275 97215 10207
55661 97215 10207 100322 10278
55746 100322 10278 100322 10278
56747 72950 9362 73043 10174
56749 73043 10174 74417 9888
56751 74417 9888 75354 9344
56766 75354 9344 75497 10282
56783 75497 10282 75672 9983
56796 75672 9983 75676 9805
56809 75676 9805 75806 9023
56827 75806 9023 77948 9710
56828 77948 9710 78144 8984
56838 78144 8984 81209 9890
56849 81209 9890 82203 9695
56850 82203 9695 82944 9920
56859 82944 9920 83446 9558
56940 83446 9558 84445 10209
57094 84445 10209 84445 10209
58095 57469 8475 59740 9726
58099 59740 9726 60566 9660
58112 60566 9660 60728 8975
58117 60728 8975 61542 8587
58120 61542 8587 62650 7383
58122 62650 7383 63464 6112
58134 63464 6112 65252 6585
58141 65252 6585 66189 6886
58143 66189 6886 68398 8887
58144 68398 8887 68918 9376
58150 68918 9376 69098 9690
58199 69098 9690 69772 8601
58217 69772 8601 71268 10058
58244 71268 10058 71541 10214
58411 71541 10214 71541 10214
59412 75494 9239 76757 9763
59413 76757 9763 78688 9913
59416 78688 9913 79050 10100
59423 79050 10100 79687 10076
59432 79687 10076 80043 10110
59433 80043 10110 81978 10082
59437 81978 10082 82012 10041
59478 82012 10041 84559 8906
59485 84559 8906 86508 9637
59492 86508 9637 87361 10251
59498 87361 10251 88759 10175
59552 88759 10175 89354 9655
59598 89354 9655 89547 10049
59639 89547 10049 89547 10049
60640 75257 10252 76862 9828
60642 76862 9828 76907 9529
60668 76907 9529 77217 9823
60677 77217 9823 77399 9696
60678 77399 9696 78516 10234
60691 78516 10234 79018 9872
60767 79018 9872 82097 10058
60808 82097 10058 82131 10017
60818 82131 10017 82768 9993
60858 82768 9993 82768 9993
61859 85094 9920 87451 10084
61877 87451 10084 88046 9564
61882 88046 9564 88218 9807
61897 88218 9807 88491 9963
61936 88491 9963 88525 9922
62047 88525 9922 89547 10049
62098 89547 10049 89547 10049
63099 73409 9817 74920 7961
63101 74920 7961 75697 9550
63102 75697 9550 79001 9751
63112 79001 9751 79685 9262
63144 79685 9262 80205 9751
63164 80205 9751 82864 10158
63169 82864 10158 83639 9952
63890 83639 9952 83639 9952
64891 60408 9200 61651 8101
64903 61651 8101 64714 9327
64914 64714 9327 65203 9510
64925 65203 9510 66298 7493
64940 66298 7493 68127 8694
64950 68127 8694 69089 9233
64969 69089 9233 69623 10151
64999 69623 10151 70255 9769
65018 70255 9769 70631 10082
65079 70631 10082 70904 10238
65111 70904 10238 71541 10214
65175 71541 10214 71541 10214
66176 73703 9677 74148 10076
66178 74148 10076 78321 9778
66183 78321 9778 78366 9479
66200 78366 9479 79066 10282
66203 79066 10282 79248 10155
66243 79248 10155 79750 9793
66269 79750 9793 80763 10082
66281 80763 10082 81036 10238
66284 81036 10238 81070 10197
66332 81070 10197 82383 10009
66361 82383 10009 83124 10234
66607 83124 10234 83446 9558
66986 83446 9558 84445 10209
67037 84445 10209 84445 10209
68038 81620 8581 83942 9972
68048 83942 9972 84573 10217
68070 84573 10217 85387 9829
68073 85387 9829 85429 9122
68096 85429 9122 86070 9821
68099 86070 9821 91386 9800
68106 91386 9800 91963 10259
68108 91963 10259 92996 9209
68139 92996 9209 94537 10071
68148 94537 10071 95228 9793
68329 95228 9793 95421 10187
68463 95421 10187 95421 10187
69464 92804 10132 92939 10237
69469 92939 10237 93261 9561
69474 93261 9561 97215 10251
69507 97215 10251 97568 9357
69526 97568 9357 98209 10056
69531 98209 10056 99381 10155
69588 99381 10155 99385 9977
69810 99385 9977 100322 10278
70170 100322 10278 100322 10278
71171 75722 8714 76856 9470
71179 76856 9470 77166 9764
71182 77166 9764 79695 10171
71183 79695 10171 82426 9929
71186 82426 9929 82540 8920
71187 82540 8920 82865 9483
71200 82865 9483 83045 9797
71201 83045 9797 84067 9924
71231 84067 9924 84340 10080
71242 84340 10080 85166 10014
71276 85166 10014 85850 9525
71388 85850 9525 87616 9899
71405 87616 9899 88234 10237
71408 88234 10237 88396 9552
71733 88396 9552 88721 10115
71794 88721 10115 88772 9865
71845 88772 9865 89547 10049
71883 89547 10049 89547 10049
72884 47277 6863 50558 9326
72888 50558 9326 51486 7046
72889 51486 7046 55220 10120
72893 55220 10120 56208 9369
72900 56208 9369 60267 10080
72921 60267 10080 60603 8275
73038 60603 8275 62549 8963
73040 62549 8963 62887 9579
73042 62887 9579 63249 9766
73095 63249 9766 63249 9766
74096 76392 9686 76868 8864
74097 76868 8864 79540 10209
74102 79540 10209 81496 9783
74105 81496 9783 82509 10072
74108 82509 10072 83907 9996
74109 83907 9996 84438 9731
74111 84438 9731 85252 9343
74124 85252 9343 88321 10071
74125 88321 10071 89349 9952
74131 89349 9952 89659 10246
74160 89659 10246 91127 9480
74167 91127 9480 92893 9854
74175 92893 9854 93224 10259
74187 93224 10259 94537 10071
74255 94537 10071 95228 9793
74306 95228 9793 95421 10187
74330 95421 10187 95421 10187
75331 72530 9629 75654 9516
75335 75654 9516 76653 10167
75338 76653 10167 77433 9820
75343 77433 9820 77437 9642
75345 77437 9642 78212 9826
75346 78212 9826 79010 8328
75347 79010 8328 79453 8965
75368 79453 8965 82033 9941
75373 82033 9941 82716 9933
75390 82716 9933 83653 10234
75409 83653 10234 83704 9984
75427 83704 9984 83876 10227
75436 83876 10227 83876 10227
76437 79764 9660 80138 9135
76440 80138 9135 82642 10009
76445 82642 10009 83805 8959
76446 83805 8959 84752 8996
76452 84752 8996 85213 10214
76458 85213 10214 85923 9890
76478 85923 9890 88491 10016
76486 88491 10016 89266 10200
76500 89266 10200 92373 10271
76507 92373 10271 92535 9586
76508 92535 9586 92996 9209
76548 92996 9209 93803 10283
76568 93803 10283 94494 10005
76609 94494 10005 95507 10294
76650 95507 10294 95507 10294
77651 86684 9509 87394 9185
77654 87394 9185 92373 10148
77659 92373 10148 92859 10182
77668 92859 10182 93639 9835
77673 93639 9835 94271 9453
77678 94271 9453 98225 10143
77688 98225 10143 98360 10248
77713 98360 10248 99317 9915
77760 99317 9915 99362 9616
77880 99362 9616 99724 10291
77883 99724 10291 100361 10267
77892 100361 10267 101674 10079
77949 101674 10079 101711 10217
78189 101711 10217 101711 10217
79190 66244 9268 66416 9511
79196 66416 9511 66546 8729
79211 66546 8729 67048 8367
79249 67048 8367 69609 9955
79262 69609 9955 70246 9931
79276 70246 9931 71541 10214
79312 71541 10214 71541 10214
80313 80317 9134 85370 9893
80316 85370 9893 86053 9885
80323 86053 9885 86794 10110
80324 86794 10110 86828 10069
80338 86828 10069 87423 9549
80346 87423 9549 87776 8655
80364 87776 8655 90064 10087
80366 90064 10087 90337 10243
80765 90337 10243 90337 10243
81766 80282 9832 82154 9404
81778 82154 9404 82731 9863
81784 82731 9863 85838 9934
81786 85838 9934 88969 10271
81790 88969 10271 90098 10181
81796 90098 10181 91653 10018
81837 91653 10018 92675 10145
81843 92675 10145 92720 9846
82380 92720 9846 97256 10172
82496 97256 10172 97256 10172
83497 89430 9826 90463 8776
83519 90463 8776 94173 10203
83521 94173 10203 94355 10076
83529 94355 10076 97434 10262
83536 97434 10262 98209 10056
83559 98209 10056 99381 10155
83584 99381 10155 99385 9977
83619 99385 9977 100322 10278
83729 100322 10278 100322 10278
84730 77883 9836 80962 10022
84731 80962 10022 81438 9200
84742 81438 9200 81791 8306
84745 81791 8306 83411 8599
84766 83411 8599 85180 10212
84785 85180 10212 85972 10187
84795 85972 10187 86107 10292
84798 86107 10292 86925 9726
84805 86925 9726 87247 9050
84825 87247 9050 89397 10198
84855 89397 10198 89397 10198
85856 81707 10170 85100 10219
85860 85100 10219 85307 9235
85861 85307 9235 87791 9941
85862 87791 9941 91763 10049
85866 91763 10049 92394 10294
85869 92394 10294 92716 9618
85879 92716 9618 93979 10142
85882 93979 10142 94754 9936
85893 94754 9936 95767 10225
85922 95767 10225 97322 10062
85926 97322 10062 97853 9797
85932 97853 9797 97988 9902
85948 97988 9902 98340 9489
85985 98340 9489 98981 10188
86010 98981 10188 99672 9910
86242 99672 9910 99672 9910
87243 67462 8509 69347 9387
87246 69347 9387 72617 8278
87250 72617 8278 76185 9567
87252 76185 9567 77498 9379
87254 77498 9379 78627 9777
87274 78627 9777 79088 9400
87277 79088 9400 80087 10051
87283 80087 10051 80449 10238
87324 80449 10238 81122 9776
87375 81122 9776 81498 10089
87393 81498 10089 81535 10227
87399 81535 10227 82130 9707
87403 82130 9707 83092 10246
87407 83092 10246 83884 10221
87552 83884 10221 83884 10221
88553 76934 9897 77552 10235
88554 77552 10235 79569 8770
88560 79569 8770 79884 9951
88567 79884 9951 79888 9773
88576 79888 9773 80095 8789
88583 80095 8789 82237 9476
88586 82237 9476 83354 10014
88591 83354 10014 83986 8870
88634 83986 8870 84761 9054
88646 84761 9054 87208 9622
88647 87208 9622 87518 9916
88650 87518 9916 88136 10254
88655 88136 10254 88332 9528
88709 88332 9528 88852 10017
88722 88852 10017 89354 9655
88811 89354 9655 89547 10049
89096 89547 10049 89547 10049
90097 83825 9800 85737 9216
90104 85737 9216 86720 9048
90107 86720 9048 86813 9860
90108 86813 9860 89300 10024
90114 89300 10024 89472 10267
90122 89472 10267 90155 10259
90130 90155 10259 91710 10096
90201 91710 10096 92212 9734
90211 92212 9734 93149 10035
90237 93149 10035 93153 9857
90310 93153 9857 93346 10251
90456 93346 10251 94126 9904
90469 94126 9904 95421 10187
90704 95421 10187 95421 10187
91705 72148 8320 72721 8957
91710 72721 8957 73083 9632
91712 73083 9632 76442 9722
91713 76442 9722 76533 10147
91717 76533 10147 76729 9421
91722 76729 9421 81602 9866
91723 81602 9866 83222 10159
91730 83222 10159 84014 10134
91733 84014 10134 84741 9143
91740 84741 9143 84750 10224
91749 84750 10224 85441 9946
91756 85441 9946 85817 10259
91779 85817 10259 87812 9748
91793 87812 9748 89578 10122
91799 89578 10122 89713 10227
92024 89713 10227 89713 10227
93025 59363 10062 60668 9218
93027 60668 9218 64062 10080
93028 64062 10080 64842 9733
93029 64842 9733 65051 8174
93051 65051 8174 67373 9565
93059 67373 9565 67424 9315
93063 67424 9315 67517 10127
93074 67517 10127 68292 9921
93078 68292 9921 68654 10108
93084 68654 10108 69337 10100
93206 69337 10100 69974 10076
93217 69974 10076 69974 10076
94218 76719 7764 78409 9909
94222 78409 9909 79538 9819
94227 79538 9819 83282 9866
94237 83282 9866 84023 10091
94253 84023 10091 84655 8947
94303 84655 8947 87327 10292
94305 87327 10292 88725 10216
94351 88725 10216 89320 9696
94356 89320 9696 89513 10090
94431 89513 10090 89547 10049
94444 89547 10049 89547 10049
95445 73263 9430 77369 10152
95451 77369 10152 78149 9805
95454 78149 9805 80767 9670
95474 80767 9670 82258 10255
95482 82258 10255 82895 10231
95521 82895 10231 83670 10025
95591 83670 10025 83842 10268
95674 83842 10268 83876 10227
96150 83876 10227 83876 10227
97151 86731 9191 91263 9695
97152 91263 9695 92730 10221
97158 92730 10221 95602 9649
97166 95602 9649 98049 10217
97167 98049 10217 98094 9918
97181 98094 9918 100937 10116
97196 100937 10116 102887 9904
97204 102887 9904 103197 10198
97209 103197 10198 103699 9836
97217 103699 9836 104317 10174
97249 104317 10174 104321 9996
97303 104321 9996 104456 10101
97313 104456 10101 104493 10239
97397 104493 10239 104493 10239
98398 83447 9992 83769 9316
98429 83769 9316 86571 9879
98432 86571 9879 86743 10122
98434 86743 10122 87523 9775
98437 87523 9775 87716 10169
98439 87716 10169 88218 9807
98478 88218 9807 89513 10090
98514 89513 10090 89547 10049
98577 89547 10049 89547 10049
99578 79229 9615 83315 8714
99580 83315 8714 84806 9299
99584 84806 9299 86074 10005
99586 86074 10005 88642 10131
99623 88642 10131 88642 10131
