10 508.768
21 518.604
32 540.591
43 540.591
54 540.591
65 540.591
76 557.314
87 557.314
98 557.314
109 557.314
120 557.314
131 557.314
142 572.32
153 572.32
164 572.32
175 572.32
186 572.32
197 572.32
208 585.047
219 585.047
230 585.047
241 585.047
252 585.047
263 585.047
274 585.047
285 585.047
296 585.047
307 585.047
318 585.047
329 585.047
340 585.047
351 585.047
362 585.047
373 585.047
384 585.047
395 585.047
406 585.047
417 585.047
428 585.047
439 585.047
450 585.047
461 585.047
472 585.047
483 585.047
494 585.047
505 585.047
516 585.047
527 585.047
538 585.047
549 585.047
560 585.047
571 585.047
582 585.047
593 585.047
604 585.047
615 585.047
626 585.047
637 585.047
648 585.047
659 585.047
670 585.047
681 585.047
692 585.047
703 585.047
714 585.047
725 585.047
736 585.047
747 585.047
758 585.047
769 585.047
780 585.047
791 585.047
802 585.047
813 585.047
824 585.047
835 585.047
846 585.047
857 585.047
868 585.047
879 585.047
890 585.047
901 585.047
912 585.047
923 585.047
934 585.047
945 585.047
956 585.047
967 585.047
978 585.047
989 585.047
1000 585.047
