0 416.968
11 462.993
22 456.103
33 445.174
44 449.189
55 434.352
66 482.104
77 469.495
88 479.8
99 478.099
110 431.517
121 464.386
132 453.601
143 426.751
154 453.834
165 473.38
176 487.856
187 472.555
198 497.832
209 468.681
220 490.538
231 496.598
242 495.529
253 437.86
264 525.858
275 473.463
286 471.244
297 473.947
308 475.635
319 515.387
330 470.509
341 472.534
352 481.247
363 511.902
374 468.614
385 471.986
396 491.576
407 487.649
418 493.527
429 459.742
440 486.664
451 487.571
462 491.251
473 486.72
484 520.592
495 473.894
506 462.863
517 483.439
528 517.111
539 496.146
550 479.632
561 494.465
572 463.403
583 473.772
594 466.849
605 478.913
616 464.207
627 478.409
638 467.201
649 488.808
660 471.868
671 490.692
682 482.773
693 484.53
704 505.953
715 491.194
726 523.147
737 521.358
748 492.105
759 495.686
770 505.668
781 530.383
792 510.379
803 498.12
814 474.799
825 462.439
836 480.603
847 484.146
858 501.57
869 485.595
880 473.008
891 489.153
902 512.691
913 461.64
924 505.445
935 491.727
946 470.24
957 497.441
968 474.083
979 493.749
990 485.553
