10 1178.44
21 1222.46
32 1275.33
43 1336.77
54 1336.77
65 1336.77
76 1338.5
87 1352.93
98 1352.93
109 1352.93
120 1352.93
131 1352.93
142 1352.93
153 1352.93
164 1352.93
175 1352.93
186 1360.45
197 1360.45
208 1360.45
219 1360.45
230 1360.45
241 1360.45
252 1360.45
263 1360.45
274 1360.45
285 1360.45
296 1360.45
307 1360.45
318 1360.45
329 1362.63
340 1430.27
351 1430.27
362 1430.27
373 1430.27
384 1430.27
395 1430.27
406 1430.27
417 1430.27
428 1430.27
439 1430.27
450 1430.27
461 1430.27
472 1430.27
483 1430.27
494 1430.27
505 1430.27
516 1430.27
527 1430.27
538 1430.27
549 1430.27
560 1430.27
571 1430.27
582 1430.27
593 1430.27
604 1430.27
615 1430.27
626 1430.27
637 1430.27
648 1430.27
659 1430.27
670 1430.27
681 1430.27
692 1430.27
703 1430.27
714 1430.27
725 1430.27
736 1430.27
747 1430.27
758 1430.27
769 1430.27
780 1430.27
791 1430.27
802 1430.27
813 1430.27
824 1430.27
835 1430.27
846 1430.27
857 1430.27
868 1430.27
879 1430.27
890 1430.27
901 1430.27
912 1430.27
923 1430.27
934 1430.27
945 1430.27
956 1430.27
967 1430.27
978 1430.27
989 1430.27
1000 1430.27
