0 1089.58
11 1127.81
22 1160.86
33 1182.59
44 1167.94
55 1192.35
66 1221.78
77 1242.95
88 1219.85
99 1230.5
110 1256.79
121 1178.51
132 1270.28
143 1207.59
154 1230.12
165 1253.52
176 1258.85
187 1268.8
198 1244.77
209 1248.61
220 1303.87
231 1257.29
242 1286.98
253 1247.74
264 1245.12
275 1220.39
286 1213
297 1248.91
308 1274.49
319 1245.92
330 1258.44
341 1262.04
352 1240.41
363 1261.34
374 1249.7
385 1329.02
396 1245.93
407 1245.82
418 1245.8
429 1253.71
440 1218.91
451 1264.46
462 1247.37
473 1293.49
484 1239.16
495 1258.38
506 1295.72
517 1292.25
528 1276
539 1275.83
550 1283.69
561 1260.07
572 1251.52
583 1253.01
594 1297.1
605 1276.46
616 1256.43
627 1223.26
638 1255.32
649 1221.51
660 1259.07
671 1264.4
682 1271.27
693 1273.49
704 1320.72
715 1263.92
726 1282.44
737 1293.37
748 1286.09
759 1238.01
770 1231.07
781 1248.66
792 1274.25
803 1256.37
814 1257.85
825 1251.22
836 1293.99
847 1246.41
858 1231.38
869 1246.67
880 1259.78
891 1301.26
902 1273.94
913 1279.92
924 1251.35
935 1271.6
946 1248.26
957 1286.69
968 1290.28
979 1245.77
990 1237.25
