10 1775
21 1775
32 1775
43 1775
54 1775
65 1775.24
76 1817.03
87 1817.03
98 1817.03
109 1834.23
120 1834.23
131 1834.23
142 1834.23
153 1834.23
164 1834.23
175 1834.23
186 1834.23
197 1834.23
208 1834.23
219 1834.23
230 1877.24
241 1877.24
252 1877.24
263 1877.24
274 1877.24
285 1877.24
296 1877.24
307 1877.24
318 1877.24
329 1877.24
340 1877.24
351 1877.24
362 1877.24
373 1877.24
384 1877.24
395 1884.57
406 1884.57
417 1884.57
428 1884.57
439 1884.57
450 1884.57
461 1884.57
472 1884.57
483 1884.57
494 1884.57
505 1884.57
516 1884.57
527 1884.57
538 1884.57
549 1884.57
560 1884.57
571 1884.57
582 1884.57
593 1884.57
604 1884.57
615 1884.57
626 1884.57
637 1884.57
648 1884.57
659 1884.57
670 1884.57
681 1884.57
692 1884.57
703 1884.57
714 1884.57
725 1884.57
736 1884.57
747 1884.57
758 1884.57
769 1884.57
780 1884.57
791 1884.57
802 1884.57
813 1884.57
824 1884.57
835 1884.57
846 1884.57
857 1884.57
868 1884.57
879 1884.57
890 1884.57
901 1884.57
912 1884.57
923 1884.57
934 1884.57
945 1884.57
956 1884.57
967 1884.57
978 1884.57
989 1884.57
1000 1884.57
