0 1646.09
11 1643.28
22 1642.09
33 1703.23
44 1649.48
55 1674.25
66 1691.15
77 1691.32
88 1711.14
99 1657.84
110 1682.67
121 1696.68
132 1723.33
143 1718.73
154 1739.84
165 1711.55
176 1701.24
187 1720.41
198 1705.37
209 1711.03
220 1702.78
231 1701.94
242 1736.34
253 1753.42
264 1692.55
275 1712.83
286 1738.35
297 1722.73
308 1707.47
319 1753.76
330 1709.02
341 1726.83
352 1714.53
363 1724.81
374 1702.78
385 1732.17
396 1722.19
407 1684.44
418 1729.75
429 1747.87
440 1695.23
451 1732.52
462 1756.83
473 1673.43
484 1710.69
495 1680.61
506 1698.83
517 1707.07
528 1731.35
539 1702.31
550 1759.05
561 1696.94
572 1757.28
583 1735.45
594 1689.67
605 1725.22
616 1732.34
627 1735.32
638 1788
649 1773.23
660 1710.1
671 1695.36
682 1756.6
693 1694.68
704 1775.47
715 1720.74
726 1723.41
737 1739.46
748 1756.08
759 1721.72
770 1751.95
781 1743.63
792 1735.94
803 1733.21
814 1688.2
825 1708.67
836 1732.78
847 1738.06
858 1723.44
869 1750.79
880 1732.81
891 1712.19
902 1729.48
913 1759.22
924 1709.84
935 1726.04
946 1745.58
957 1755.18
968 1682.98
979 1777.88
990 1755.39
