10 955.129
21 1044.15
32 1044.15
43 1096.19
54 1096.19
65 1096.19
76 1096.19
87 1096.19
98 1096.19
109 1096.19
120 1096.19
131 1096.19
142 1126.35
153 1126.35
164 1126.35
175 1126.35
186 1126.35
197 1126.35
208 1126.35
219 1126.35
230 1126.35
241 1126.35
252 1126.35
263 1126.35
274 1128.35
285 1128.35
296 1128.35
307 1128.35
318 1128.35
329 1128.35
340 1128.35
351 1128.35
362 1128.35
373 1128.35
384 1128.35
395 1128.35
406 1128.35
417 1137.72
428 1137.72
439 1204.43
450 1204.43
461 1204.43
472 1204.43
483 1204.43
494 1204.43
505 1204.43
516 1204.43
527 1204.43
538 1204.43
549 1204.43
560 1204.43
571 1204.43
582 1204.43
593 1204.43
604 1204.43
615 1204.43
626 1204.43
637 1204.43
648 1204.43
659 1204.43
670 1204.43
681 1204.43
692 1204.43
703 1204.43
714 1204.43
725 1204.43
736 1204.43
747 1204.43
758 1204.43
769 1204.43
780 1204.43
791 1204.43
802 1204.43
813 1204.43
824 1204.43
835 1204.43
846 1204.43
857 1204.43
868 1204.43
879 1204.43
890 1204.43
901 1204.43
912 1204.43
923 1204.43
934 1204.43
945 1204.43
956 1204.43
967 1204.43
978 1204.43
989 1204.43
1000 1204.43
