0 806.398
11 844.017
22 915.459
33 946.103
44 953.751
55 961.427
66 944.021
77 921.246
88 914.347
99 994.835
110 1022.08
121 1014.32
132 961.514
143 942.414
154 983.585
165 989.112
176 968.085
187 928.091
198 934.175
209 989.907
220 967.685
231 1011.54
242 960.692
253 1024.16
264 998.704
275 1030.69
286 994.169
297 967.577
308 956.63
319 963.442
330 1029.41
341 1027.33
352 1008.92
363 971.543
374 962.025
385 1015.94
396 944.704
407 1024.77
418 988.863
429 1021.33
440 982.665
451 1000.26
462 977.596
473 998.305
484 1066.6
495 1061.35
506 967.35
517 1026.04
528 1005.81
539 973.247
550 981.079
561 971.565
572 994.518
583 1021.56
594 1019.92
605 1009.4
616 998.115
627 997.799
638 1000.93
649 930.991
660 996.13
671 1012.5
682 992.785
693 1038.85
704 1022.79
715 993.867
726 1000.14
737 1035.53
748 992.256
759 974.562
770 1013.16
781 1049.45
792 1008.61
803 1009.08
814 1013.57
825 943.464
836 1011.53
847 1030.23
858 1016.61
869 1023.69
880 1010.58
891 1009.76
902 981.177
913 1013.81
924 1019.55
935 1053.2
946 1011.51
957 1057.09
968 1026.54
979 1031.9
990 1021.56
