10 4994.69
21 5102.92
32 5180.33
43 5279.61
54 5287.18
65 5287.18
76 5343.61
87 5343.61
98 5343.61
109 5366.11
120 5366.11
131 5366.11
142 5508.91
153 5508.91
164 5508.91
175 5508.91
186 5508.91
197 5508.91
208 5508.91
219 5508.91
230 5532.2
241 5532.2
252 5532.2
263 5532.2
274 5532.2
285 5532.2
296 5532.2
307 5532.2
318 5532.2
329 5532.2
340 5532.2
351 5532.2
362 5532.2
373 5532.2
384 5532.2
395 5532.2
406 5532.2
417 5532.2
428 5532.2
439 5532.2
450 5532.2
461 5532.2
472 5532.2
483 5532.2
494 5532.2
505 5532.2
516 5532.2
527 5532.2
538 5532.2
549 5532.2
560 5532.2
571 5532.2
582 5532.2
593 5532.2
604 5532.2
615 5532.2
626 5532.2
637 5568.59
648 5568.59
659 5568.59
670 5568.59
681 5568.59
692 5568.59
703 5568.59
714 5568.59
725 5568.59
736 5568.59
747 5568.59
758 5568.59
769 5568.59
780 5568.59
791 5568.59
802 5568.59
813 5568.59
824 5568.59
835 5568.59
846 5568.59
857 5568.59
868 5568.59
879 5568.59
890 5568.59
901 5577.73
912 5577.73
923 5577.73
934 5692.72
945 5692.72
956 5692.72
967 5692.72
978 5692.72
989 5692.72
1000 5692.72
