0 4854.25
11 5025.76
22 5042.31
33 5125.56
44 5183.72
55 5084.91
66 5164.86
77 5173.38
88 5156.94
99 5167.81
110 5220.8
121 5234.63
132 5247.35
143 5180.79
154 5219.6
165 5200.23
176 5195.49
187 5117.34
198 5307.75
209 5169.86
220 5254.89
231 5240.64
242 5202.31
253 5219.6
264 5278.67
275 5208.55
286 5201.15
297 5242.46
308 5261.92
319 5245.96
330 5242.01
341 5278.23
352 5273.89
363 5187.83
374 5216.23
385 5261.12
396 5252.98
407 5347.42
418 5151.89
429 5314.9
440 5272.36
451 5283.47
462 5253.2
473 5220.55
484 5298.44
495 5313.12
506 5281.51
517 5252.32
528 5270.31
539 5333.91
550 5278.43
561 5294
572 5299.36
583 5305.13
594 5314.43
605 5324.18
616 5228.31
627 5282.13
638 5281.39
649 5362.26
660 5199.4
671 5242.09
682 5211.26
693 5318.55
704 5304
715 5254
726 5345.3
737 5303.14
748 5329.97
759 5323.61
770 5324.28
781 5360.85
792 5331.6
803 5382.24
814 5307.75
825 5313.73
836 5364.12
847 5334.07
858 5306.13
869 5376.5
880 5283.71
891 5310.58
902 5289.6
913 5326.44
924 5277.17
935 5373.41
946 5380.11
957 5279.96
968 5432.82
979 5285.97
990 5339.25
