10 1968.16
21 1968.16
32 2003.9
43 2010.02
54 2018.56
65 2073.83
76 2228.42
87 2228.42
98 2228.42
109 2228.42
120 2228.42
131 2228.42
142 2228.42
153 2228.42
164 2228.42
175 2228.42
186 2228.42
197 2228.42
208 2228.42
219 2228.42
230 2228.42
241 2228.42
252 2228.42
263 2228.42
274 2228.42
285 2228.42
296 2228.42
307 2228.42
318 2228.42
329 2228.42
340 2228.42
351 2228.42
362 2228.42
373 2228.42
384 2228.42
395 2228.42
406 2228.42
417 2228.42
428 2228.42
439 2237.85
450 2237.85
461 2237.85
472 2237.85
483 2237.85
494 2237.85
505 2237.85
516 2237.85
527 2237.85
538 2237.85
549 2253.95
560 2322.95
571 2322.95
582 2322.95
593 2322.95
604 2322.95
615 2322.95
626 2322.95
637 2322.95
648 2322.95
659 2322.95
670 2322.95
681 2322.95
692 2322.95
703 2322.95
714 2322.95
725 2322.95
736 2322.95
747 2322.95
758 2322.95
769 2322.95
780 2322.95
791 2322.95
802 2322.95
813 2322.95
824 2322.95
835 2322.95
846 2322.95
857 2322.95
868 2322.95
879 2322.95
890 2322.95
901 2322.95
912 2322.95
923 2322.95
934 2322.95
945 2322.95
956 2322.95
967 2322.95
978 2322.95
989 2322.95
1000 2322.95
