0 1841.87
11 1920.92
22 1910.27
33 1938.55
44 1920.15
55 1925.18
66 1984.61
77 1939.94
88 1912.35
99 1931.63
110 1967.93
121 1937.17
132 2002.86
143 1980.94
154 2015.28
165 1973.26
176 1985.11
187 1984.8
198 1973.04
209 1995.56
220 2020.09
231 2012.92
242 2003.29
253 2015.82
264 1976.09
275 1997.59
286 2062.94
297 1968.36
308 1985.84
319 1970.26
330 2018.35
341 1991.15
352 2012.15
363 1977.89
374 1998.77
385 2006.34
396 2022.03
407 2048.24
418 2054.86
429 2092.58
440 2055.39
451 2019.76
462 2064.3
473 2080.89
484 2030.49
495 2021.64
506 2037.9
517 2064.89
528 2023.18
539 1993.06
550 2074.94
561 2006.82
572 2053.76
583 2024.38
594 2014.96
605 2069.53
616 2032.83
627 2021.6
638 2085.03
649 2064.51
660 2010.37
671 2003.03
682 2040.33
693 2007.98
704 2043.85
715 2074.65
726 2091.22
737 2036.63
748 2048.4
759 2124.97
770 2047.57
781 1989.45
792 2032.03
803 2094.44
814 2093.79
825 2035.53
836 2070.44
847 2118.91
858 2055.76
869 2068.23
880 2060.67
891 2110.66
902 2010.5
913 2053.19
924 2077.48
935 2050.12
946 2048.77
957 2064.69
968 2101.92
979 2018.76
990 2097.26
