10 6963.81
21 6963.81
32 7061.91
43 7061.91
54 7095.16
65 7184.67
76 7184.67
87 7184.67
98 7187.34
109 7187.34
120 7187.34
131 7187.34
142 7281.24
153 7281.24
164 7281.24
175 7281.24
186 7369.38
197 7369.38
208 7369.38
219 7369.38
230 7369.38
241 7369.38
252 7369.38
263 7369.38
274 7369.38
285 7369.38
296 7369.38
307 7369.38
318 7369.38
329 7369.38
340 7369.38
351 7369.38
362 7369.38
373 7369.38
384 7369.38
395 7369.38
406 7369.38
417 7369.38
428 7392.67
439 7392.67
450 7392.67
461 7392.67
472 7392.67
483 7413.83
494 7413.83
505 7413.83
516 7413.83
527 7413.83
538 7413.83
549 7413.83
560 7413.83
571 7413.83
582 7413.83
593 7413.83
604 7413.83
615 7413.83
626 7459.61
637 7459.61
648 7459.61
659 7459.61
670 7459.61
681 7459.61
692 7459.61
703 7459.61
714 7459.61
725 7459.61
736 7459.61
747 7477.99
758 7477.99
769 7477.99
780 7477.99
791 7477.99
802 7477.99
813 7477.99
824 7477.99
835 7572.62
846 7572.62
857 7572.62
868 7572.62
879 7572.62
890 7572.62
901 7572.62
912 7572.62
923 7572.62
934 7572.62
945 7572.62
956 7572.62
967 7572.62
978 7572.62
989 7572.62
1000 7572.62
