0 6525.56
11 6780.62
22 6841.59
33 6913.75
44 6966.23
55 7019.41
66 6867.49
77 6870.36
88 6964.5
99 7038.78
110 6980.88
121 6907.28
132 6942.4
143 7046.58
154 6994.88
165 6978.3
176 7079.28
187 6974.92
198 6999.23
209 7121.32
220 7092.12
231 6945.93
242 7100.37
253 7013.97
264 7056.03
275 7022.12
286 7066.68
297 7029.89
308 6973.29
319 7082.06
330 6956.39
341 6946.6
352 7100.88
363 7023.84
374 7157.25
385 7158.98
396 7057.52
407 7006.47
418 6999.03
429 7103.13
440 6897.08
451 7055.43
462 7011.23
473 7112.97
484 7082.26
495 7044.94
506 7060.45
517 7177.78
528 7121.98
539 7078.13
550 7150.05
561 7035.82
572 7110.04
583 7122.71
594 7147.03
605 7022.61
616 7284.34
627 7180.19
638 7053.43
649 7182.55
660 7149.92
671 7155.84
682 7197.1
693 7107.48
704 7164.23
715 7110.72
726 7109.59
737 7190.49
748 7121.43
759 7123.11
770 7145.74
781 7142.62
792 7147.79
803 7174.32
814 7074.73
825 7181.2
836 7200.85
847 7121.65
858 7225.3
869 7122.26
880 7199.98
891 7160.66
902 7033.01
913 7200.01
924 7154.7
935 7126.66
946 7212.15
957 7198.44
968 7106.04
979 7156.44
990 7128.44
