10 1211.76
21 1211.76
32 1211.76
43 1215.48
54 1215.48
65 1230.89
76 1239.6
87 1239.6
98 1239.6
109 1239.6
120 1239.6
131 1239.6
142 1239.6
153 1239.6
164 1257.06
175 1257.06
186 1257.06
197 1257.06
208 1257.06
219 1257.06
230 1257.06
241 1257.06
252 1257.06
263 1257.06
274 1257.06
285 1261.76
296 1261.76
307 1261.76
318 1261.76
329 1261.76
340 1261.76
351 1261.76
362 1261.76
373 1261.76
384 1261.76
395 1261.76
406 1261.76
417 1261.76
428 1261.76
439 1283.9
450 1283.9
461 1283.9
472 1283.9
483 1283.9
494 1283.9
505 1283.9
516 1283.9
527 1283.9
538 1283.9
549 1283.9
560 1283.9
571 1283.9
582 1283.9
593 1283.9
604 1283.9
615 1283.9
626 1283.9
637 1283.9
648 1283.9
659 1283.9
670 1283.9
681 1283.9
692 1283.9
703 1283.9
714 1283.9
725 1283.9
736 1283.9
747 1283.9
758 1283.9
769 1283.9
780 1283.9
791 1283.9
802 1283.9
813 1283.9
824 1283.9
835 1283.9
846 1283.9
857 1283.9
868 1283.9
879 1283.9
890 1283.9
901 1283.9
912 1283.9
923 1283.9
934 1283.9
945 1283.9
956 1283.9
967 1283.9
978 1283.9
989 1283.9
1000 1283.9
