0 1104.51
11 1117.59
22 1157.51
33 1169.04
44 1172.15
55 1163.35
66 1171.26
77 1190.36
88 1174.15
99 1173.28
110 1207.12
121 1168.69
132 1139.13
143 1182.08
154 1183.04
165 1149.33
176 1168.44
187 1173.97
198 1179.9
209 1170.71
220 1153.73
231 1162.27
242 1128.74
253 1190.03
264 1168.52
275 1185.63
286 1179.08
297 1159.38
308 1164.41
319 1190.71
330 1171.65
341 1150.89
352 1195.64
363 1184.71
374 1169.33
385 1159.14
396 1102.14
407 1169.76
418 1201.14
429 1156.44
440 1203.51
451 1148.83
462 1173.85
473 1160.74
484 1185.69
495 1162.95
506 1178.64
517 1153.52
528 1130.55
539 1209.11
550 1177.59
561 1175.9
572 1157.18
583 1177.99
594 1145.39
605 1185.98
616 1185.43
627 1166.96
638 1173.82
649 1146.64
660 1184.55
671 1192.9
682 1161.86
693 1159.86
704 1161.42
715 1178.59
726 1192.61
737 1140.06
748 1171.78
759 1184.94
770 1146.69
781 1142.78
792 1177.85
803 1147.14
814 1144.08
825 1150.36
836 1184.45
847 1171.83
858 1179.72
869 1161.76
880 1150.26
891 1179.04
902 1159.11
913 1199.29
924 1189.02
935 1190.21
946 1167
957 1161.77
968 1162.35
979 1163.84
990 1158.23
