0 5428 4183 10965 5305 11 15358 6968 5735 15358 6968 888
1 4804 9956 10678 10094 186 14071 10143 44875 14071 10143 281
2 12771 9431 19471 9503 78 22038 9618 25970 22038 9618 329
3 15755 9677 19673 10241 34 25022 9864 27698 25022 9864 483
4 7479 8540 15503 9826 21 16746 8727 15638 16746 8727 334
5 16086 10262 16086 10262 121028 16086 10262 116566 16086 10262 291
6 1500 3294 4492 5592 9 11430 6079 5224 11430 6079 552
7 3216 8343 12707 10155 10 12707 10155 12890 12707 10155 399
8 9305 9076 14486 10164 15 18572 9263 16231 18572 9263 360
9 8260 5275 16456 6804 10 18190 8060 6451 18190 8060 516
10 17612 8369 19106 8922 42 27103 10181 13721 27103 10181 344
11 2142 5554 11113 6877 8 12072 8339 6828 12072 8339 458
12 6457 8043 7606 9975 13 15948 9855 9921 15948 9855 359
13 9306 5514 10772 6379 8 19236 8299 9026 19236 8299 529
14 1097 9826 7797 9898 23 10364 10013 46862 10364 10013 305
15 11914 5981 20383 7666 6 21844 8766 6862 21844 8766 455
16 26119 9999 26677 10158 207 32819 10071 47529 32819 10071 289
17 13336 8694 18430 9179 22 22603 8881 14024 22603 8881 347
18 24067 9960 30767 10032 38 33334 10147 38375 33334 10147 301
19 18142 5837 21991 9488 10 28072 8622 9369 28072 8622 903
20 9376 9143 10974 10237 28 18643 9330 16662 18643 9330 318
21 1097 9826 1477 10051 68 10364 10013 45028 10364 10013 308
22 12907 7426 18088 8514 6 22837 10211 8341 22837 10211 413
23 3422 9252 4916 9805 24 12689 9439 21039 12689 9439 311
24 2447 6884 2827 7109 6 12377 9669 12550 12377 9669 511
25 8058 3213 13477 10059 6 17988 5998 5371 17988 5998 588
26 8408 9625 9902 10178 6 17675 9812 26980 17675 9812 304
27 21191 10208 27891 10280 319 27891 10280 89709 27891 10280 309
28 9049 7957 14230 9045 7 18540 9769 9222 18540 9769 376
29 20317 7742 25655 9090 54 30054 10133 10006 30054 10133 376
30 3770 7010 12570 9100 11 13700 9795 8240 13700 9795 730
31 12973 5453 18860 9392 10 22903 8238 9861 22903 8238 486
32 1952 4849 9521 7879 8 11882 7634 6368 11882 7634 476
33 10995 7161 19112 9259 11 20925 9946 8053 20925 9946 399
34 3196 9710 4690 10263 27 12463 9897 35447 12463 9897 291
35 4066 3191 13274 8921 8 13996 5976 6297 13996 5976 934
36 17179 10063 23053 10201 204 26446 10250 48631 26446 10250 277
37 6958 3541 16404 8496 6 16888 6326 5742 16888 6326 548
38 13039 9530 19688 9852 9 22306 9717 26690 22306 9717 347
39 3918 564 12184 9728 8 13848 3349 4807 13848 3349 684
40 4804 9956 11504 10028 167 14071 10143 45074 14071 10143 525
41 16870 6341 18370 9635 10 26800 9126 7346 26800 9126 497
42 5667 1122 15404 3513 6 15597 3907 5132 15597 3907 689
43 6464 8917 8062 10011 28 15731 9104 13479 15731 9104 329
44 9401 4196 13250 7847 6 19331 6981 7813 19331 6981 965
45 3314 9340 10339 9975 68 12581 9527 22914 12581 9527 305
46 15223 7637 17157 9518 11 24960 10028 11986 24960 10028 448
47 5537 1122 10956 7968 11 15467 3907 4906 15467 3907 696
48 6891 8859 13916 9494 17 16158 9046 12839 16158 9046 327
49 7838 5487 13325 9087 7 17768 8272 7934 17768 8272 534
50 724 7029 8782 10242 12 10654 9814 8875 10654 9814 413
51 7189 4414 7569 4639 8 17119 7199 5880 17119 7199 515
52 3063 8748 9763 8820 11 12330 8935 12350 12330 8935 329
53 14716 6748 15274 6907 6 24646 9533 11388 24646 9533 441
54 6457 8043 14574 10141 15 15948 9855 9737 15948 9855 362
55 15896 10217 22596 10289 642 22596 10289 82448 22596 10289 522
56 7379 4969 10758 6400 11 17309 7754 7848 17309 7754 470
57 1097 9826 7005 9923 59 10364 10013 43631 10364 10013 319
58 6889 7028 12070 8116 8 16819 9813 8407 16819 9813 454
59 5551 8931 6109 9090 14 14818 9118 14420 14818 9118 331
60 9772 6645 13729 10209 11 19702 9430 7466 19702 9430 461
61 7927 8984 15951 10270 26 17194 9171 16510 17194 9171 360
62 15276 9506 19194 10070 64 24543 9693 24725 24543 9693 298
63 2958 6685 11016 9898 12 12888 9470 8044 12888 9470 480
64 22142 9863 28016 10001 87 31409 10050 38810 31409 10050 292
65 4904 5370 6404 8664 9 14834 8155 6827 14834 8155 495
66 13927 6397 18897 9756 19 23857 9182 7351 23857 9182 429
67 5204 5295 10294 5958 11 15134 8080 6233 15134 8080 516
68 1097 9826 1655 9985 97 10364 10013 43536 10364 10013 278
69 29068 9372 36730 9983 42 38335 9559 20815 38335 9559 360
70 20344 9755 29611 9942 15 29611 9942 28390 29611 9942 298
71 13705 8355 22496 9364 29 23196 10167 12785 23196 10167 383
72 9208 5730 9741 9345 13 19138 8515 6400 19138 8515 455
73 5419 6846 7068 9712 17 15349 9631 7869 15349 9631 400
74 7984 5959 8915 7029 9 17914 8744 6760 17914 8744 460
75 7156 10144 13030 10282 87 13856 10216 65098 13856 10216 279
76 9902 2393 15236 8108 9 19832 5178 5359 19832 5178 661
77 14311 10275 14311 10275 165783 14311 10275 159373 14311 10275 274
78 13058 5204 18028 8563 11 22988 7989 6804 22988 7989 520
79 7286 7992 13160 8130 12 16777 9804 9814 16777 9804 360
80 12438 7253 16648 9325 19 22368 10038 8379 22368 10038 677
81 6889 7028 8538 9894 18 16819 9813 8541 16819 9813 403
82 8763 3797 11794 9435 12 18693 6582 6071 18693 6582 562
83 2992 2298 4186 4097 11 12922 5083 4896 12922 5083 597
84 8052 7829 8432 8054 12 17789 10220 9786 17789 10220 623
85 1516 5906 2074 6065 9 11446 8691 7082 11446 8691 459
86 14357 9845 14737 10070 50 23624 10032 39409 23624 10032 316
87 2167 2259 4101 4140 9 12097 5044 5823 12097 5044 675
88 11064 7446 16776 8269 28 20994 10231 9485 20994 10231 424
89 9359 5901 9411 8800 21 19289 8686 7276 19289 8686 495
90 2689 9678 4183 10231 44 11956 9865 33276 11956 9865 323
91 5419 6846 9572 8053 9 15349 9631 8068 15349 9631 452
92 8232 9923 17499 10110 45 17499 10110 43134 17499 10110 310
93 5126 9343 10220 9828 25 14393 9530 23892 14393 9530 351
94 9616 8962 17640 10248 33 18883 9149 16126 18883 9149 359
95 1214 4179 6439 9115 12 11144 6964 6248 11144 6964 603
96 10275 10094 10833 10253 107 19542 10281 44807 19542 10281 327
97 20649 6347 28135 8200 10 30579 9132 7136 30579 9132 550
98 10932 10178 16840 10275 142 17632 10250 85292 17632 10250 274
99 3912 8341 9449 9463 19 13403 10153 11842 13403 10153 351
100 5428 5682 6928 8976 6 15358 8467 7165 15358 8467 456
101 8009 9140 13190 10228 43 17276 9327 18405 17276 9327 346
102 7853 5822 9451 6916 14 17783 8607 6923 17783 8607 454
103 15473 8270 16939 9135 21 24964 10082 10423 24964 10082 348
104 7065 6762 7445 6987 8 16995 9547 8703 16995 9547 461
105 5126 9343 11034 9440 19 14393 9530 23256 14393 9530 377
106 3770 7010 10795 7645 28 13700 9795 8684 13700 9795 475
107 19106 8940 20704 10034 12 28373 9127 14953 28373 9127 357
108 1017 4187 10754 6578 6 10947 6972 5831 10947 6972 779
109 7286 7992 12998 8815 15 16777 9804 10104 16777 9804 361
110 11432 8520 19628 10049 15 20699 8707 13281 20699 8707 338
111 16217 4604 21555 5952 8 26147 7389 6192 26147 7389 559
112 9794 7995 17990 9524 30 19285 9807 10401 19285 9807 361
113 5997 6199 11871 6337 11 15927 8984 7476 15927 8984 483
114 5971 9896 6351 10121 15 15238 10083 39093 15238 10083 284
115 4970 3359 10967 9558 6 14900 6144 6389 14900 6144 839
116 5711 8359 9705 9726 16 15202 10171 11186 15202 10171 345
117 4210 2072 12549 4539 6 14140 4857 5540 14140 4857 703
118 9306 5514 13372 8705 19 19236 8299 7734 19236 8299 633
119 9217 9127 15866 9449 14 18484 9314 16947 18484 9314 351
120 9182 6331 16362 10242 6 19112 9116 6820 19112 9116 484
121 5428 5682 15358 8467 7 15358 8467 7520 15358 8467 526
122 659 8291 8818 9682 15 10150 10103 11097 10150 10103 364
123 8529 7076 11837 9953 10 18459 9861 7740 18459 9861 400
124 7568 8360 12658 9023 28 17059 10172 11904 17059 10172 422
125 5126 9343 9044 9907 20 14393 9530 22836 14393 9530 326
126 3422 9252 9296 9390 65 12689 9439 22956 12689 9439 310
127 7356 9192 7736 9417 34 16623 9379 19165 16623 9379 304
128 9614 5460 15101 9060 9 19544 8245 6156 19544 8245 460
129 5537 9400 11249 10223 55 14804 9587 24372 14804 9587 300
130 4334 4821 10711 9680 7 14264 7606 6030 14264 7606 483
131 10451 9974 16359 10071 6 19718 10161 42987 19718 10161 281
132 11349 4965 17998 5287 6 21279 7750 6001 21279 7750 477
133 1889 6725 3538 9591 8 11819 9510 8025 11819 9510 513
134 9772 6645 12028 10117 8 19702 9430 7600 19702 9430 416
135 2958 6685 6952 8052 8 12888 9470 7913 12888 9470 419
136 2201 2886 2925 9915 11 12131 5671 5276 12131 5671 581
137 15954 6560 24293 9027 8 25884 9345 7312 25884 9345 494
138 2689 9678 10351 10289 58 11956 9865 28235 11956 9865 293
139 8091 8109 9022 9179 12 17582 9921 10045 17582 9921 360
140 7999 7746 8379 7971 9 17736 10137 10179 17736 10137 413
141 8339 2467 14716 7326 6 18269 5252 5095 18269 5252 645
142 2065 7585 3999 9466 8 11802 9976 8996 11802 9976 423
143 17179 10063 17737 10222 51 26446 10250 41901 26446 10250 287
144 8574 7315 13664 7978 6 18504 10100 7921 18504 10100 384
145 6406 8066 15197 9075 15 15897 9878 10019 15897 9878 358
146 5334 5715 11046 6538 8 15264 8500 6851 15264 8500 519
147 2689 9678 3247 9837 8 11956 9865 30653 11956 9865 321
148 18247 9824 24896 10146 149 27514 10011 36816 27514 10011 284
149 6825 8422 8423 9516 8 16316 10234 11238 16316 10234 472
150 3422 9252 7340 9816 17 12689 9439 22832 12689 9439 371
151 5334 5715 13392 8928 11 15264 8500 6568 15264 8500 616
152 4549 7162 12573 8448 6 14479 9947 8246 14479 9947 441
153 9376 9143 10870 9696 12 18643 9330 17989 18643 9330 345
154 9269 10237 9269 10237 151648 9269 10237 157376 9269 10237 297
155 13587 5574 14801 9753 8 23517 8359 6702 23517 8359 456
156 7467 2993 8025 3152 6 17397 5778 5504 17397 5778 784
157 15521 7984 24312 8993 12 25012 9796 10069 25012 9796 376
158 1609 2100 9052 5161 6 11539 4885 5128 11539 4885 700
159 3148 6060 7214 9251 7 13078 8845 7528 13078 8845 447
160 9160 9347 15860 9419 27 18427 9534 22190 18427 9534 356
161 7568 8360 12658 9023 10 17059 10172 10956 17059 10172 351
162 7543 9199 11461 9763 10 16810 9386 19511 16810 9386 363
163 12701 9336 19350 9658 32 21968 9523 22575 21968 9523 338
164 1889 6725 6086 8841 15 11819 9510 8243 11819 9510 444
165 7962 9972 13870 10069 68 17229 10159 42608 17229 10159 279
166 11120 9478 11500 9703 53 20387 9665 23985 20387 9665 297
167 12046 5587 16199 6794 11 21976 8372 6429 21976 8372 459
168 232 8135 1698 9000 17 9723 9947 9514 9723 9947 363
169 5428 5682 12871 8743 13 15358 8467 7938 15358 8467 499
170 11302 5820 15259 9384 13 21232 8605 6777 21232 8605 457
171 52 2899 3010 9584 11 9982 5684 5127 9982 5684 573
172 13284 9974 19158 10112 111 22551 10161 42048 22551 10161 281
173 3886 6730 12355 8415 21 13816 9515 7291 13816 9515 417
174 4324 4330 12139 7175 12 14254 7115 6298 14254 7115 758
175 824 8724 6732 8821 34 10091 8911 13333 10091 8911 395
176 5917 7490 6848 8560 22 15847 10275 9268 15847 10275 399
177 7020 5311 14506 7164 11 16950 8096 6478 16950 8096 544
178 6891 8859 12603 9682 14 16158 9046 14649 16158 9046 361
179 723 6984 8292 10014 14 10653 9769 8464 10653 9769 444
180 11560 8787 16898 10135 38 20827 8974 13381 20827 8974 365
181 8766 8199 9960 9998 28 18257 10011 12034 18257 10011 445
182 8569 6107 8949 6332 15 18499 8892 7293 18499 8892 492
183 6457 8043 7022 10186 25 15948 9855 13086 15948 9855 590
184 2643 2485 11212 8592 8 12573 5270 6249 12573 5270 711
185 5537 9400 12562 10035 16 14804 9587 28779 14804 9587 374
186 1548 8944 8197 9266 30 10815 9131 14654 10815 9131 346
187 24351 7501 27976 9207 14 34281 10286 11535 34281 10286 467
188 9974 9090 15848 9228 24 19241 9277 16545 19241 9277 313
189 6919 7951 8068 9883 12 16410 9763 9510 16410 9763 364
190 11427 6790 11992 8933 12 21357 9575 9405 21357 9575 437
191 16628 8695 23653 9330 12 25781 9891 13054 25781 9891 330
192 6536 1923 12533 8122 9 16466 4708 4980 16466 4708 677
193 5225 4936 6719 5489 10 15155 7721 7222 15155 7721 559
194 7962 9972 17229 10159 158 17229 10159 44409 17229 10159 289
195 9711 6988 17197 8841 8 19641 9773 7774 19641 9773 444
196 10316 10080 16190 10218 115 19583 10267 51035 19583 10267 283
197 25114 8222 34605 10034 11 34605 10034 11069 34605 10034 472
198 5726 6098 7220 6651 9 15656 8883 7163 15656 8883 445
199 10416 8277 16952 10200 15 19907 10089 11792 19907 10089 409
200 9240 10041 9798 10200 179 18507 10228 43473 18507 10228 286
201 7241 7710 16212 9033 27 16978 10101 8981 16978 10101 371
202 617 7874 8813 9403 10 10354 10265 10914 10354 10265 406
203 8739 3689 12892 4896 9 18669 6474 5949 18669 6474 588
204 6699 5984 12411 6807 11 16629 8769 6810 16629 8769 454
205 3425 2449 7808 8721 11 13355 5234 4979 13355 5234 587
206 14405 9804 14963 9963 15 23672 9991 35107 23672 9991 284
207 15908 5802 19865 9366 9 25838 8587 6659 25838 8587 506
208 7103 6519 11097 7886 17 17033 9304 8120 17033 9304 440
209 22838 9701 23396 9860 67 32105 9888 29090 32105 9888 302
210 7513 7267 15672 8658 9 17443 10052 8097 17443 10052 386
211 12012 4961 13161 6893 11 21942 7746 6840 21942 7746 652
212 14125 6724 21694 9754 11 24055 9509 7974 24055 9509 436
213 11338 4207 11871 7822 10 21268 6992 6124 21268 6992 537
214 4347 5833 10255 5930 36 14277 8618 6562 14277 8618 458
215 10835 8468 16502 9590 19 20326 10280 13348 20326 10280 339
216 5726 6098 9879 7305 21 15656 8883 6499 15656 8883 445
217 724 7029 9524 9119 19 10654 9814 8384 10654 9814 394
218 3746 9163 4126 9388 96 13013 9350 18542 13013 9350 312
219 13021 7468 21360 9935 45 22951 10253 9378 22951 10253 452
220 3746 9163 10395 9485 45 13013 9350 18240 13013 9350 311
221 9759 6237 18730 7560 9 19689 9022 7086 19689 9022 479
222 7657 6408 11036 7839 9 17587 9193 7392 17587 9193 483
223 17216 9246 22310 9731 33 26483 9433 20460 26483 9433 313
224 13266 7531 17260 8898 17 23003 9922 8856 23003 9922 419
225 5346 6721 8654 9598 30 15276 9506 8720 15276 9506 487
226 12768 8029 16686 8593 18 22259 9841 9566 22259 9841 366
227 8807 5614 14474 6736 12 18737 8399 6505 18737 8399 461
228 10324 8630 18348 9916 18 19591 8817 14366 19591 8817 387
229 13310 10123 19218 10220 39 20010 10195 56471 20010 10195 274
230 11793 7761 15787 9128 29 21530 10152 9331 21530 10152 371
231 9491 1812 10049 1971 9 19421 4597 5605 19421 4597 648
232 13342 8944 22313 10267 13 22609 9131 14652 22609 9131 384
233 5887 3939 9844 7503 12 15817 6724 6022 15817 6724 597
234 14435 8072 16033 9166 8 23926 9884 9617 23926 9884 363
235 11206 6398 15064 10158 21 21136 9183 7159 21136 9183 431
236 10441 5838 15978 6960 9 20371 8623 7553 20371 8623 530
237 8058 3213 11016 9898 10 17988 5998 5847 17988 5998 619
238 13210 8154 20235 8789 26 22701 9966 9847 22701 9966 359
239 3086 9711 12353 9898 12 12353 9898 32738 12353 9898 289
240 10753 2393 19500 10255 9 20683 5178 5855 20683 5178 667
241 1500 3294 7672 8743 10 11430 6079 5660 11430 6079 555
242 2007 8738 2565 8897 19 11274 8925 13479 11274 8925 326
243 6244 3722 7738 4275 16 16174 6507 5352 16174 6507 532
244 2224 2790 6642 10051 10 12154 5575 6102 12154 5575 636
245 5726 6098 5778 8997 13 15656 8883 6695 15656 8883 446
246 1582 6330 7826 10052 9 11512 9115 7026 11512 9115 488
247 13778 9604 14158 9829 19 23045 9791 23975 23045 9791 310
248 9794 7995 17953 9386 9 19285 9807 9901 19285 9807 418
249 12923 8206 19623 8278 17 22414 10018 11477 22414 10018 409
250 15749 6957 19667 7521 22 25486 9348 8273 25486 9348 408
251 13712 8559 15178 9424 16 22979 8746 12891 22979 8746 409
252 18390 6991 27361 8314 15 28320 9776 8621 28320 9776 405
253 11017 6957 11069 9856 10 20947 9742 7884 20947 9742 493
254 13860 9069 20885 9704 49 23127 9256 16161 23127 9256 519
255 8009 9140 13546 10262 44 17276 9327 18195 17276 9327 308
256 9794 7995 14884 8658 9 19285 9807 9697 19285 9807 402
257 12614 8391 18522 8488 12 22105 10203 12819 22105 10203 344
258 7770 6543 9971 9429 14 17700 9328 7220 17700 9328 506
259 4798 7486 6264 8351 17 14728 10271 9450 14728 10271 422
260 9794 7995 18765 9318 33 19285 9807 10842 19285 9807 361
261 5707 5242 11581 5380 9 15637 8027 6246 15637 8027 466
262 6595 9774 13244 10096 68 15862 9961 36554 15862 9961 288
263 11803 8929 21070 9116 26 21070 9116 15580 21070 9116 356
264 518 8564 9309 9573 36 9785 8751 12197 9785 8751 345
265 8783 8772 13877 9257 18 18050 8959 14481 18050 8959 410
266 10540 5353 13965 7802 9 20470 8138 6770 20470 8138 463
267 12533 3724 15841 6601 9 22463 6509 5797 22463 6509 623
268 4506 6326 9844 7674 29 14436 9111 6885 14436 9111 428
269 9205 4095 18005 6185 8 19135 6880 6286 19135 6880 528
270 19466 7063 20615 8995 21 29396 9848 8654 29396 9848 444
271 3789 5674 12128 8141 14 13719 8459 6801 13719 8459 452
272 17795 5604 23223 9787 9 27725 8389 6527 27725 8389 455
273 21883 10110 22441 10269 141 28583 10182 47025 28583 10182 292
274 2735 5948 3293 6107 32 12665 8733 7308 12665 8733 505
275 8216 9638 14090 9776 43 17483 9825 29169 17483 9825 318
276 7131 9433 11049 9997 33 16398 9620 26048 16398 9620 314
277 2224 2790 7562 4138 13 12154 5575 5439 12154 5575 665
278 4419 7145 13219 9235 8 14349 9930 8655 14349 9930 393
279 12827 10265 12827 10265 165840 12827 10265 160017 12827 10265 274
280 6201 7478 11868 8600 14 16131 10263 8735 16131 10263 376
281 5887 3939 8143 7411 10 15817 6724 6231 15817 6724 542
282 3422 9252 9330 9349 101 12689 9439 22874 12689 9439 299
283 8009 9140 11927 9704 12 17276 9327 16727 17276 9327 313
284 8135 9359 15797 9970 50 17402 9546 22744 17402 9546 331
285 4419 7145 12081 7756 19 14349 9930 8343 14349 9930 640
286 4904 5370 8212 8247 13 14834 8155 7102 14834 8155 513
287 8739 3689 15330 10049 10 18669 6474 5861 18669 6474 543
288 3422 9252 11084 9863 111 12689 9439 22507 12689 9439 339
289 3989 6200 9863 6338 14 13919 8985 7410 13919 8985 488
290 8980 7215 16642 7826 9 18910 10000 8313 18910 10000 417
291 7720 3856 13148 9538 9 17650 6641 5485 17650 6641 534
292 14200 9222 20900 9294 34 23467 9409 20418 23467 9409 303
293 4066 3191 9270 8486 13 13996 5976 5314 13996 5976 561
294 5428 5682 12077 6004 26 15358 8467 7425 15358 8467 554
295 4419 7145 13910 8957 14 14349 9930 7972 14349 9930 393
296 2007 8738 10031 10024 25 11274 8925 13550 11274 8925 360
297 11455 5744 15779 10074 10 21385 8529 7395 21385 8529 454
298 2686 9642 9711 10277 45 11953 9829 26556 11953 9829 287
299 1194 1799 10966 8444 8 11124 4584 5846 11124 4584 624
300 11882 7634 17790 7731 21 21619 10025 8785 21619 10025 378
301 1889 6725 9947 9938 16 11819 9510 7607 11819 9510 455
302 8860 7673 18013 8869 16 18597 10064 10369 18597 10064 401
303 13575 9791 19483 9888 143 22842 9978 31175 22842 9978 351
304 8791 6016 14219 10199 21 18721 8801 7079 18721 8801 500
305 7286 7992 15482 9521 17 16777 9804 10255 16777 9804 376
306 9893 9984 19160 10171 44 19160 10171 51180 19160 10171 279
307 4506 6326 5039 9941 13 14436 9111 6872 14436 9111 450
308 11213 9698 11771 9857 109 20480 9885 29291 20480 9885 290
309 2766 8882 8303 10004 13 12033 9069 14662 12033 9069 361
310 1649 2866 6830 3954 11 11579 5651 5777 11579 5651 705
311 5833 9918 6213 10143 83 15100 10105 39119 15100 10105 286
312 9756 9368 17418 9979 23 19023 9555 23601 19023 9555 362
313 13864 8195 14795 9265 28 23355 10007 10407 23355 10007 357
314 17354 7893 24054 7965 16 27091 10284 10156 27091 10284 434
315 4970 3359 7194 6149 13 14900 6144 5529 14900 6144 913
316 9153 1196 12532 2627 13 19083 3981 5287 19083 3981 678
317 2958 6685 11427 8370 30 12888 9470 7687 12888 9470 414
318 3785 10267 3785 10267 149167 3785 10267 154654 3785 10267 296
319 17906 6292 23443 7414 12 27836 9077 7001 27836 9077 445
320 6825 8422 13850 9057 12 16316 10234 12960 16316 10234 385
321 6833 5570 8333 8864 14 16763 8355 7141 16763 8355 474
322 7547 9607 9041 10160 61 16814 9794 24462 16814 9794 298
323 11596 4268 18776 8179 22 21526 7053 6219 21526 7053 639
324 9446 4955 10912 5820 10 19376 7740 6721 19376 7740 510
325 2766 8882 8478 9705 40 12033 9069 13966 12033 9069 358
326 6579 5459 10204 7165 13 16509 8244 6768 16509 8244 761
327 3086 9711 9786 9783 81 12353 9898 33688 12353 9898 283
328 13064 7844 18776 8667 12 22801 10235 9657 22801 10235 398
329 576 7793 5670 8278 23 10313 10184 8967 10313 10184 367
330 7356 9192 13264 9289 9 16623 9379 19843 16623 9379 339
331 9695 8633 10253 8792 7 18962 8820 12067 18962 8820 347
332 7353 8727 13261 8824 13 16620 8914 13648 16620 8914 335
333 4279 5660 6480 8546 18 14209 8445 6872 14209 8445 450
334 5331 9855 14598 10042 12 14598 10042 44443 14598 10042 282
335 8260 5275 13230 8634 13 18190 8060 6617 18190 8060 468
336 14679 7674 20346 8796 49 24416 10065 9754 24416 10065 382
337 6289 7549 6847 7708 9 16026 9940 9219 16026 9940 373
338 13409 8686 20434 9321 30 22676 8873 14313 22676 8873 421
339 30967 9591 36057 10254 9 38629 10202 24086 38629 10202 348
340 11956 7310 15335 8741 18 21886 10095 8804 21886 10095 441
341 25553 7890 34022 9575 23 35044 9702 9859 35044 9702 377
342 9943 9895 15817 10033 112 19210 10082 41250 19210 10082 279
343 5539 9719 9457 10283 72 14806 9906 32385 14806 9906 340
344 18754 7109 19319 9252 20 28684 9894 8211 28684 9894 399
345 11971 9883 18620 10205 137 21238 10070 39925 21238 10070 333
346 15527 9648 21401 9786 17 24794 9835 26310 24794 9835 349
347 4714 4371 6363 7237 14 14644 7156 6393 14644 7156 512
348 3422 9252 10447 9887 20 12689 9439 21735 12689 9439 297
349 9359 5901 14453 6386 9 19289 8686 6621 19289 8686 500
350 14681 7182 15239 7341 11 24611 9967 9190 24611 9967 471
351 17660 10243 17660 10243 103130 17660 10243 97987 17660 10243 275
352 13294 9707 14788 10260 49 22561 9894 33060 22561 9894 288
353 1529 6795 1581 9694 10 11459 9580 7655 11459 9580 408
354 2224 2790 5182 9475 12 12154 5575 5018 12154 5575 573
355 7569 3030 15686 5128 9 17499 5815 5258 17499 5815 625
356 6536 1923 8617 3895 9 16466 4708 5962 16466 4708 709
357 4201 6813 9868 7935 16 14131 9598 8624 14131 9598 412
358 23043 3949 26961 4513 9 32973 6734 5620 32973 6734 544
359 16450 9863 23099 10185 150 25717 10050 39886 25717 10050 306
360 9711 6988 17526 9833 14 19641 9773 9244 19641 9773 468
361 15852 9734 21760 9831 43 25119 9921 31888 25119 9921 318
362 992 5421 5202 7493 11 10922 8206 6632 10922 8206 454
363 2689 9678 10351 10289 46 11956 9865 30211 11956 9865 286
364 5211 7348 14011 9438 8 15141 10133 8056 15141 10133 414
365 10722 9018 19989 9205 10 19989 9205 17295 19989 9205 357
366 5058 8612 6524 9477 8 14325 8799 13338 14325 8799 330
367 9306 5514 15550 9236 9 19236 8299 6597 19236 8299 480
368 8009 9140 8389 9365 48 17276 9327 17591 17276 9327 317
369 6406 8066 12073 9188 26 15897 9878 9561 15897 9878 361
370 6406 8066 14523 10164 75 15897 9878 10390 15897 9878 361
371 5331 9855 14598 10042 110 14598 10042 42536 14598 10042 286
372 9893 9984 15767 10122 28 19160 10171 49322 19160 10171 276
373 8263 5307 8643 5532 9 18193 8092 6214 18193 8092 468
374 9897 7959 17559 8570 33 19388 9771 10546 19388 9771 425
375 1500 3294 1880 3519 9 11430 6079 5534 11430 6079 551
376 7190 7787 15529 10254 17 16927 10178 9638 16927 10178 397
377 4934 9101 10601 10223 11 14201 9288 17123 14201 9288 312
378 8641 7046 16456 9891 9 18571 9831 8892 18571 9831 410
379 11173 6518 17822 6840 25 21103 9303 7100 21103 9303 442
380 12467 9080 16620 10287 29 21734 9267 16999 21734 9267 315
381 1017 4187 4133 7464 9 10947 6972 6393 10947 6972 629
382 8266 9164 14174 9261 62 17533 9351 16779 17533 9351 337
383 5537 9400 12186 9722 24 14804 9587 23785 14804 9587 295
384 5719 4021 6252 7636 9 15649 6806 5733 15649 6806 583
385 5537 9400 10627 10063 12 14804 9587 24085 14804 9587 303
386 232 8135 2313 10107 15 9723 9947 10662 9723 9947 399
387 14813 9829 15371 9988 77 24080 10016 38139 24080 10016 312
388 13599 9833 20248 10155 150 22866 10020 36366 22866 10020 316
389 7361 8508 15557 10037 21 16628 8695 12411 16628 8695 338
390 724 7029 10654 9814 9 10654 9814 8917 10654 9814 645
391 5334 5715 14305 7038 19 15264 8500 6773 15264 8500 456
392 17560 7566 24096 9489 11 27297 9957 9839 27297 9957 376
393 6891 8859 16158 9046 67 16158 9046 13910 16158 9046 396
394 7025 635 16819 8630 9 16955 3420 5133 16955 3420 769
395 5428 5682 10965 6804 9 15358 8467 6721 15358 8467 502
396 17591 3099 24127 5022 10 27521 5884 5211 27521 5884 565
397 18206 4076 28136 6861 10 28136 6861 5442 28136 6861 528
398 14109 9133 19199 9796 16 23376 9320 18397 23376 9320 317
399 6891 8859 13540 9181 12 16158 9046 13357 16158 9046 322
400 8997 7575 10146 9507 9 18734 9966 10437 18734 9966 414
401 16125 7440 20043 8004 16 26055 10225 9488 26055 10225 405
402 8117 2098 15403 10090 15 18047 4883 5041 18047 4883 606
403 518 8564 6055 9686 37 9785 8751 13041 9785 8751 366
404 4279 5660 11765 7513 9 14209 8445 6800 14209 8445 525
405 12817 9888 18691 10026 9 22084 10075 39554 22084 10075 281
406 14829 8379 20167 9727 32 24320 10191 12199 24320 10191 352
407 2065 7585 11332 7772 13 11802 9976 8954 11802 9976 427
408 10982 4199 16076 4684 11 20912 6984 6397 20912 6984 603
409 11239 9952 11797 10111 135 20506 10139 43784 20506 10139 285
410 15901 5334 24701 7424 14 25831 8119 6471 25831 8119 469
411 2007 8738 9032 9373 9 11274 8925 14471 11274 8925 324
412 9988 5510 14312 9840 9 19918 8295 7348 19918 8295 511
413 3472 6619 12272 8709 11 13402 9404 7452 13402 9404 417
414 9002 9553 14876 9691 12 18269 9740 24069 18269 9740 384
415 8023 6755 13735 7578 7 17953 9540 7757 17953 9540 418
416 16270 9549 21360 10212 35 25537 9736 24730 25537 9736 354
417 7838 5487 14538 5559 9 17768 8272 6257 17768 8272 459
418 6682 7261 13382 7333 15 16612 10046 8105 16612 10046 388
419 2065 7585 4146 9557 21 11802 9976 9364 11802 9976 408
420 9447 9148 14628 10236 15 18714 9335 17444 18714 9335 316
421 9930 2785 18043 8908 9 19702 9430 5030 19702 9430 574
422 13500 8297 19374 8435 22 22767 8484 11850 22767 8484 429
423 5331 9855 5711 10080 40 14598 10042 44558 14598 10042 286
424 5225 4936 14626 9132 9 15155 7721 6164 15155 7721 474
425 2434 5662 5067 8961 19 12364 8447 7736 12364 8447 526
426 7443 3061 16596 4257 11 17373 5846 5691 17373 5846 562
427 7379 4969 10012 8268 9 17309 7754 6198 17309 7754 495
428 8739 3689 9953 7868 9 18669 6474 5469 18669 6474 531
429 7479 8540 15503 9826 9 16746 8727 13770 16746 8727 375
430 14005 8430 14563 8589 9 23496 10242 11413 23496 10242 348
431 6406 8066 8340 9947 11 15897 9878 10051 15897 9878 537
432 15218 9100 16816 10194 12 24485 9287 16990 24485 9287 343
433 11464 9867 12022 10026 34 20731 10054 37904 20731 10054 282
434 3957 3564 4083 8240 11 13887 6349 6088 13887 6349 606
435 9711 1355 19157 6310 9 19641 4140 5295 19641 4140 645
436 4765 6143 11301 8066 17 14695 8928 6909 14695 8928 488
437 11055 6924 11986 7994 9 20985 9709 8230 20985 9709 409
438 24404 9674 32066 10285 87 33671 9861 23573 33671 9861 311
439 24080 7895 32197 9993 8 33817 10286 9847 33817 10286 371
440 8009 9140 17276 9327 15 17276 9327 17943 17276 9327 315
441 5537 1122 8530 6793 9 15467 3907 4717 15467 3907 718
442 544 8574 2142 9668 9 9811 8761 13530 9811 8761 391
443 3389 10019 10089 10091 84 12656 10206 44057 12656 10206 286
444 1149 1932 7438 9481 9 11079 4717 4837 11079 4717 612
445 3379 1431 6851 8050 9 13309 4216 5074 13309 4216 1049
446 5525 6853 10863 8201 15 15455 9638 8871 15455 9638 416
447 7204 9094 8698 9647 42 16471 9281 15531 16471 9281 315
448 23841 9942 30541 10014 19 33108 10129 33901 33108 10129 296
449 4804 9956 5362 10115 39 14071 10143 43868 14071 10143 281
450 1895 9403 7607 10226 9 11162 9590 23726 11162 9590 295
451 2840 4268 10219 9237 10 12770 7053 6705 12770 7053 544
452 7513 7267 8979 8132 13 17443 10052 8568 17443 10052 389
453 4419 7145 9956 8267 10 14349 9930 8454 14349 9930 390
454 13121 10022 22388 10209 12 22388 10209 39532 22388 10209 289
455 12438 7253 12490 10152 16 22368 10038 8891 22368 10038 413
456 36421 10049 36979 10208 24 45688 10236 32717 45688 10236 329
457 5537 9400 12562 10035 37 14804 9587 22581 14804 9587 313
458 3858 3760 13011 4956 14 13788 6545 5915 13788 6545 592
459 9844 8102 14934 8765 19 19335 9914 9534 19335 9914 371
460 7962 9972 8520 10131 86 17229 10159 42118 17229 10159 306
461 11885 6981 14518 10280 19 21815 9766 7597 21815 9766 453
462 14402 8600 23555 9796 9 23669 8787 13465 23669 8787 333
463 8159 1391 12438 7051 10 18089 4176 4824 18089 4176 888
464 6682 7261 16419 9652 31 16612 10046 8674 16612 10046 410
465 6682 7261 14344 7872 8 16612 10046 8567 16612 10046 431
466 13822 9915 14202 10140 80 23089 10102 38547 23089 10102 287
467 2142 5554 2700 5713 9 12072 8339 6738 12072 8339 663
468 7356 9192 12450 9677 34 16623 9379 19985 16623 9379 358
469 576 7793 3568 10091 9 10313 10184 9524 10313 10184 369
470 6695 8032 15486 9041 9 16186 9844 10513 16186 9844 362
471 9675 7297 19166 9109 14 19605 10082 8512 19605 10082 445
472 5887 3939 11068 5027 9 15817 6724 5750 15817 6724 536
473 126 4676 2268 10230 8 10056 7461 6826 10056 7461 541
474 4506 6326 11206 6398 13 14436 9111 6668 14436 9111 432
475 9711 6988 16411 7060 12 19641 9773 7692 19641 9773 404
476 7443 3061 7495 5960 9 17373 5846 5320 17373 5846 622
477 4904 5370 11862 8911 10 14834 8155 7374 14834 8155 569
478 3849 3651 8819 7010 14 13779 6436 5722 13779 6436 534
479 20412 10294 20412 10294 105424 20412 10294 107243 20412 10294 278
480 6409 4679 7909 7973 24 16339 7464 6168 16339 7464 544
481 17707 4817 21664 8381 15 27637 7602 6611 27637 7602 609
482 7131 9433 7689 9592 75 16398 9620 25043 16398 9620 329
483 1097 9826 1477 10051 203 10364 10013 41569 10364 10013 317
484 824 8724 5914 9387 20 10091 8911 13461 10091 8911 353
485 8058 3213 13396 4561 6 17988 5998 5288 17988 5998 818
486 9700 10209 16400 10281 283 16400 10281 110262 16400 10281 266
487 8510 9730 14418 9827 122 17777 9917 28354 17777 9917 374
488 6919 7951 12009 8614 9 16410 9763 9791 16410 9763 363
489 9208 5730 12200 8028 10 19138 8515 6446 19138 8515 455
490 821 7894 2315 8447 13 10558 10285 9596 10558 10285 364
491 367 8665 9520 9861 12 9634 8852 14006 9634 8852 334
492 4918 9008 10792 9146 51 14185 9195 14805 14185 9195 326
493 8216 9638 14124 9735 30 17483 9825 28047 17483 9825 319
494 3216 8343 6841 10049 11 12707 10155 11801 12707 10155 386
495 4416 9248 12078 9859 8 13683 9435 21322 13683 9435 305
496 7374 962 13248 1100 8 17304 3747 5321 17304 3747 779
497 1649 2866 10118 4551 12 11579 5651 5371 11579 5651 602
498 4804 9956 10678 10094 73 14071 10143 41764 14071 10143 299
499 15431 9474 22080 9796 58 24698 9661 23710 24698 9661 333
500 3314 9340 8404 10003 23 12581 9527 23358 12581 9527 317
501 9943 9895 10501 10054 9 19210 10082 40877 19210 10082 318
502 6919 7951 12009 8614 13 16410 9763 10019 16410 9763 481
503 15440 1331 18206 10213 10 25370 4116 5011 25370 4116 682
504 11797 9244 17671 9382 9 21064 9431 20007 21064 9431 342
505 6244 3722 7458 7901 13 16174 6507 6816 16174 6507 563
506 15192 9489 15572 9714 62 22854 10100 26147 22854 10100 479
507 5331 9855 11205 9993 22 14598 10042 43984 14598 10042 284
508 9759 6237 10953 8036 11 19689 9022 6875 19689 9022 460
509 11143 9868 17792 10190 63 20410 10055 35298 20410 10055 292
510 7720 3856 14745 4491 9 17650 6641 6036 17650 6641 590
511 7838 5487 13019 6575 12 17768 8272 7096 17768 8272 504
512 7055 9326 13704 9648 14 16322 9513 20262 16322 9513 484
513 18027 10187 24727 10259 68 24727 10259 57123 24727 10259 281
514 15801 10081 16359 10240 40 25068 10268 53886 25068 10268 279
515 3241 6977 4850 9077 18 13171 9762 7525 13171 9762 406
516 10881 7733 19040 9124 17 20618 10124 9980 20618 10124 376
517 4416 9248 10128 10071 36 13683 9435 22483 13683 9435 297
518 13058 9088 18148 9751 16 22325 9275 15491 22325 9275 322
519 7356 9192 16623 9379 27 16623 9379 20479 16623 9379 313
520 6833 5570 10790 9134 10 16763 8355 6508 16763 8355 454
521 17512 10287 17512 10287 107973 17512 10287 100403 17512 10287 308
522 3063 8748 12330 8935 26 12330 8935 13216 12330 8935 376
523 4449 6368 12169 10224 23 14379 9153 6936 14379 9153 438
524 14390 8169 20926 10092 17 23881 9981 10799 23881 9981 441
525 19202 8800 24383 9888 26 28469 8987 13566 28469 8987 335
526 10627 10063 11185 10222 117 19894 10250 42558 19894 10250 279
527 7020 5311 15179 6702 14 16950 8096 6258 16950 8096 514
528 8385 3530 15034 3852 10 18315 6315 6087 18315 6315 765
529 6919 7951 15710 8960 21 16410 9763 9915 16410 9763 385
530 8113 6123 15533 9949 22 18043 8908 7611 18043 8908 457
531 7361 8508 8827 9373 18 16628 8695 12838 16628 8695 329
532 15275 5612 16292 9799 11 25205 8397 6514 25205 8397 456
533 22360 8982 29009 9304 56 31627 9169 15979 31627 9169 320
534 11174 6490 15384 8562 9 21104 9275 7389 21104 9275 478
535 18249 6768 21365 10045 12 28179 9553 7799 28179 9553 456
536 11615 9373 16709 9858 30 20882 9560 21783 20882 9560 341
537 1017 4187 5011 5554 9 10947 6972 5943 10947 6972 576
538 2142 5554 7112 8913 9 12072 8339 7864 12072 8339 503
539 5537 9400 12237 9472 72 14804 9587 22432 14804 9587 335
540 8783 8772 17754 10095 41 18050 8959 13696 18050 8959 332
541 9711 6988 11309 8082 12 19641 9773 7784 19641 9773 403
542 3308 2877 4824 8783 12 13238 5662 5135 13238 5662 607
543 1895 9403 7769 9541 25 11162 9590 22567 11162 9590 298
544 3196 9710 12463 9897 51 12463 9897 32813 12463 9897 364
545 7732 8707 9198 9572 24 16999 8894 13680 16999 8894 364
546 8652 4921 9185 8536 10 18582 7706 6670 18582 7706 515
547 4153 1207 12492 3674 8 14083 3992 4748 14083 3992 635
548 3314 9340 12581 9527 40 12581 9527 23520 12581 9527 326
549 13683 10231 13683 10231 162784 13683 10231 159894 13683 10231 268
550 6429 7758 9421 10056 13 16166 10149 9837 16166 10149 460
551 27452 8831 34152 8903 13 36605 10027 13498 36605 10027 340
552 5997 6199 9915 6763 10 15927 8984 7898 15927 8984 453
553 13897 5868 13949 8767 15 23827 8653 6933 23827 8653 455
554 8349 10233 8349 10233 165088 8349 10233 154646 8349 10233 272
555 8569 6107 17540 7430 19 18499 8892 6705 18499 8892 443
556 20540 7960 23919 9391 12 30031 9772 10365 30031 9772 379
557 11685 6845 20952 7032 30 21615 9630 7768 21615 9630 483
558 9542 9196 14632 9859 35 18809 9383 18786 18809 9383 354
559 8518 9238 9076 9397 44 17785 9425 21232 17785 9425 305
560 7180 3911 8674 4464 9 17110 6696 5485 17110 6696 530
561 6048 4308 6289 8297 9 15978 7093 6106 15978 7093 566
562 22653 6652 31122 8337 12 32583 9437 7925 32583 9437 605
563 7962 9972 14611 10294 18 17229 10159 44283 17229 10159 277
564 241 3989 4307 7180 12 10171 6774 5420 10171 6774 528
565 8216 9638 17483 9825 20 17483 9825 29416 17483 9825 308
566 9772 6645 14742 10004 17 19702 9430 7830 19702 9430 467
567 1726 8688 7263 9810 41 10993 8875 14488 10993 8875 328
568 15095 9669 21744 9991 44 24362 9856 28575 24362 9856 294
569 2223 10278 2223 10278 161766 2223 10278 163103 2223 10278 302
570 3538 9591 8628 10254 73 12805 9778 24073 12805 9778 300
571 3196 9710 9845 10032 77 12463 9897 31800 12463 9897 294
572 9084 7990 10015 9060 28 18575 9802 9590 18575 9802 411
573 10487 7229 16395 7326 11 20417 10014 9039 20417 10014 438
574 10655 9287 17680 9922 37 19922 9474 23441 19922 9474 300
575 17808 10013 23716 10110 91 27075 10200 38609 27075 10200 295
576 6406 8066 6786 8291 22 15897 9878 9689 15897 9878 399
577 12766 8223 14364 9317 48 22257 10035 10509 22257 10035 353
578 7838 5487 13176 6835 9 17768 8272 6915 17768 8272 504
579 15673 8253 21547 8391 14 25164 10065 11427 25164 10065 353
580 19130 9941 25830 10013 42 28397 10128 34869 28397 10128 291
581 5813 7647 7411 8741 11 15550 10038 9108 15550 10038 385
582 6682 7261 11776 7746 11 16612 10046 8909 16612 10046 387
583 12372 4009 18259 7948 15 22302 6794 6665 22302 6794 636
584 2766 8882 8674 8979 59 12033 9069 13846 12033 9069 476
585 544 8574 924 8799 17 9811 8761 13816 9811 8761 336
586 1529 6795 9868 9262 26 11459 9580 7927 11459 9580 408
587 9893 9984 10451 10143 42 19160 10171 47247 19160 10171 311
588 3912 8341 5106 10140 56 13403 10153 11846 13403 10153 349
589 126 4676 178 7575 9 10056 7461 6327 10056 7461 634
590 15980 6001 22629 6323 16 25910 8786 6800 25910 8786 452
591 12364 5395 13558 7194 9 22294 8180 7127 22294 8180 652
592 5997 6199 8078 8171 13 15927 8984 7594 15927 8984 487
593 5537 9400 14804 9587 13 14804 9587 22847 14804 9587 344
594 8385 3530 10609 6320 12 18315 6315 5899 18315 6315 604
595 13623 8691 20648 9326 14 22890 8878 13147 22890 8878 335
596 9825 6502 15492 7624 14 19755 9287 7851 19755 9287 599
597 26146 8070 30343 10186 15 35637 9882 10083 35637 9882 413
598 4279 5660 11699 9486 14 14209 8445 6552 14209 8445 484
599 1194 1799 7483 9348 9 11124 4584 4809 11124 4584 614
600 8126 8519 12044 9083 12 17393 8706 13416 17393 8706 383
601 10937 5759 18752 8604 28 20867 8544 6918 20867 8544 528
602 11922 4446 15347 6895 9 21852 7231 6323 21852 7231 512
603 4725 5377 5290 7520 8 14655 8162 6484 14655 8162 778
604 2633 3299 6786 4506 13 12563 6084 5704 12563 6084 594
605 7443 3061 11653 5133 11 17373 5846 5343 17373 5846 624
606 5419 6846 12988 9876 14 15349 9631 8045 15349 9631 471
607 15780 9361 22805 9996 46 25047 9548 21265 25047 9548 339
608 4804 9956 11453 10278 11 14071 10143 42308 14071 10143 303
609 5428 4183 6894 5048 13 15358 6968 6133 15358 6968 582
610 2142 5554 7570 9737 10 12072 8339 6818 12072 8339 457
611 6406 8066 12942 9989 13 15897 9878 9479 15897 9878 359
612 12144 9093 13075 10163 19 21411 9280 17395 21411 9280 347
613 6825 8422 15616 9431 14 16316 10234 12026 16316 10234 339
614 15878 5252 23540 5863 12 25808 8037 6510 25808 8037 518
615 9794 7995 15668 8133 11 19285 9807 10148 19285 9807 432
616 15366 6560 18482 9837 19 25296 9345 7415 25296 9345 435
617 2256 3472 6322 6663 14 12186 6257 5385 12186 6257 545
618 7720 3856 13054 9571 10 17650 6641 5425 17650 6641 537
619 3740 6648 8830 7311 9 13670 9433 8397 13670 9433 494
620 6377 4859 7308 5929 14 16307 7644 6734 16307 7644 527
621 9401 4196 12709 7073 18 19331 6981 5514 19331 6981 513
622 15187 10110 21095 10207 99 21095 10207 59927 21095 10207 279
623 11594 9181 11974 9406 23 20861 9368 17718 20861 9368 313
624 15572 10058 21446 10196 66 24839 10245 39508 24839 10245 288
625 12908 8727 14374 9592 16 22175 8914 13687 22175 8914 341
626 15032 9603 21732 9675 57 24299 9790 21887 24299 9790 302
627 1097 9826 6971 9964 39 10364 10013 40865 10364 10013 285
628 6891 8859 7271 9084 13 16158 9046 13479 16158 9046 356
629 5331 9855 11205 9993 123 14598 10042 45093 14598 10042 303
630 8641 7046 14515 7184 39 18571 9831 8194 18571 9831 394
631 3314 9340 8404 10003 42 12581 9527 23293 12581 9527 298
632 6457 8043 10082 9749 9 15948 9855 10253 15948 9855 483
633 232 8135 6106 8273 15 9723 9947 10153 9723 9947 405
634 1889 6725 10689 8815 14 11819 9510 7726 11819 9510 457
635 14972 7539 23089 9637 16 24709 9930 9528 24709 9930 376
636 3031 5638 8905 5776 16 12961 8423 7115 12961 8423 522
637 2735 5948 8272 7070 9 12665 8733 6565 12665 8733 505
638 8091 8109 16882 9118 10 17582 9921 10242 17582 9921 359
639 1382 8883 5300 9447 21 10649 9070 14424 10649 9070 328
640 6491 8012 7685 9811 12 15982 9824 9935 15982 9824 426
641 6360 7654 8294 9535 13 16097 10045 10076 16097 10045 421
642 723 6984 3839 10261 6 10653 9769 8141 10653 9769 403
643 2766 8882 3146 9107 21 12033 9069 13343 12033 9069 362
644 20696 9365 22190 9918 22 28358 9976 22840 28358 9976 307
645 5126 9343 11775 9665 30 14393 9530 23273 14393 9530 303
646 13561 2408 18742 3496 7 23491 5193 4980 23491 5193 597
647 3897 9995 9805 10092 29 13164 10182 45184 13164 10182 315
648 1895 9403 6989 9888 25 11162 9590 23956 11162 9590 298
649 4416 9248 9510 9733 20 13683 9435 21140 13683 9435 293
650 14658 9462 20370 10285 16 23925 9649 24186 23925 9649 328
651 2735 5948 11204 7633 16 12665 8733 6715 12665 8733 451
652 9998 8480 10556 8639 19 19489 10292 11944 19489 10292 337
653 7568 8360 16359 9369 6 17059 10172 11809 17059 10172 352
654 15465 3827 21352 7766 8 25395 6612 5941 25395 6612 623
655 1952 4849 9395 7910 6 11882 7634 6688 11882 7634 485
656 7379 4969 13623 8691 27 17309 7754 6218 17309 7754 573
657 12828 8477 16981 9684 18 22319 10289 11792 22319 10289 342
658 3196 9710 7114 10274 10 12463 9897 31652 12463 9897 311
659 14540 6989 24277 9380 6 24470 9774 8432 24470 9774 402
660 23666 5399 25132 6264 8 33596 8184 6348 33596 8184 464
661 8986 5147 18477 6959 6 18916 7932 7305 18916 7932 537
662 10298 9382 16172 9520 15 19565 9569 21622 19565 9569 304
663 8987 7419 13184 9535 6 18917 10204 9072 18917 10204 468
664 9069 6692 11293 9482 18 18999 9477 7776 18999 9477 463
665 8574 7315 14286 8138 7 18504 10100 8451 18504 10100 384
666 9446 4955 17563 7053 9 19376 7740 6164 19376 7740 556
667 13557 5003 13937 5228 10 23487 7788 7064 23487 7788 474
668 5712 823 15018 6337 6 15642 3608 4740 15642 3608 682
669 7175 4792 9256 6764 8 17105 7577 6311 17105 7577 540
670 2224 2790 5064 7058 6 12154 5575 5538 12154 5575 638
671 6691 5801 13340 6123 6 16621 8586 7029 16621 8586 584
672 10798 9747 15892 10232 31 20065 9934 35792 20065 9934 290
673 4416 9248 4796 9473 13 13683 9435 21902 13683 9435 458
674 8105 9763 14805 9835 63 17372 9950 33711 17372 9950 328
675 4273 9441 8191 10005 17 13540 9628 22269 13540 9628 298
676 6406 8066 11587 9154 6 15897 9878 11171 15897 9878 381
677 3422 9252 9330 9349 29 12689 9439 21718 12689 9439 301
678 5428 5682 6922 6235 6 15358 8467 6943 15358 8467 537
679 5126 9343 14393 9530 120 14393 9530 21804 14393 9530 299
680 4279 5660 7271 7958 7 14209 8445 7329 14209 8445 533
681 3789 5674 5387 6768 6 13719 8459 7135 13719 8459 482
682 4763 6497 8188 8946 13 14693 9282 6905 14693 9282 432
683 8783 8772 13873 9435 5 18050 8959 13709 18050 8959 368
684 5346 6721 13463 8819 18 15276 9506 8062 15276 9506 459
685 9444 7164 17640 8693 13 19374 9949 7986 19374 9949 433
686 8679 10100 14553 10238 17 17946 10287 43560 17946 10287 353
687 11692 4698 16016 9028 9 21622 7483 6165 21622 7483 503
688 8641 7046 12020 8477 9 18571 9831 9072 18571 9831 421
689 2689 9678 4183 10231 33 11956 9865 29998 11956 9865 316
690 9930 2785 15417 6385 9 19702 9430 5271 19702 9430 574
691 11079 4717 17615 6640 9 20816 7108 6281 20816 7108 626
692 7838 5487 16638 7577 10 17768 8272 7352 17768 8272 457
693 2049 9521 8749 9593 76 11316 9708 24837 11316 9708 345
694 15482 9351 19400 9915 22 24749 9538 23166 24749 9538 305
695 7606 8299 9100 8852 8 17097 10111 11176 17097 10111 406
696 11532 6176 16713 7264 26 21462 8961 6825 21462 8961 445
697 11281 8628 12879 9722 37 20548 8815 13785 20548 8815 413
698 3196 9710 4690 10263 13 12463 9897 31325 12463 9897 437
699 5204 5295 9528 9625 10 15134 8080 6772 15134 8080 471
700 9034 8456 14128 8941 21 18525 10268 11375 18525 10268 338
701 22563 6437 24764 9323 20 32493 9222 7243 32493 9222 497
702 9290 7949 17486 9478 15 18781 9761 11385 18781 9761 387
703 11839 9526 19501 10137 74 21106 9713 23262 21106 9713 362
704 2689 9678 8563 9816 37 11956 9865 27489 11956 9865 316
705 7568 8360 14593 8995 23 17059 10172 12331 17059 10172 342
706 3314 9340 10976 9951 14 12581 9527 21638 12581 9527 420
707 9711 6988 10905 8787 40 19641 9773 8458 19641 9773 416
708 6406 8066 10400 9433 26 15897 9878 10424 15897 9878 400
709 8065 9204 15090 9839 34 17332 9391 20209 17332 9391 314
710 11229 9400 16941 10223 21 20496 9587 22045 20496 9587 320
711 12183 10119 18883 10191 86 18883 10191 58570 18883 10191 280
712 10354 8685 17054 8757 13 19621 8872 13524 19621 8872 374
713 8747 7862 14459 8685 12 18484 10253 10005 18484 10253 410
714 4956 8269 14447 10081 25 14447 10081 11162 14447 10081 391
715 5225 4936 5783 5095 9 15155 7721 6440 15155 7721 475
716 10046 8932 15758 9755 11 19313 9119 14764 19313 9119 404
717 8216 9638 14916 9710 96 17483 9825 27331 17483 9825 296
718 7305 6336 14748 9397 11 17235 9121 7416 17235 9121 502
719 11701 5849 16671 9208 28 21631 8634 6414 21631 8634 515
720 3148 6060 4342 7859 9 13078 8845 6932 13078 8845 452
721 1895 9403 8595 9475 48 11162 9590 23946 11162 9590 295
722 8260 5275 12217 8839 9 18190 8060 6329 18190 8060 463
723 821 7894 6159 9242 17 10558 10285 10402 10558 10285 445
724 17622 9325 23496 9463 31 26889 9512 22064 26889 9512 302
725 8058 3213 15083 3848 7 17988 5998 5513 17988 5998 763
726 824 8724 4818 10091 28 10091 8911 13487 10091 8911 328
727 7486 1853 10702 10196 8 17416 4638 4807 17416 4638 614
728 7008 5156 14823 8001 10 16938 7941 6964 16938 7941 521
729 13949 9395 17867 9959 47 21611 10006 24339 21611 10006 332
730 8739 3689 16999 8964 6 18669 6474 5581 18669 6474 532
731 16784 6872 20994 8944 6 26714 9657 8759 26714 9657 505
732 7286 7992 12624 9340 8 16777 9804 9878 16777 9804 361
733 18564 5102 21943 6533 9 28494 7887 6429 28494 7887 469
734 1475 9644 7349 9782 8 10742 9831 26101 10742 9831 298
735 5126 9343 14393 9530 73 14393 9530 23476 14393 9530 332
736 8567 5641 17538 6964 23 18497 8426 7066 18497 8426 624
737 9811 5694 18611 7784 11 19741 8479 6696 19741 8479 464
738 10947 6972 13939 9270 9 20684 9363 8369 20684 9363 408
739 576 7793 9843 7980 8 10313 10184 9523 10313 10184 411
740 3216 8343 9124 8440 6 12707 10155 11192 12707 10155 347
741 8783 8772 16807 10058 9 18050 8959 14054 18050 8959 325
742 5530 10072 11404 10210 18 14797 10259 49266 14797 10259 288
743 9048 3168 11000 8017 7 18978 5953 5260 18978 5953 591
744 14626 9132 21651 9767 59 23893 9319 17157 23893 9319 352
745 5346 6721 14499 7917 8 15276 9506 8419 15276 9506 508
746 9237 5795 15124 9734 11 19167 8580 6530 19167 8580 447
747 2065 7585 7939 7723 20 11802 9976 9197 11802 9976 371
748 22999 8936 28711 9759 17 32266 9123 15034 32266 9123 348
749 11535 7908 12466 8978 22 21026 9720 9288 21026 9720 368
750 5917 7490 9835 8054 17 15847 10275 9001 15847 10275 421
751 6201 7478 15354 8674 11 16131 10263 9609 16131 10263 464
752 12695 9076 17876 10164 16 21962 9263 15643 21962 9263 315
753 3912 8341 7906 9708 26 13403 10153 11684 13403 10153 394
754 27839 7723 28770 8793 18 37576 10114 10018 37576 10114 392
755 17870 5881 19951 7853 9 27800 8666 6662 27800 8666 457
756 3063 8748 9712 9070 9 12330 8935 13488 12330 8935 474
757 8266 9164 14966 9236 14 17533 9351 17930 17533 9351 312
758 7568 8360 14104 10283 16 17059 10172 11862 17059 10172 421
759 18698 8044 20307 10144 39 28189 9856 10163 28189 9856 420
760 1097 9826 10364 10013 181 10364 10013 42155 10364 10013 285
761 6919 7951 12013 8436 14 16410 9763 10277 16410 9763 370
762 25430 8225 31304 8363 37 34921 10037 11829 34921 10037 366
763 3116 3277 6147 8915 9 13046 6062 5254 13046 6062 578
764 6682 7261 14878 8790 12 16612 10046 9088 16612 10046 430
765 4383 6272 4941 6431 15 14313 9057 6984 14313 9057 491
766 3216 8343 4365 10275 12 12707 10155 11292 12707 10155 370
767 824 8724 6162 10072 38 10091 8911 13258 10091 8911 348
768 4718 3350 13518 5440 17 14648 6135 5589 14648 6135 613
769 4804 9956 14071 10143 51 14071 10143 42165 14071 10143 312
770 2840 4268 10326 6121 9 12770 7053 6311 12770 7053 626
771 24641 7364 33441 9454 13 34571 10149 8803 34571 10149 443
772 20548 9455 27573 10090 17 29815 9642 21334 29815 9642 375
773 576 7793 8772 9322 15 10313 10184 9429 10313 10184 406
774 723 6984 6061 8332 12 10653 9769 7994 10653 9769 450
775 3472 6619 11041 9649 14 13402 9404 7199 13402 9404 464
776 14055 9412 20755 9484 22 23322 9599 22542 23322 9599 306
777 8574 7315 11953 8746 19 18504 10100 8449 18504 10100 435
778 2065 7585 11332 7772 9 11802 9976 10782 11802 9976 413
779 8574 7315 16060 9168 12 18504 10100 8212 18504 10100 393
780 10328 8188 13707 9619 19 19819 10000 10559 19819 10000 376
781 8681 7607 17472 8616 9 18418 9998 9997 18418 9998 435
782 10324 8380 13703 9811 35 19815 10192 11196 19815 10192 347
783 29962 8494 38933 9817 14 39229 8681 12371 39229 8681 411
784 13174 7281 14668 7834 15 23104 10066 8909 23104 10066 388
785 1649 2866 6853 8161 11 11579 5651 5023 11579 5651 593
786 1934 1881 9992 5094 12 11864 4666 4886 11864 4666 611
787 723 6984 8781 10197 19 10653 9769 8297 10653 9769 474
788 23306 9254 30331 9889 42 32573 9441 20929 32573 9441 340
789 5537 9400 14804 9587 30 14804 9587 23632 14804 9587 329
790 4142 7603 10678 9526 11 13879 9994 9146 13879 9994 373
791 9711 6988 18978 7175 15 19641 9773 8355 19641 9773 483
792 7236 9143 13144 9240 27 16503 9330 16607 16503 9330 313
793 5626 8970 6557 10040 13 14893 9157 15447 14893 9157 328
794 10815 8511 17515 8583 12 20082 8698 12329 20082 8698 342
795 27030 9121 30948 9685 33 36297 9308 17221 36297 9308 358
796 11633 7366 17345 8189 15 21563 10151 8317 21563 10151 412
797 6922 6235 14737 9080 11 16852 9020 7567 16852 9020 452
798 16015 10118 22715 10190 12 22715 10190 46990 22715 10190 280
799 3044 5197 5125 7169 13 12974 7982 6319 12974 7982 519
800 12216 9944 18124 10041 47 21483 10131 39883 21483 10131 336
801 4904 5370 12390 7223 11 14834 8155 7089 14834 8155 542
802 3308 2877 3549 6866 9 13238 5662 5459 13238 5662 570
803 7361 8508 11279 9072 12 16628 8695 12433 16628 8695 365
804 7838 5487 11696 9247 11 17768 8272 6797 17768 8272 505
805 15153 10197 21061 10294 62 21853 10269 77384 21853 10269 271
806 4324 4330 13630 9844 9 14254 7115 5661 14254 7115 513
807 5346 6721 15083 9112 10 15276 9506 8136 15276 9506 488
808 3314 9340 3872 9499 40 12581 9527 23834 12581 9527 295
809 5280 7370 5845 9513 9 15210 10155 8309 15210 10155 439
810 9367 8802 16067 8874 8 18634 8989 14728 18634 8989 348
811 12265 7948 13459 9747 16 21756 9760 9738 21756 9760 391
812 6707 9212 8201 9765 17 15974 9399 19034 15974 9399 321
813 11050 7062 14968 7626 12 20980 9847 8188 20980 9847 420
814 9208 5730 13126 6294 9 19138 8515 6985 19138 8515 479
815 4970 3359 13761 4368 12 14900 6144 5636 14900 6144 547
816 12270 3305 17698 8987 9 22200 6090 6088 22200 6090 639
817 7361 8508 12898 9630 15 16628 8695 12573 16628 8695 332
818 7188 9826 13062 9964 163 16455 10013 37726 16455 10013 281
819 5275 5699 8700 8148 9 15205 8484 7265 15205 8484 508
820 4804 9956 5362 10115 96 14071 10143 45129 14071 10143 328
821 9331 6277 18598 6464 15 19261 9062 6935 19261 9062 443
822 11925 5008 16122 7124 8 21855 7793 6645 21855 7793 546
823 5955 9916 12604 10238 77 15222 10103 38375 15222 10103 280
824 9237 5795 16262 6430 10 19167 8580 6778 19167 8580 502
825 5726 6098 11970 9820 14 15656 8883 6751 15656 8883 446
826 2766 8882 7860 9367 50 12033 9069 14113 12033 9069 348
827 10277 9325 17939 9936 24 19544 9512 23248 19544 9512 471
828 5126 9343 6620 9896 106 14393 9530 24029 14393 9530 292
829 824 8724 5918 9209 15 10091 8911 13530 10091 8911 362
830 10484 8065 19751 8252 9 19975 9877 9914 19975 9877 364
831 723 6984 8781 10197 12 10653 9769 8099 10653 9769 404
832 17903 7608 22100 9724 19 27640 9999 10233 27640 9999 378
833 23784 9393 24342 9552 7 33051 9580 19704 33051 9580 311
834 6289 7549 10207 8113 14 16026 9940 9831 16026 9940 409
835 3873 5020 3925 7919 8 13803 7805 6404 13803 7805 468
836 5887 3939 11221 9654 8 15817 6724 5960 15817 6724 553
837 518 8564 9671 9760 19 9785 8751 13518 9785 8751 376
838 2434 5662 5550 8939 14 12364 8447 6617 12364 8447 451
839 7291 9772 16558 9959 68 16558 9959 35374 16558 9959 287
840 8469 1685 12622 2892 9 18399 4470 4902 18399 4470 623
841 3063 8748 7216 9955 43 12330 8935 13785 12330 8935 362
842 13744 10261 13744 10261 114058 13744 10261 105385 13744 10261 269
843 1889 6725 6859 10084 13 11819 9510 7585 11819 9510 411
844 9915 9859 19182 10046 265 19182 10046 38810 19182 10046 363
845 8800 2090 18008 7820 9 18730 4875 5074 18730 4875 606
846 10172 10081 16046 10219 49 19439 10268 48963 19439 10268 355
847 821 7894 9612 8903 8 10558 10285 10275 10558 10285 582
848 15842 7437 23959 9535 20 25772 10222 9049 25772 10222 422
849 6406 8066 7337 9136 9 15897 9878 10333 15897 9878 361
850 13825 9428 23092 9615 37 23092 9615 21927 23092 9615 308
851 9872 10256 9872 10256 161694 9872 10256 155306 9872 10256 269
852 14839 8910 20747 9007 15 24106 9097 15192 24106 9097 373
853 14838 7776 18463 9482 16 24575 10167 9410 24575 10167 391
854 1097 9826 7746 10148 49 10364 10013 42934 10364 10013 308
855 30808 9361 32302 9914 22 40075 9548 20039 40075 9548 340
856 18945 8121 20094 10053 10 28436 9933 10039 28436 9933 451
857 11800 7313 13734 9194 17 21730 10098 9205 21730 10098 397
858 8159 1391 16544 4921 12 18089 4176 4844 18089 4176 705
859 8783 8772 15808 9407 19 18050 8959 14050 18050 8959 363
860 3138 8895 7132 10262 10 12405 9082 13768 12405 9082 332
861 13382 7333 19256 7471 9 23312 10118 8589 23312 10118 389
862 5428 4183 14636 9913 11 15358 6968 5908 15358 6968 600
863 3789 5674 10033 9396 13 13719 8459 6907 13719 8459 507
864 9336 10065 16036 10137 25 18603 10252 41043 18603 10252 283
865 14609 6050 17725 9327 13 24539 8835 7283 24539 8835 544
866 16086 7124 24877 8133 13 26016 9909 8659 26016 9909 400
867 10172 6691 18289 8789 15 20102 9476 8278 20102 9476 464
868 5334 5715 5714 5940 11 15264 8500 7053 15264 8500 459
869 13259 7956 15193 9837 11 22750 9768 10328 22750 9768 390
870 10657 3636 17193 5559 15 20587 6421 5542 20587 6421 543
871 5539 9719 14806 9906 9 14806 9906 32476 14806 9906 287
872 15680 9101 17278 10195 27 24947 9288 16425 24947 9288 519
873 19857 9874 25731 10012 51 29124 10061 39553 29124 10061 303
874 13836 10110 14394 10269 9 20536 10182 66385 20536 10182 273
875 2007 8738 7188 9826 37 11274 8925 12508 11274 8925 366
876 11427 6790 15637 8862 9 21357 9575 9105 21357 9575 454
877 11784 6680 16878 7165 9 21714 9465 7476 21714 9465 418
878 8009 9140 13721 9963 14 17276 9327 18016 17276 9327 307
879 3912 8341 10448 10264 22 13403 10153 11684 13403 10153 387
880 22773 10175 28681 10272 24 29473 10247 57201 29473 10247 312
881 11421 9511 18121 9583 66 20688 9698 23847 20688 9698 293
882 17597 5725 21591 7092 15 27527 8510 7811 27527 8510 532
883 9772 6645 13151 8076 12 19702 9430 7426 19702 9430 415
884 5346 6721 13731 10251 32 15276 9506 7479 15276 9506 468
885 20816 9693 21196 9918 72 30083 9880 30036 30083 9880 320
886 10878 8954 17578 9026 29 20145 9141 15286 20145 9141 362
887 8747 7862 14284 8984 9 18484 10253 9747 18484 10253 360
888 4714 4371 12134 8197 13 14644 7156 5652 14644 7156 520
889 12219 8383 13413 10182 14 21710 10195 12595 21710 10195 384
890 11414 5193 17081 6315 12 21344 7978 6462 21344 7978 518
891 1194 1799 2186 7220 9 11124 4584 5159 11124 4584 794
892 9711 6988 15585 7126 9 19641 9773 8120 19641 9773 404
893 9772 6645 17796 7931 11 19702 9430 8618 19702 9430 445
894 5539 9719 7033 10272 72 14806 9906 32990 14806 9906 289
895 6647 1953 10119 8572 9 16577 4738 5054 16577 4738 690
896 10518 6345 10570 9244 20 20448 9130 7428 20448 9130 467
897 3086 9711 9735 10033 12 12353 9898 32172 12353 9898 311
898 3314 9340 10339 9975 20 12581 9527 22920 12581 9527 379
899 24911 4985 27135 7775 12 34841 7770 6875 34841 7770 544
900 28263 7571 28828 9714 30 38000 9962 9606 38000 9962 414
901 13353 7268 13911 7427 15 23283 10053 8385 23283 10053 390
902 544 8574 6081 9696 38 9811 8761 12692 9811 8761 374
903 6406 8066 15206 10156 27 15897 9878 11310 15897 9878 366
904 8538 9894 14446 9991 26 17805 10081 37545 17805 10081 283
905 4804 9956 5362 10115 78 14071 10143 42679 14071 10143 280
906 11289 7702 16379 8365 9 21026 10093 10108 21026 10093 415
907 6457 8043 13482 8678 13 15948 9855 9522 15948 9855 358
908 3764 9487 4144 9712 42 13031 9674 26844 13031 9674 292
909 18460 9862 25109 10184 94 27727 10049 35805 27727 10049 286
910 16726 9340 22600 9478 54 25993 9527 22594 25993 9527 344
911 5537 9400 13199 10011 81 14804 9587 23752 14804 9587 385
912 9244 8101 13441 10217 20 18735 9913 10214 18735 9913 405
913 5682 8002 9879 10118 19 15173 9814 10255 15173 9814 554
914 4804 9956 11453 10278 34 14071 10143 42944 14071 10143 280
915 3116 3277 11907 4286 9 13046 6062 5333 13046 6062 620
916 14349 9930 21049 10002 25 23616 10117 40379 23616 10117 320
917 5537 9400 6095 9559 37 14804 9587 23091 14804 9587 336
918 8971 1323 17540 7430 10 18901 4108 5328 18901 4108 727
919 824 8724 7473 9046 73 10091 8911 13883 10091 8911 333
920 16360 7310 17826 8175 19 26290 10095 8277 26290 10095 387
921 19903 7936 28703 10026 10 29170 8123 11128 29170 8123 415
922 2723 8594 10882 9985 45 11990 8781 12174 11990 8781 341
923 4416 9248 11116 9320 49 13683 9435 22678 13683 9435 296
924 3196 9710 9896 9782 9 12463 9897 33712 12463 9897 285
925 19681 9037 28948 9224 62 28948 9224 16058 28948 9224 364
926 12364 8447 17545 9535 61 21855 10259 11276 21855 10259 381
927 617 7874 4242 9580 11 10354 10265 9836 10354 10265 372
928 14929 4914 24196 5101 12 24859 7699 6769 24859 7699 530
929 6377 4859 8458 6831 17 16307 7644 6643 16307 7644 498
930 17063 8022 22401 9370 39 26554 9834 10216 26554 9834 413
931 15575 6498 17075 9792 14 25505 9283 7331 25505 9283 430
932 5090 663 11496 8729 9 15020 3448 5348 15020 3448 839
933 26122 9435 27616 9988 65 35389 9622 21258 35389 9622 313
934 3314 9340 9963 9662 25 12581 9527 23900 12581 9527 328
935 14255 8621 19792 9743 22 23522 8808 14127 23522 8808 353
936 5917 7490 9542 9196 36 15847 10275 9041 15847 10275 379
937 10324 9345 15418 9830 69 19591 9532 22962 19591 9532 321
938 3746 9163 4304 9322 24 13013 9350 16394 13013 9350 340
939 3770 7010 8864 7495 9 13700 9795 8784 13700 9795 579
940 1426 9934 8075 10256 152 10693 10121 38706 10693 10121 283
941 8574 7315 8954 7540 9 18504 10100 8791 18504 10100 411
942 8339 2467 9988 5333 8 18269 5252 5262 18269 5252 588
943 5428 5682 11476 9990 9 15358 8467 7589 15358 8467 522
944 5428 5682 14228 7772 12 15358 8467 7145 15358 8467 451
945 12423 10034 19123 10106 58 21690 10221 43322 21690 10221 277
946 14875 10225 14875 10225 108016 14875 10225 103723 14875 10225 278
947 7131 9433 8625 9986 35 16398 9620 24015 16398 9620 332
948 4804 9956 10678 10094 38 14071 10143 43426 14071 10143 277
949 7569 3030 9167 4124 9 17499 5815 5491 17499 5815 565
950 16569 7837 18035 8702 14 26306 10228 9987 26306 10228 445
951 7379 4969 14404 5604 29 17309 7754 6160 17309 7754 494
952 11793 7761 18493 7833 22 21530 10152 10638 21530 10152 416
953 6591 6360 14976 9890 12 16521 9145 7258 16521 9145 430
954 6406 8066 8340 9947 19 15897 9878 9993 15897 9878 360
955 10327 9968 16976 10290 74 19594 10155 37560 19594 10155 280
956 1529 6795 4954 9244 14 11459 9580 7670 11459 9580 403
957 4522 10024 10396 10162 117 13789 10211 45375 13789 10211 334
958 17084 7446 26351 7633 15 27014 10231 9024 27014 10231 403
959 5917 7490 9500 10197 33 15847 10275 9595 15847 10275 423
960 7838 5487 15500 6098 12 17768 8272 6883 17768 8272 503
961 724 7029 1918 8828 23 10654 9814 8700 10654 9814 461
962 9892 9516 19159 9703 18 19159 9703 23831 19159 9703 298
963 7866 2078 15435 5108 9 17796 4863 5519 17796 4863 741
964 9477 6757 13102 8463 22 19407 9542 7790 19407 9542 420
965 17567 8256 26036 9941 17 27058 10068 11208 27058 10068 353
966 21868 9817 31135 10004 9 31135 10004 35462 31135 10004 333
967 544 8574 6081 9696 11 9811 8761 13353 9811 8761 332
968 22015 9560 27923 9657 108 31282 9747 22136 31282 9747 378
969 7241 7618 12778 8740 14 16978 10009 9585 16978 10009 414
970 16939 10148 23639 10220 172 23639 10220 68250 23639 10220 276
971 20218 6969 20598 7194 19 30148 9754 7953 30148 9754 411
972 8832 7032 18762 9817 9 18762 9817 8749 18762 9817 432
973 1097 9826 1655 9985 93 10364 10013 42343 10364 10013 277
974 6466 9884 13166 9956 117 15733 10071 38009 15733 10071 285
975 25752 8938 33414 9549 42 35019 9125 14962 35019 9125 362
976 6377 4859 13402 5494 14 16307 7644 7109 16307 7644 528
977 7711 6390 11136 8839 15 17641 9175 7436 17641 9175 434
978 6698 8862 13398 8934 9 15965 9049 13483 15965 9049 363
979 17771 3413 25884 9536 9 27701 6198 5979 27701 6198 664
980 7962 9972 8342 10197 96 17229 10159 43673 17229 10159 278
981 6825 8422 8319 8975 11 16316 10234 11703 16316 10234 338
982 8783 8772 12701 9336 14 18050 8959 14932 18050 8959 327
983 21308 7789 27182 7927 29 31045 10180 9955 31045 10180 469
984 8216 9638 14865 9960 131 17483 9825 28422 17483 9825 292
985 8574 7315 14482 7412 19 18504 10100 8299 18504 10100 396
986 15349 9631 20443 10116 20 24616 9818 25382 24616 9818 297
987 7526 6791 13063 7913 12 17456 9576 8411 17456 9576 462
988 11615 9373 11995 9598 29 20882 9560 21771 20882 9560 376
989 5334 5715 15071 8106 14 15264 8500 7312 15264 8500 456
990 8569 6107 13907 7455 10 18499 8892 7027 18499 8892 513
991 8521 6446 12515 7813 27 18451 9231 7482 18451 9231 484
992 4416 9248 4974 9407 38 13683 9435 21675 13683 9435 333
993 8058 3213 14891 8783 10 17988 5998 5446 17988 5998 588
994 5331 9855 12031 9927 196 14598 10042 43722 14598 10042 284
995 17208 5374 24233 6009 14 27138 8159 6597 27138 8159 574
996 11486 8924 12417 9994 18 20753 9111 14619 20753 9111 323
997 821 7894 7357 9817 7 10558 10285 10891 10558 10285 374
998 2766 8882 10790 10168 7 12033 9069 14503 12033 9069 363
999 16906 9253 22618 10076 53 26173 9440 21489 26173 9440 300
