0 45259164 48849384 45785305 48927922 46258492 49028647 46259120 49226354 
1 50106750 48993847 50766384 49315885 51106366 49118296 51106706 49370817 
2 49846267 49222050 50671751 49365692 50846078 49270264 50846078 49270264 
3 53679294 49288747 54192754 49368858 54678910 49413196 54679105 49336961 
4 50586072 48652450 50667931 49235524 51586028 49029420 51586057 49408653 
5 47681185 48887243 48227424 49065940 48677377 48990863 48681141 49264213 
6 52150650 49262342 52214656 49367214 53149171 49275220 53150461 49310556 
7 44801224 49263837 44808627 49387759 45800840 49388286 45801035 49312051 
8 40551020 48688995 41100280 48956308 41550758 49192886 41550976 49065965 
9 45639839 49277317 46540316 49365351 46639650 49325531 46639650 49325531 
10 46827833 49257928 46985799 49372878 47827644 49306142 47827644 49306142 
11 58334177 49211747 58461803 49232364 59333298 49285507 59333988 49259961 
12 45645648 49203342 46541751 49413610 46645459 49251556 46645459 49251556 
13 55665103 49149182 56183060 49394224 56664431 49328445 56664914 49197396 
14 51259194 49286090 52198363 49376457 52259005 49334304 52259005 49334304 
15 48400565 49215423 49389978 49220423 49400376 49263637 49400376 49263637 
16 53682103 49310554 53893313 49388501 54681914 49358768 54681914 49358768 
17 48343755 48790593 49168863 48808302 49343083 48969856 49343711 49167563 
18 49634389 49073473 49971063 49175836 50633641 49404752 50634200 49121687 
19 49664571 49237692 50600790 49284894 50663899 49416955 50664382 49285906 
20 54591744 49171129 55422383 49408104 55591360 49295578 55591555 49219343 
21 47244488 48599618 47587387 49287009 48243750 49111016 48244473 49355821 
22 51774604 49303304 52493110 49318959 52773725 49377064 52774415 49351518 
23 47529458 49076154 48299636 49342534 48522977 49078442 48529269 49124368 
24 47140757 49177290 47468144 49373018 48140373 49301739 48140568 49225504 
25 42246652 49336844 42804062 49363446 43246463 49385058 43246463 49385058 
26 52626278 48648134 53258933 48795352 53625894 48772583 53626263 49404337 
27 49326457 49316086 49422818 49372306 50324978 49328964 50326268 49364300 
28 47275550 48884920 47511539 49040315 48274878 49064183 48275506 49261890 
29 50958676 48906792 51348468 49013955 51958632 49283762 51958632 49283762 
30 51425998 48780328 51872769 49185090 52425250 49111607 52425954 49157298 
31 53898785 48923833 54764505 49116018 54898401 49048282 54898741 49300803 
32 46091708 49080987 46818950 49167545 47091519 49129201 47091519 49129201 
33 41213690 49066425 41597914 49385105 42213501 49114639 42213501 49114639 
34 51023433 48840197 51727033 49297454 52022874 49398568 52023389 49217167 
35 50630007 48652816 50678639 48701679 51629992 49409019 51629992 49409019 
36 49118153 48646627 49508809 48705390 50118138 49402830 50118138 49402830 
37 43636348 49308375 43821114 49329904 44636159 49356589 44636159 49356589 
38 54488583 49319507 55207089 49335162 55488394 49367721 55488394 49367721 
39 47592588 49399302 48081146 49414404 48591109 49412180 48591109 49412180 
40 45566585 49265090 45747133 49376041 46566396 49313304 46566396 49313304 
41 48874567 48905036 49097686 49217823 49874183 49029485 49874523 49282006 
42 50373218 49343390 50702598 49381155 51372339 49417150 51373029 49391604 
43 50611569 49352609 51412527 49360105 51611380 49400823 51611380 49400823 
44 48849609 48651936 49818917 48957659 49849594 49408139 49849594 49408139 
45 47265743 48916475 47842398 49157146 48265359 49040924 48265699 49293445 
46 52574399 48764498 53072290 49079749 53572284 49068272 53574355 49141468 
47 41665602 48861843 42593142 49414042 42665558 49238813 42665558 49238813 
48 50069484 48743346 50539818 49051988 51068812 48922609 51069440 49120316 
49 44520896 49353312 44862309 49406648 45520707 49401526 45520707 49401526 
50 50363906 49259178 50809811 49286526 51360098 49362798 51363717 49307392 
51 45611423 48716830 46459279 49351901 46610675 49048109 46611379 49093800 
52 54546050 49304735 55109130 49325664 55545171 49378495 55545861 49352949 
53 47572497 49254291 48206756 49336262 48572113 49378740 48572308 49302505 
54 49010132 49106644 49547306 49284802 50009460 49285907 50009943 49154858 
55 47823739 49361393 48030139 49409845 48823550 49409607 48823550 49409607 
56 46930906 48906138 47024583 49125485 47927086 49388985 47930862 49283108 
57 47778849 49385045 48080917 49388895 48777370 49397923 48777370 49397923 
58 50860372 48870713 51742330 49202937 51860110 49374604 51860328 49247683 
59 42538734 49268583 43446017 49302626 43538545 49316797 43538545 49316797 
60 49470901 48754925 50033103 49230659 50470109 49360655 50470857 49131895 
61 46784898 48568116 47439905 49200003 47784883 49324319 47784883 49324319 
62 43765109 49018263 43766577 49219300 44764230 49092023 44765065 49395233 
63 48429004 48656544 49292813 49026775 49428445 49214915 49428989 49412747 
64 46235600 49230633 46929319 49418287 47235411 49278847 47235411 49278847 
65 52470479 48931998 52861228 49374112 53470290 48980212 53470435 49308968 
66 49666010 49132113 49951284 49379975 50665626 49256562 50665821 49180327 
67 49524525 48613372 49532453 48991920 50522410 48917146 50524510 49369575 
68 51579269 49063981 52039932 49244096 52578521 49395260 52579080 49112195 
69 47901871 49079716 48468844 49372507 48901487 49204165 48901682 49127930 
70 50562764 48897233 51290006 48983791 51561455 49028167 51562720 49274203 
71 51015850 49084991 51320363 49416230 52015178 49264254 52015661 49133205 
72 51208410 49155961 51580464 49317294 52208026 49280410 52208221 49204175 
73 52675056 48915924 53632053 48997377 53675012 49292894 53675012 49292894 
74 45110784 49218243 45327044 49251619 46110112 49397506 46110595 49266457 
75 49143726 48999560 49896674 49380480 50142417 49130494 50143682 49376530 
76 51117060 49404564 51606404 49409526 52115581 49417442 52115581 49417442 
77 48914496 49360945 49512756 49406220 49914307 49409159 49914307 49409159 
78 51229746 49215575 51595136 49239263 52229074 49394838 52229557 49263789 
79 54423857 48548132 54455049 48799948 55422378 48561010 55423842 49304335 
80 53804196 49284721 54209615 49301567 54803812 49409170 54804007 49332935 
81 54469911 48697776 54942701 48857116 55466378 49030513 55469867 49074746 
82 49607204 49267924 50582990 49332471 50607015 49316138 50607015 49316138 
83 43370611 49273898 43391378 49316941 44370422 49322112 44370422 49322112 
84 58964023 49309020 59932060 49378215 59963834 49357234 59963834 49357234 
85 57897866 49368208 57962356 49405196 58897677 49416422 58897677 49416422 
86 50622005 48781705 51449677 49003988 51621743 49285596 51621961 49158675 
87 46631442 49146764 47566807 49380491 47631253 49194978 47631253 49194978 
88 45108442 49183034 45513228 49291378 46104634 49286654 46108253 49231248 
89 50017441 48684523 50980243 49114219 51017397 49061493 51017397 49061493 
90 49933658 48855545 50581817 49238491 50933614 49232515 50933614 49232515 
91 43734854 49380835 44017296 49411614 44733375 49393713 44733375 49393713 
92 44638106 48547529 45435744 49325615 45637917 48595743 45638062 48924499 
93 54390455 49143204 54661390 49361190 55390071 49267653 55390266 49191418 
94 48110469 49268938 48351289 49333517 49109590 49342698 49110280 49317152 
95 48278162 49263116 49124056 49384005 49277778 49387565 49277973 49311330 
96 59165211 49189444 60165022 49237658 60165022 49237658 60165022 49237658 
97 51751702 49046335 52742941 49113141 52747975 49387747 52751513 49094549 
98 54548698 48436911 54595250 48670759 55548563 49307627 55548683 49193114 
99 56874694 49332096 57020528 49371306 57874505 49380310 57874505 49380310 
100 52300080 48900547 53029039 49057011 53299891 48948761 53300036 49277517 
101 46741803 49128370 47480430 49140246 47740324 49141248 47741614 49176584 
102 44944408 49216486 45296302 49383997 45943529 49290246 45944219 49264700 
103 50892670 49202639 51815448 49229420 51891361 49333573 51892481 49250853 
