0 2766 8882 9491 1812 22 22 9943 9895 10056 10056 
1 2766 8882 9711 6988 1006 1028 9943 9895 9834 19890 
2 2766 8882 9930 2785 101 1129 9943 9895 10345 30235 
3 2766 8882 9943 9895 2109 3238 9943 9895 10348 40583 
4 2766 8882 9943 9895 14997 18235 9943 9895 11000 51583 
5 2766 8882 9943 9895 9898 28133 9943 9895 11127 62710 
6 2766 8882 9943 9895 9880 38013 9943 9895 9828 72538 
7 2766 8882 9943 9895 9966 47979 9943 9895 9615 82153 
8 2766 8882 9943 9895 9127 57106 9943 9895 9130 91283 
9 2766 8882 9943 9895 9291 66397 9943 9895 9130 100413 
10 2766 8882 9943 9895 9701 76098 9943 9895 9784 110197 
11 2766 8882 9943 9895 9525 85623 9943 9895 9130 119327 
12 2766 8882 9943 9895 9938 95561 9943 9895 9062 128389 
13 2766 8882 9943 9895 10878 106439 9943 9895 10269 138658 
14 2766 8882 9943 9895 12359 118798 9943 9895 10490 149148 
15 2766 8882 9943 9895 10249 129047 9943 9895 10197 159345 
16 2766 8882 9943 9895 9318 138365 9943 9895 9983 169328 
17 2766 8882 9943 9895 10020 148385 9943 9895 9390 178718 
18 2766 8882 9943 9895 9488 157873 9943 9895 9542 188260 
19 2766 8882 9943 9895 9952 167825 9943 9895 9402 197662 
20 2766 8882 9943 9895 9443 177268 9943 9895 9750 207412 
21 2766 8882 9943 9895 10044 187312 9943 9895 9750 217162 
22 2766 8882 9943 9895 10069 197381 9943 9895 9489 226651 
23 2766 8882 9943 9895 11943 209324 9943 9895 10880 237531 
24 2766 8882 9943 9895 11429 220753 9943 9895 10516 248047 
25 2766 8882 9943 9895 9574 230327 9943 9895 9367 257414 
26 2766 8882 9943 9895 9457 239784 9943 9895 9262 266676 
27 2766 8882 9943 9895 9395 249179 9943 9895 9088 275764 
28 2766 8882 9943 9895 9313 258492 9943 9895 9248 285012 
29 2766 8882 9943 9895 10098 268590 9943 9895 9420 294432 
30 2766 8882 9943 9895 9456 278046 9943 9895 9615 304047 
31 2766 8882 9943 9895 10295 288341 9943 9895 9839 313886 
32 2766 8882 9943 9895 9199 297540 9943 9895 9236 323122 
33 2766 8882 9943 9895 9706 307246 9943 9895 8808 331930 
34 2766 8882 9943 9895 12330 319576 9943 9895 11977 343907 
35 2766 8882 9943 9895 9770 329346 9943 9895 9410 353317 
36 2766 8882 9943 9895 9531 338877 9943 9895 9342 362659 
37 2766 8882 9943 9895 9412 348289 9943 9895 9607 372266 
38 2766 8882 9943 9895 9662 357951 9943 9895 9370 381636 
39 2766 8882 9943 9895 9379 367330 9943 9895 9408 391044 
40 2766 8882 9943 9895 11301 378631 9943 9895 9410 400454 
41 2766 8882 9943 9895 9851 388482 9943 9895 9510 409964 
42 2766 8882 9943 9895 9664 398146 9943 9895 9368 419332 
43 2766 8882 9943 9895 9285 407431 9943 9895 9518 428850 
44 2766 8882 9943 9895 11624 419055 9943 9895 13557 442407 
45 2766 8882 9943 9895 9901 428956 9943 9895 9496 451903 
46 2766 8882 9943 9895 10506 439462 9943 9895 9164 461067 
47 2766 8882 9943 9895 9473 448935 9943 9895 9136 470203 
48 2766 8882 9943 9895 9277 458212 9943 9895 8921 479124 
49 2766 8882 9943 9895 9478 467690 9943 9895 8906 488030 
50 2766 8882 9943 9895 9403 477093 9943 9895 9559 497589 
51 2766 8882 9943 9895 10605 487698 9943 9895 9969 507558 
52 2766 8882 9943 9895 9500 497198 9943 9895 9236 516794 
53 2766 8882 9943 9895 9329 506527 9943 9895 9570 526364 
54 2766 8882 9943 9895 11026 517553 9943 9895 10797 537161 
55 2766 8882 9943 9895 11899 529452 9943 9895 9827 546988 
56 2766 8882 9943 9895 10100 539552 9943 9895 10335 557323 
57 2766 8882 9943 9895 10111 549663 9943 9895 10208 567531 
58 2766 8882 9943 9895 10143 559806 9943 9895 10379 577910 
59 2766 8882 9943 9895 10848 570654 9943 9895 9654 587564 
60 2766 8882 9943 9895 10726 581380 9943 9895 10963 598527 
61 2766 8882 9943 9895 10543 591923 9943 9895 10476 609003 
62 2766 8882 9943 9895 10279 602202 9943 9895 10291 619294 
63 2766 8882 9943 9895 11530 613732 9943 9895 11354 630648 
64 2766 8882 9943 9895 11984 625716 9943 9895 10555 641203 
65 2766 8882 9943 9895 10088 635804 9943 9895 9463 650666 
66 2766 8882 9943 9895 9725 645529 9943 9895 9575 660241 
67 2766 8882 9943 9895 9734 655263 9943 9895 9627 669868 
68 2766 8882 9943 9895 9587 664850 9943 9895 9104 678972 
69 2766 8882 9943 9895 9839 674689 9943 9895 9577 688549 
70 2766 8882 9943 9895 10195 684884 9943 9895 9202 697751 
71 2766 8882 9943 9895 10006 694890 9943 9895 9121 706872 
72 2766 8882 9943 9895 10189 705079 9943 9895 9250 716122 
73 2766 8882 9943 9895 9861 714940 9943 9895 10310 726432 
74 2766 8882 9943 9895 12269 727209 9943 9895 11254 737686 
75 2766 8882 9943 9895 11591 738800 9943 9895 9641 747327 
76 2766 8882 9943 9895 9944 748744 9943 9895 10357 757684 
77 2766 8882 9943 9895 9772 758516 9943 9895 10105 767789 
78 2766 8882 9943 9895 9946 768462 9943 9895 9345 777134 
79 2766 8882 9943 9895 9249 777711 9943 9895 9109 786243 
80 2766 8882 9943 9895 9535 787246 9943 9895 9864 796107 
81 2766 8882 9943 9895 12155 799401 9943 9895 10965 807072 
82 2766 8882 9943 9895 10950 810351 9943 9895 11173 818245 
83 2766 8882 9943 9895 11380 821731 9943 9895 12251 830496 
84 2766 8882 9943 9895 13338 835069 9943 9895 11051 841547 
85 2766 8882 9943 9895 10065 845134 9943 9895 11416 852963 
86 2766 8882 9943 9895 11086 856220 9943 9895 9261 862224 
87 2766 8882 9943 9895 10756 866976 9943 9895 10276 872500 
88 2766 8882 9943 9895 10159 877135 9943 9895 10851 883351 
89 2766 8882 9943 9895 9879 887014 9943 9895 11727 895078 
90 2766 8882 9943 9895 11955 898969 9943 9895 10152 905230 
91 2766 8882 9943 9895 11989 910958 9943 9895 11021 916251 
92 2766 8882 9943 9895 11185 922143 9943 9895 14104 930355 
93 2766 8882 9943 9895 11855 933998 9943 9895 11242 941597 
94 2766 8882 9943 9895 10126 944124 9943 9895 10328 951925 
95 2766 8882 9943 9895 10216 954340 9943 9895 9849 961774 
96 2766 8882 9943 9895 10892 965232 9943 9895 10007 971781 
97 2766 8882 9943 9895 11251 976483 9943 9895 11511 983292 
98 2766 8882 9943 9895 10856 987339 9943 9895 10963 994255 
99 2766 8882 9943 9895 11118 998457 9943 9895 10005 1.00426e+06 
100 2766 8882 9943 9895 12267 1.01072e+06 9943 9895 11043 1.0153e+06 
101 2766 8882 9943 9895 13713 1.02444e+06 9943 9895 16168 1.03147e+06 
102 2766 8882 9943 9895 16336 1.04077e+06 9943 9895 12179 1.04365e+06 
103 2766 8882 9943 9895 11816 1.05259e+06 9943 9895 12728 1.05638e+06 
104 2766 8882 9943 9895 10872 1.06346e+06 9943 9895 10643 1.06702e+06 
105 2766 8882 9943 9895 10863 1.07432e+06 9943 9895 11791 1.07881e+06 
106 2766 8882 9943 9895 10788 1.08511e+06 9943 9895 11746 1.09056e+06 
107 2766 8882 9943 9895 11427 1.09654e+06 9943 9895 9783 1.10034e+06 
108 2766 8882 9943 9895 10386 1.10692e+06 9943 9895 10822 1.11116e+06 
109 2766 8882 9943 9895 11783 1.11871e+06 9943 9895 11179 1.12234e+06 
110 2766 8882 9943 9895 13610 1.13232e+06 9943 9895 12118 1.13446e+06 
111 2766 8882 9943 9895 10618 1.14294e+06 9943 9895 11796 1.14626e+06 
112 2766 8882 9943 9895 10762 1.1537e+06 9943 9895 10180 1.15644e+06 
113 2766 8882 9943 9895 10782 1.16448e+06 9943 9895 9557 1.16599e+06 
114 2766 8882 9943 9895 10970 1.17545e+06 9943 9895 10281 1.17627e+06 
115 2766 8882 9943 9895 9714 1.18516e+06 9943 9895 10313 1.18659e+06 
116 2766 8882 9943 9895 10098 1.19526e+06 9943 9895 10666 1.19725e+06 
117 2766 8882 9943 9895 10371 1.20563e+06 9943 9895 9938 1.20719e+06 
118 2766 8882 9943 9895 10991 1.21662e+06 9943 9895 10583 1.21777e+06 
119 2766 8882 9943 9895 11435 1.22806e+06 9943 9895 13342 1.23112e+06 
120 2766 8882 9943 9895 11094 1.23915e+06 9943 9895 10088 1.2412e+06 
121 2766 8882 9943 9895 11721 1.25087e+06 9943 9895 10900 1.2521e+06 
122 2766 8882 9943 9895 9991 1.26086e+06 9943 9895 10435 1.26254e+06 
123 2766 8882 9943 9895 10237 1.2711e+06 9943 9895 10029 1.27257e+06 
124 2766 8882 9943 9895 10757 1.28186e+06 9943 9895 10008 1.28258e+06 
125 2766 8882 9943 9895 10667 1.29253e+06 9943 9895 10892 1.29347e+06 
126 2766 8882 9943 9895 11296 1.30382e+06 9943 9895 11121 1.30459e+06 
127 2766 8882 9943 9895 10987 1.31481e+06 9943 9895 9697 1.31429e+06 
128 2766 8882 9943 9895 12058 1.32687e+06 9943 9895 12803 1.32709e+06 
129 2766 8882 9943 9895 13185 1.34005e+06 9943 9895 10580 1.33767e+06 
130 2766 8882 9943 9895 9758 1.34981e+06 9943 9895 10161 1.34783e+06 
131 2766 8882 9943 9895 9608 1.35942e+06 9943 9895 9608 1.35744e+06 
132 2766 8882 9943 9895 9883 1.3693e+06 9943 9895 10807 1.36824e+06 
133 2766 8882 9943 9895 10339 1.37964e+06 9943 9895 9461 1.37771e+06 
134 2766 8882 9943 9895 9537 1.38918e+06 9943 9895 9469 1.38718e+06 
135 2766 8882 9943 9895 11264 1.40044e+06 9943 9895 10067 1.39724e+06 
136 2766 8882 9943 9895 10708 1.41115e+06 9943 9895 10851 1.40809e+06 
137 2766 8882 9943 9895 9668 1.42082e+06 9943 9895 11844 1.41994e+06 
138 2766 8882 9943 9895 10960 1.43178e+06 9943 9895 10527 1.43046e+06 
139 2766 8882 9943 9895 14004 1.44578e+06 9943 9895 11228 1.44169e+06 
140 2766 8882 9943 9895 9768 1.45555e+06 9943 9895 10846 1.45254e+06 
141 2766 8882 9943 9895 11371 1.46692e+06 9943 9895 9454 1.46199e+06 
142 2766 8882 9943 9895 11290 1.47821e+06 9943 9895 10291 1.47228e+06 
143 2766 8882 9943 9895 9794 1.488e+06 9943 9895 10915 1.4832e+06 
144 2766 8882 9943 9895 11034 1.49904e+06 9943 9895 10420 1.49362e+06 
145 2766 8882 9943 9895 11113 1.51015e+06 9943 9895 9857 1.50348e+06 
146 2766 8882 9943 9895 11465 1.52162e+06 9943 9895 11314 1.51479e+06 
147 2766 8882 9943 9895 12549 1.53416e+06 9943 9895 13564 1.52835e+06 
148 2766 8882 9943 9895 9835 1.544e+06 9943 9895 10051 1.5384e+06 
149 2766 8882 9943 9895 9678 1.55368e+06 9943 9895 10046 1.54845e+06 
150 2766 8882 9943 9895 9683 1.56336e+06 9943 9895 9586 1.55804e+06 
151 2766 8882 9943 9895 9424 1.57278e+06 9943 9895 9594 1.56763e+06 
152 2766 8882 9943 9895 9754 1.58254e+06 9943 9895 9886 1.57752e+06 
153 2766 8882 9943 9895 11474 1.59401e+06 9943 9895 11717 1.58923e+06 
154 2766 8882 9943 9895 10014 1.60403e+06 9943 9895 12118 1.60135e+06 
155 2766 8882 9943 9895 10608 1.61464e+06 9943 9895 9661 1.61101e+06 
156 2766 8882 9943 9895 11530 1.62616e+06 9943 9895 12229 1.62324e+06 
157 2766 8882 9943 9895 11685 1.63785e+06 9943 9895 11718 1.63496e+06 
158 2766 8882 9943 9895 11673 1.64952e+06 9943 9895 10473 1.64543e+06 
159 2766 8882 9943 9895 11453 1.66098e+06 9943 9895 10122 1.65555e+06 
160 2766 8882 9943 9895 9411 1.67039e+06 9943 9895 10435 1.66599e+06 
161 2766 8882 9943 9895 11727 1.68211e+06 9943 9895 9574 1.67556e+06 
162 2766 8882 9943 9895 10534 1.69265e+06 9943 9895 9983 1.68555e+06 
163 2766 8882 9943 9895 10114 1.70276e+06 9943 9895 10637 1.69618e+06 
164 2766 8882 9943 9895 9922 1.71268e+06 9943 9895 10183 1.70637e+06 
165 2766 8882 9943 9895 9778 1.72246e+06 9943 9895 12482 1.71885e+06 
166 2766 8882 9943 9895 13880 1.73634e+06 9943 9895 10621 1.72947e+06 
167 2766 8882 9943 9895 10476 1.74682e+06 9943 9895 10908 1.74038e+06 
168 2766 8882 9943 9895 10595 1.75741e+06 9943 9895 10095 1.75047e+06 
169 2766 8882 9943 9895 11125 1.76854e+06 9943 9895 9651 1.76012e+06 
170 2766 8882 9943 9895 10595 1.77913e+06 9943 9895 10014 1.77014e+06 
171 2766 8882 9943 9895 10850 1.78998e+06 9943 9895 11410 1.78155e+06 
172 2766 8882 9943 9895 11239 1.80122e+06 9943 9895 10710 1.79226e+06 
173 2766 8882 9943 9895 10619 1.81184e+06 9943 9895 10367 1.80262e+06 
174 2766 8882 9943 9895 10748 1.82259e+06 9943 9895 11118 1.81374e+06 
175 2766 8882 9943 9895 10757 1.83335e+06 9943 9895 11158 1.8249e+06 
176 2766 8882 9943 9895 13036 1.84638e+06 9943 9895 10911 1.83581e+06 
177 2766 8882 9943 9895 10759 1.85714e+06 9943 9895 11117 1.84693e+06 
178 2766 8882 9943 9895 10853 1.86799e+06 9943 9895 10374 1.8573e+06 
179 2766 8882 9943 9895 11564 1.87956e+06 9943 9895 9808 1.86711e+06 
180 2766 8882 9943 9895 10625 1.89018e+06 9943 9895 10990 1.8781e+06 
181 2766 8882 9943 9895 10259 1.90044e+06 9943 9895 10169 1.88827e+06 
182 2766 8882 9943 9895 9937 1.91038e+06 9943 9895 10003 1.89827e+06 
183 2766 8882 9943 9895 9891 1.92027e+06 9943 9895 9792 1.90806e+06 
184 2766 8882 9943 9895 10580 1.93085e+06 9943 9895 11775 1.91984e+06 
185 2766 8882 9943 9895 10158 1.94101e+06 9943 9895 9400 1.92924e+06 
186 2766 8882 9943 9895 10340 1.95135e+06 9943 9895 9645 1.93888e+06 
187 2766 8882 9943 9895 10329 1.96168e+06 9943 9895 9896 1.94878e+06 
188 2766 8882 9943 9895 9659 1.97134e+06 9943 9895 10561 1.95934e+06 
189 2766 8882 9943 9895 9737 1.98107e+06 9943 9895 9719 1.96906e+06 
190 2766 8882 9943 9895 12761 1.99383e+06 9943 9895 10891 1.97995e+06 
191 2766 8882 9943 9895 10069 2.0039e+06 9943 9895 10275 1.99023e+06 
192 2766 8882 9943 9895 9829 2.01373e+06 9943 9895 9601 1.99983e+06 
193 2766 8882 9943 9895 9665 2.0234e+06 9943 9895 10802 2.01063e+06 
194 2766 8882 9943 9895 12396 2.03579e+06 9943 9895 11463 2.02209e+06 
195 2766 8882 9943 9895 10003 2.0458e+06 9943 9895 9901 2.03199e+06 
196 2766 8882 9943 9895 9821 2.05562e+06 9943 9895 9830 2.04182e+06 
197 2766 8882 9943 9895 9697 2.06531e+06 9943 9895 9392 2.05122e+06 
198 2766 8882 9943 9895 9671 2.07498e+06 9943 9895 9350 2.06056e+06 
199 2766 8882 9943 9895 10217 2.0852e+06 9943 9895 9539 2.0701e+06 
200 2766 8882 9943 9895 9746 2.09495e+06 9943 9895 9364 2.07947e+06 
201 2766 8882 9943 9895 10047 2.105e+06 9943 9895 9831 2.0893e+06 
202 2766 8882 9943 9895 9601 2.1146e+06 9943 9895 9772 2.09907e+06 
203 2766 8882 9943 9895 9381 2.12398e+06 9943 9895 11318 2.11039e+06 
204 2766 8882 9943 9895 12323 2.1363e+06 9943 9895 11168 2.12156e+06 
205 2766 8882 9943 9895 10051 2.14635e+06 9943 9895 9858 2.13142e+06 
206 2766 8882 9943 9895 9815 2.15617e+06 9943 9895 9660 2.14108e+06 
207 2766 8882 9943 9895 9521 2.16569e+06 9943 9895 9174 2.15025e+06 
208 2766 8882 9943 9895 9382 2.17507e+06 9943 9895 9199 2.15945e+06 
209 2766 8882 9943 9895 9514 2.18458e+06 9943 9895 9682 2.16913e+06 
210 2766 8882 9943 9895 10355 2.19494e+06 9943 9895 9326 2.17846e+06 
211 2766 8882 9943 9895 10332 2.20527e+06 9943 9895 9848 2.1883e+06 
212 2766 8882 9943 9895 10122 2.21539e+06 9943 9895 9945 2.19825e+06 
213 2766 8882 9943 9895 10232 2.22562e+06 9943 9895 12306 2.21056e+06 
214 2766 8882 9943 9895 11604 2.23723e+06 9943 9895 11093 2.22165e+06 
215 2766 8882 9943 9895 9700 2.24693e+06 9943 9895 10197 2.23184e+06 
216 2766 8882 9943 9895 10840 2.25777e+06 9943 9895 9756 2.2416e+06 
217 2766 8882 9943 9895 10273 2.26804e+06 9943 9895 9486 2.25109e+06 
218 2766 8882 9943 9895 10190 2.27823e+06 9943 9895 9643 2.26073e+06 
219 2766 8882 9943 9895 9654 2.28788e+06 9943 9895 9579 2.27031e+06 
220 2766 8882 9943 9895 9855 2.29774e+06 9943 9895 9870 2.28018e+06 
221 2766 8882 9943 9895 10807 2.30855e+06 9943 9895 10318 2.2905e+06 
222 2766 8882 9943 9895 9921 2.31847e+06 9943 9895 9548 2.30004e+06 
223 2766 8882 9943 9895 11022 2.32949e+06 9943 9895 11739 2.31178e+06 
224 2766 8882 9943 9895 11787 2.34128e+06 9943 9895 9613 2.3214e+06 
225 2766 8882 9943 9895 9945 2.35122e+06 9943 9895 9338 2.33074e+06 
226 2766 8882 9943 9895 9850 2.36107e+06 9943 9895 9338 2.34007e+06 
227 2766 8882 9943 9895 10283 2.37136e+06 9943 9895 10248 2.35032e+06 
228 2766 8882 9943 9895 10649 2.382e+06 9943 9895 9904 2.36022e+06 
229 2766 8882 9943 9895 9836 2.39184e+06 9943 9895 9845 2.37007e+06 
230 2766 8882 9943 9895 9510 2.40135e+06 9943 9895 9577 2.37965e+06 
231 2766 8882 9943 9895 9624 2.41097e+06 9943 9895 10100 2.38975e+06 
232 2766 8882 9943 9895 11302 2.42228e+06 9943 9895 9609 2.39936e+06 
233 2766 8882 9943 9895 10973 2.43325e+06 9943 9895 11406 2.41076e+06 
234 2766 8882 9943 9895 11420 2.44467e+06 9943 9895 9730 2.42049e+06 
235 2766 8882 9943 9895 9816 2.45448e+06 9943 9895 9606 2.4301e+06 
236 2766 8882 9943 9895 10427 2.46491e+06 9943 9895 9847 2.43994e+06 
237 2766 8882 9943 9895 10321 2.47523e+06 9943 9895 9986 2.44993e+06 
238 2766 8882 9943 9895 10787 2.48602e+06 9943 9895 10731 2.46066e+06 
239 2766 8882 9943 9895 10293 2.49631e+06 9943 9895 10379 2.47104e+06 
240 2766 8882 9943 9895 10892 2.5072e+06 9943 9895 9810 2.48085e+06 
241 2766 8882 9943 9895 10218 2.51742e+06 9943 9895 10017 2.49087e+06 
242 2766 8882 9943 9895 10103 2.52753e+06 9943 9895 10274 2.50114e+06 
243 2766 8882 9943 9895 11292 2.53882e+06 9943 9895 11982 2.51312e+06 
244 2766 8882 9943 9895 9933 2.54875e+06 9943 9895 9733 2.52286e+06 
245 2766 8882 9943 9895 9679 2.55843e+06 9943 9895 9263 2.53212e+06 
246 2766 8882 9943 9895 10311 2.56874e+06 9943 9895 9701 2.54182e+06 
247 2766 8882 9943 9895 10068 2.57881e+06 9943 9895 10050 2.55187e+06 
248 2766 8882 9943 9895 10100 2.58891e+06 9943 9895 10357 2.56223e+06 
249 2766 8882 9943 9895 9834 2.59874e+06 9943 9895 9516 2.57174e+06 
250 2766 8882 9943 9895 9904 2.60865e+06 9943 9895 9965 2.58171e+06 
251 2766 8882 9943 9895 9751 2.6184e+06 9943 9895 9703 2.59141e+06 
252 2766 8882 9943 9895 9615 2.62801e+06 9943 9895 10109 2.60152e+06 
253 2766 8882 9943 9895 11979 2.63999e+06 9943 9895 11887 2.61341e+06 
254 2766 8882 9943 9895 9827 2.64982e+06 9943 9895 9894 2.6233e+06 
255 2766 8882 9943 9895 9868 2.65969e+06 9943 9895 9471 2.63277e+06 
256 2766 8882 9943 9895 9553 2.66924e+06 9943 9895 9238 2.64201e+06 
257 2766 8882 9943 9895 9422 2.67866e+06 9943 9895 9161 2.65117e+06 
258 2766 8882 9943 9895 9463 2.68812e+06 9943 9895 9525 2.6607e+06 
259 2766 8882 9943 9895 9915 2.69804e+06 9943 9895 9618 2.67032e+06 
260 2766 8882 9943 9895 10116 2.70816e+06 9943 9895 10031 2.68035e+06 
261 2766 8882 9943 9895 9757 2.71791e+06 9943 9895 9118 2.68946e+06 
262 2766 8882 9943 9895 9534 2.72745e+06 9943 9895 9320 2.69878e+06 
263 2766 8882 9943 9895 10744 2.73819e+06 9943 9895 10552 2.70934e+06 
264 2766 8882 9943 9895 11203 2.74939e+06 9943 9895 9261 2.7186e+06 
265 2766 8882 9943 9895 10263 2.75966e+06 9943 9895 9372 2.72797e+06 
266 2766 8882 9943 9895 9553 2.76921e+06 9943 9895 9526 2.7375e+06 
267 2766 8882 9943 9895 9570 2.77878e+06 9943 9895 9409 2.7469e+06 
268 2766 8882 9943 9895 9632 2.78841e+06 9943 9895 9251 2.75616e+06 
269 2766 8882 9943 9895 9759 2.79817e+06 9943 9895 9343 2.7655e+06 
270 2766 8882 9943 9895 9820 2.80799e+06 9943 9895 10122 2.77562e+06 
271 2766 8882 9943 9895 11346 2.81934e+06 9943 9895 10528 2.78615e+06 
272 2766 8882 9943 9895 10562 2.8299e+06 9943 9895 10785 2.79693e+06 
273 2766 8882 9943 9895 10699 2.8406e+06 9943 9895 12822 2.80976e+06 
274 2766 8882 9943 9895 10982 2.85158e+06 9943 9895 9678 2.81943e+06 
275 2766 8882 9943 9895 10467 2.86205e+06 9943 9895 10140 2.82957e+06 
276 2766 8882 9943 9895 10257 2.8723e+06 9943 9895 10293 2.83987e+06 
277 2766 8882 9943 9895 9613 2.88192e+06 9943 9895 10571 2.85044e+06 
278 2766 8882 9943 9895 10509 2.89243e+06 9943 9895 9841 2.86028e+06 
279 2766 8882 9943 9895 11339 2.90376e+06 9943 9895 10445 2.87072e+06 
280 2766 8882 9943 9895 10409 2.91417e+06 9943 9895 11159 2.88188e+06 
281 2766 8882 9943 9895 10617 2.92479e+06 9943 9895 10050 2.89193e+06 
282 2766 8882 9943 9895 11581 2.93637e+06 9943 9895 11394 2.90333e+06 
283 2766 8882 9943 9895 13369 2.94974e+06 9943 9895 10308 2.91363e+06 
284 2766 8882 9943 9895 10688 2.96043e+06 9943 9895 10089 2.92372e+06 
285 2766 8882 9943 9895 10929 2.97136e+06 9943 9895 9243 2.93297e+06 
286 2766 8882 9943 9895 10746 2.9821e+06 9943 9895 10112 2.94308e+06 
287 2766 8882 9943 9895 10103 2.99221e+06 9943 9895 10481 2.95356e+06 
288 2766 8882 9943 9895 10525 3.00273e+06 9943 9895 9731 2.96329e+06 
289 2766 8882 9943 9895 10787 3.01352e+06 9943 9895 10091 2.97338e+06 
290 2766 8882 9943 9895 11289 3.02481e+06 9943 9895 10456 2.98384e+06 
291 2766 8882 9943 9895 9934 3.03474e+06 9943 9895 13065 2.9969e+06 
292 2766 8882 9943 9895 13085 3.04783e+06 9943 9895 10792 3.00769e+06 
293 2766 8882 9943 9895 9968 3.0578e+06 9943 9895 10259 3.01795e+06 
294 2766 8882 9943 9895 10625 3.06842e+06 9943 9895 10151 3.0281e+06 
295 2766 8882 9943 9895 9973 3.07839e+06 9943 9895 9455 3.03756e+06 
296 2766 8882 9943 9895 9464 3.08786e+06 9943 9895 9569 3.04713e+06 
297 2766 8882 9943 9895 10018 3.09788e+06 9943 9895 9356 3.05648e+06 
298 2766 8882 9943 9895 10023 3.1079e+06 9943 9895 9477 3.06596e+06 
299 2766 8882 9943 9895 9607 3.1175e+06 9943 9895 9474 3.07544e+06 
300 2766 8882 9943 9895 9644 3.12715e+06 9943 9895 9408 3.08484e+06 
301 2766 8882 9943 9895 9743 3.13689e+06 9943 9895 10676 3.09552e+06 
302 2766 8882 9943 9895 11648 3.14854e+06 9943 9895 10018 3.10554e+06 
303 2766 8882 9943 9895 9941 3.15848e+06 9943 9895 10381 3.11592e+06 
304 2766 8882 9943 9895 9794 3.16828e+06 9943 9895 9535 3.12545e+06 
305 2766 8882 9943 9895 10105 3.17838e+06 9943 9895 9556 3.13501e+06 
306 2766 8882 9943 9895 9624 3.188e+06 9943 9895 10069 3.14508e+06 
307 2766 8882 9943 9895 9664 3.19767e+06 9943 9895 9756 3.15483e+06 
308 2766 8882 9943 9895 10624 3.20829e+06 9943 9895 9386 3.16422e+06 
309 2766 8882 9943 9895 9976 3.21827e+06 9943 9895 12558 3.17678e+06 
310 2766 8882 9943 9895 10948 3.22922e+06 9943 9895 10961 3.18774e+06 
311 2766 8882 9943 9895 12444 3.24166e+06 9943 9895 13125 3.20086e+06 
312 2766 8882 9943 9895 11905 3.25356e+06 9943 9895 10308 3.21117e+06 
313 2766 8882 9943 9895 9821 3.26339e+06 9943 9895 9763 3.22094e+06 
314 2766 8882 9943 9895 10688 3.27407e+06 9943 9895 9893 3.23083e+06 
315 2766 8882 9943 9895 9249 3.28332e+06 9943 9895 9439 3.24027e+06 
316 2766 8882 9943 9895 10938 3.29426e+06 9943 9895 9841 3.25011e+06 
317 2766 8882 9943 9895 9325 3.30359e+06 9943 9895 9554 3.25966e+06 
318 2766 8882 9943 9895 10662 3.31425e+06 9943 9895 11057 3.27072e+06 
319 2766 8882 9943 9895 11599 3.32585e+06 9943 9895 11839 3.28256e+06 
320 2766 8882 9943 9895 10068 3.33592e+06 9943 9895 11935 3.29449e+06 
321 2766 8882 9943 9895 12611 3.34853e+06 9943 9895 12663 3.30716e+06 
322 2766 8882 9943 9895 9974 3.3585e+06 9943 9895 10820 3.31798e+06 
323 2766 8882 9943 9895 11788 3.37029e+06 9943 9895 10827 3.3288e+06 
324 2766 8882 9943 9895 11461 3.38175e+06 9943 9895 10677 3.33948e+06 
325 2766 8882 9943 9895 12624 3.39437e+06 9943 9895 12851 3.35233e+06 
326 2766 8882 9943 9895 10609 3.40498e+06 9943 9895 9877 3.36221e+06 
327 2766 8882 9943 9895 10619 3.4156e+06 9943 9895 10255 3.37246e+06 
328 2766 8882 9943 9895 10526 3.42613e+06 9943 9895 10364 3.38283e+06 
329 2766 8882 9943 9895 10356 3.43648e+06 9943 9895 11428 3.39426e+06 
330 2766 8882 9943 9895 12062 3.44854e+06 9943 9895 9921 3.40418e+06 
331 2766 8882 9943 9895 9378 3.45792e+06 9943 9895 9457 3.41363e+06 
332 2766 8882 9943 9895 9593 3.46752e+06 9943 9895 9316 3.42295e+06 
333 2766 8882 9943 9895 9948 3.47746e+06 9943 9895 9552 3.4325e+06 
334 2766 8882 9943 9895 10354 3.48782e+06 9943 9895 9947 3.44245e+06 
335 2766 8882 9943 9895 9704 3.49752e+06 9943 9895 9959 3.45241e+06 
336 2766 8882 9943 9895 10334 3.50786e+06 9943 9895 9782 3.46219e+06 
337 2766 8882 9943 9895 10431 3.51829e+06 9943 9895 9629 3.47182e+06 
338 2766 8882 9943 9895 9835 3.52812e+06 9943 9895 9324 3.48114e+06 
339 2766 8882 9943 9895 10755 3.53888e+06 9943 9895 11826 3.49297e+06 
340 2766 8882 9943 9895 11764 3.55064e+06 9943 9895 10452 3.50342e+06 
341 2766 8882 9943 9895 9635 3.56028e+06 9943 9895 10371 3.51379e+06 
342 2766 8882 9943 9895 9734 3.57001e+06 9943 9895 9438 3.52323e+06 
343 2766 8882 9943 9895 10179 3.58019e+06 9943 9895 9196 3.53242e+06 
344 2766 8882 9943 9895 9715 3.5899e+06 9943 9895 9463 3.54189e+06 
345 2766 8882 9943 9895 10483 3.60039e+06 9943 9895 9688 3.55158e+06 
346 2766 8882 9943 9895 10097 3.61048e+06 9943 9895 9807 3.56138e+06 
347 2766 8882 9943 9895 10559 3.62104e+06 9943 9895 9628 3.57101e+06 
348 2766 8882 9943 9895 10347 3.63139e+06 9943 9895 9629 3.58064e+06 
349 2766 8882 9943 9895 10019 3.64141e+06 9943 9895 11222 3.59186e+06 
350 2766 8882 9943 9895 11721 3.65313e+06 9943 9895 9882 3.60174e+06 
351 2766 8882 9943 9895 9731 3.66286e+06 9943 9895 9954 3.6117e+06 
352 2766 8882 9943 9895 9909 3.67277e+06 9943 9895 9597 3.6213e+06 
353 2766 8882 9943 9895 9554 3.68232e+06 9943 9895 9278 3.63057e+06 
354 2766 8882 9943 9895 9354 3.69168e+06 9943 9895 9431 3.64e+06 
355 2766 8882 9943 9895 9844 3.70152e+06 9943 9895 9302 3.64931e+06 
356 2766 8882 9943 9895 10688 3.71221e+06 9943 9895 9748 3.65905e+06 
357 2766 8882 9943 9895 9869 3.72208e+06 9943 9895 9524 3.66858e+06 
358 2766 8882 9943 9895 9663 3.73174e+06 9943 9895 9974 3.67855e+06 
359 2766 8882 9943 9895 9845 3.74159e+06 9943 9895 10103 3.68866e+06 
360 2766 8882 9943 9895 11951 3.75354e+06 9943 9895 10339 3.69899e+06 
361 2766 8882 9943 9895 10210 3.76375e+06 9943 9895 10057 3.70905e+06 
362 2766 8882 9943 9895 10511 3.77426e+06 9943 9895 9606 3.71866e+06 
363 2766 8882 9943 9895 9722 3.78398e+06 9943 9895 9008 3.72766e+06 
364 2766 8882 9943 9895 10105 3.79409e+06 9943 9895 9830 3.7375e+06 
365 2766 8882 9943 9895 9661 3.80375e+06 9943 9895 9656 3.74715e+06 
366 2766 8882 9943 9895 10312 3.81406e+06 9943 9895 10259 3.75741e+06 
367 2766 8882 9943 9895 10861 3.82492e+06 9943 9895 9869 3.76728e+06 
368 2766 8882 9943 9895 10184 3.8351e+06 9943 9895 9747 3.77703e+06 
369 2766 8882 9943 9895 10742 3.84585e+06 9943 9895 10444 3.78747e+06 
370 2766 8882 9943 9895 11814 3.85766e+06 9943 9895 9562 3.79703e+06 
371 2766 8882 9943 9895 10696 3.86836e+06 9943 9895 9715 3.80675e+06 
372 2766 8882 9943 9895 9693 3.87805e+06 9943 9895 10394 3.81714e+06 
373 2766 8882 9943 9895 10069 3.88812e+06 9943 9895 9911 3.82705e+06 
374 2766 8882 9943 9895 10463 3.89858e+06 9943 9895 9588 3.83664e+06 
375 2766 8882 9943 9895 9767 3.90835e+06 9943 9895 9982 3.84662e+06 
376 2766 8882 9943 9895 10450 3.9188e+06 9943 9895 9422 3.85604e+06 
377 2766 8882 9943 9895 9767 3.92856e+06 9943 9895 9220 3.86526e+06 
378 2766 8882 9943 9895 9990 3.93856e+06 9943 9895 9732 3.875e+06 
379 2766 8882 9943 9895 11202 3.94976e+06 9943 9895 10831 3.88583e+06 
380 2766 8882 9943 9895 10814 3.96057e+06 9943 9895 9707 3.89553e+06 
381 2766 8882 9943 9895 10483 3.97105e+06 9943 9895 10340 3.90587e+06 
382 2766 8882 9943 9895 10022 3.98108e+06 9943 9895 9506 3.91538e+06 
383 2766 8882 9943 9895 9745 3.99082e+06 9943 9895 9523 3.9249e+06 
384 2766 8882 9943 9895 9868 4.00069e+06 9943 9895 9999 3.9349e+06 
385 2766 8882 9943 9895 9898 4.01059e+06 9943 9895 9675 3.94458e+06 
386 2766 8882 9943 9895 9723 4.02031e+06 9943 9895 9665 3.95424e+06 
387 2766 8882 9943 9895 10060 4.03037e+06 9943 9895 9434 3.96368e+06 
388 2766 8882 9943 9895 9494 4.03986e+06 9943 9895 9531 3.97321e+06 
389 2766 8882 9943 9895 11626 4.05149e+06 9943 9895 11409 3.98462e+06 
390 2766 8882 9943 9895 10944 4.06243e+06 9943 9895 9685 3.9943e+06 
391 2766 8882 9943 9895 10100 4.07253e+06 9943 9895 9234 4.00354e+06 
392 2766 8882 9943 9895 9960 4.08249e+06 9943 9895 10034 4.01357e+06 
393 2766 8882 9943 9895 9691 4.09218e+06 9943 9895 9334 4.0229e+06 
394 2766 8882 9943 9895 10268 4.10245e+06 9943 9895 9545 4.03245e+06 
395 2766 8882 9943 9895 10618 4.11307e+06 9943 9895 11226 4.04367e+06 
396 2766 8882 9943 9895 9587 4.12266e+06 9943 9895 10402 4.05408e+06 
397 2766 8882 9943 9895 10370 4.13303e+06 9943 9895 9784 4.06386e+06 
398 2766 8882 9943 9895 11477 4.1445e+06 9943 9895 10925 4.07478e+06 
399 2766 8882 9943 9895 11887 4.15639e+06 9943 9895 11929 4.08671e+06 
400 2766 8882 9943 9895 11254 4.16765e+06 9943 9895 10813 4.09753e+06 
401 2766 8882 9943 9895 10190 4.17784e+06 9943 9895 10473 4.108e+06 
402 2766 8882 9943 9895 9970 4.18781e+06 9943 9895 10889 4.11889e+06 
403 2766 8882 9943 9895 10388 4.19819e+06 9943 9895 9968 4.12886e+06 
404 2766 8882 9943 9895 10321 4.20852e+06 9943 9895 9711 4.13857e+06 
405 2766 8882 9943 9895 9939 4.21845e+06 9943 9895 9437 4.148e+06 
406 2766 8882 9943 9895 10352 4.22881e+06 9943 9895 9762 4.15777e+06 
407 2766 8882 9943 9895 9738 4.23854e+06 9943 9895 9574 4.16734e+06 
408 2766 8882 9943 9895 10029 4.24857e+06 9943 9895 10801 4.17814e+06 
409 2766 8882 9943 9895 11511 4.26008e+06 9943 9895 9678 4.18782e+06 
410 2766 8882 9943 9895 10810 4.27089e+06 9943 9895 11127 4.19895e+06 
411 2766 8882 9943 9895 10490 4.28138e+06 9943 9895 10395 4.20934e+06 
412 2766 8882 9943 9895 10939 4.29232e+06 9943 9895 9964 4.21931e+06 
413 2766 8882 9943 9895 10890 4.30321e+06 9943 9895 10316 4.22962e+06 
414 2766 8882 9943 9895 10388 4.3136e+06 9943 9895 10651 4.24027e+06 
415 2766 8882 9943 9895 10332 4.32393e+06 9943 9895 10802 4.25108e+06 
416 2766 8882 9943 9895 10620 4.33455e+06 9943 9895 10246 4.26132e+06 
417 2766 8882 9943 9895 11371 4.34592e+06 9943 9895 11083 4.2724e+06 
418 2766 8882 9943 9895 12334 4.35826e+06 9943 9895 11772 4.28418e+06 
419 2766 8882 9943 9895 10079 4.36834e+06 9943 9895 9906 4.29408e+06 
420 2766 8882 9943 9895 11904 4.38024e+06 9943 9895 11029 4.30511e+06 
421 2766 8882 9943 9895 10150 4.39039e+06 9943 9895 10351 4.31546e+06 
422 2766 8882 9943 9895 10214 4.4006e+06 9943 9895 9521 4.32498e+06 
423 2766 8882 9943 9895 9919 4.41052e+06 9943 9895 10197 4.33518e+06 
424 2766 8882 9943 9895 9955 4.42048e+06 9943 9895 9779 4.34496e+06 
425 2766 8882 9943 9895 10257 4.43074e+06 9943 9895 10423 4.35538e+06 
426 2766 8882 9943 9895 10214 4.44095e+06 9943 9895 9964 4.36535e+06 
427 2766 8882 9943 9895 11966 4.45292e+06 9943 9895 11636 4.37698e+06 
428 2766 8882 9943 9895 13268 4.46618e+06 9943 9895 10632 4.38761e+06 
429 2766 8882 9943 9895 11387 4.47757e+06 9943 9895 9798 4.39741e+06 
430 2766 8882 9943 9895 10117 4.48769e+06 9943 9895 10574 4.40799e+06 
431 2766 8882 9943 9895 10307 4.498e+06 9943 9895 10704 4.41869e+06 
432 2766 8882 9943 9895 10142 4.50814e+06 9943 9895 9841 4.42853e+06 
433 2766 8882 9943 9895 10858 4.519e+06 9943 9895 9930 4.43846e+06 
434 2766 8882 9943 9895 10647 4.52964e+06 9943 9895 10673 4.44913e+06 
435 2766 8882 9943 9895 10531 4.54017e+06 9943 9895 9834 4.45897e+06 
436 2766 8882 9943 9895 9648 4.54982e+06 9943 9895 12265 4.47123e+06 
437 2766 8882 9943 9895 12555 4.56238e+06 9943 9895 11768 4.483e+06 
438 2766 8882 9943 9895 10654 4.57303e+06 9943 9895 10728 4.49373e+06 
439 2766 8882 9943 9895 11432 4.58446e+06 9943 9895 10163 4.50389e+06 
440 2766 8882 9943 9895 10391 4.59485e+06 9943 9895 9914 4.51381e+06 
441 2766 8882 9943 9895 10817 4.60567e+06 9943 9895 10338 4.52414e+06 
442 2766 8882 9943 9895 10376 4.61605e+06 9943 9895 9744 4.53389e+06 
443 2766 8882 9943 9895 9910 4.62596e+06 9943 9895 9813 4.5437e+06 
444 2766 8882 9943 9895 9700 4.63566e+06 9943 9895 9801 4.5535e+06 
445 2766 8882 9943 9895 9662 4.64532e+06 9943 9895 9395 4.5629e+06 
446 2766 8882 9943 9895 10617 4.65594e+06 9943 9895 10859 4.57376e+06 
447 2766 8882 9943 9895 11739 4.66767e+06 9943 9895 10263 4.58402e+06 
448 2766 8882 9943 9895 9753 4.67743e+06 9943 9895 10346 4.59436e+06 
449 2766 8882 9943 9895 9626 4.68705e+06 9943 9895 9592 4.60396e+06 
450 2766 8882 9943 9895 9685 4.69674e+06 9943 9895 9105 4.61306e+06 
451 2766 8882 9943 9895 9917 4.70666e+06 9943 9895 9506 4.62257e+06 
452 2766 8882 9943 9895 9779 4.71643e+06 9943 9895 9546 4.63211e+06 
453 2766 8882 9943 9895 10543 4.72698e+06 9943 9895 10057 4.64217e+06 
454 2766 8882 9943 9895 9893 4.73687e+06 9943 9895 9639 4.65181e+06 
455 2766 8882 9943 9895 9949 4.74682e+06 9943 9895 9282 4.66109e+06 
456 2766 8882 9943 9895 11964 4.75878e+06 9943 9895 12585 4.67368e+06 
457 2766 8882 9943 9895 11316 4.7701e+06 9943 9895 10167 4.68384e+06 
458 2766 8882 9943 9895 10415 4.78051e+06 9943 9895 9877 4.69372e+06 
459 2766 8882 9943 9895 9745 4.79026e+06 9943 9895 10175 4.7039e+06 
460 2766 8882 9943 9895 9726 4.79998e+06 9943 9895 8866 4.71276e+06 
461 2766 8882 9943 9895 9232 4.80922e+06 9943 9895 9501 4.72226e+06 
462 2766 8882 9943 9895 9612 4.81883e+06 9943 9895 9355 4.73162e+06 
463 2766 8882 9943 9895 9517 4.82835e+06 9943 9895 12101 4.74372e+06 
464 2766 8882 9943 9895 11929 4.84028e+06 9943 9895 9825 4.75354e+06 
465 2766 8882 9943 9895 10382 4.85066e+06 9943 9895 10739 4.76428e+06 
466 2766 8882 9943 9895 11190 4.86185e+06 9943 9895 12565 4.77685e+06 
467 2766 8882 9943 9895 10765 4.87261e+06 9943 9895 10293 4.78714e+06 
468 2766 8882 9943 9895 10469 4.88308e+06 9943 9895 10346 4.79749e+06 
469 2766 8882 9943 9895 10753 4.89383e+06 9943 9895 10687 4.80817e+06 
470 2766 8882 9943 9895 10655 4.90449e+06 9943 9895 10558 4.81873e+06 
471 2766 8882 9943 9895 10733 4.91522e+06 9943 9895 10885 4.82962e+06 
472 2766 8882 9943 9895 10609 4.92583e+06 9943 9895 10592 4.84021e+06 
473 2766 8882 9943 9895 11099 4.93693e+06 9943 9895 9717 4.84993e+06 
474 2766 8882 9943 9895 10527 4.94746e+06 9943 9895 10022 4.85995e+06 
475 2766 8882 9943 9895 12164 4.95962e+06 9943 9895 13073 4.87302e+06 
476 2766 8882 9943 9895 12423 4.97204e+06 9943 9895 10123 4.88314e+06 
477 2766 8882 9943 9895 11310 4.98335e+06 9943 9895 11204 4.89435e+06 
478 2766 8882 9943 9895 9919 4.99327e+06 9943 9895 11080 4.90543e+06 
479 2766 8882 9943 9895 10241 5.00351e+06 9943 9895 10556 4.91598e+06 
480 2766 8882 9943 9895 11794 5.01531e+06 9943 9895 10643 4.92663e+06 
481 2766 8882 9943 9895 9892 5.0252e+06 9943 9895 11329 4.93796e+06 
482 2766 8882 9943 9895 10721 5.03592e+06 9943 9895 10340 4.9483e+06 
483 2766 8882 9943 9895 10724 5.04664e+06 9943 9895 9796 4.95809e+06 
484 2766 8882 9943 9895 12716 5.05936e+06 9943 9895 13273 4.97136e+06 
485 2766 8882 9943 9895 13287 5.07265e+06 9943 9895 10466 4.98183e+06 
486 2766 8882 9943 9895 13095 5.08574e+06 9943 9895 11879 4.99371e+06 
487 2766 8882 9943 9895 10940 5.09668e+06 9943 9895 9959 5.00367e+06 
488 2766 8882 9943 9895 10020 5.1067e+06 9943 9895 9330 5.013e+06 
489 2766 8882 9943 9895 9595 5.1163e+06 9943 9895 9771 5.02277e+06 
490 2766 8882 9943 9895 9742 5.12604e+06 9943 9895 10059 5.03283e+06 
491 2766 8882 9943 9895 10661 5.1367e+06 9943 9895 9555 5.04238e+06 
492 2766 8882 9943 9895 10853 5.14755e+06 9943 9895 9520 5.0519e+06 
493 2766 8882 9943 9895 9458 5.15701e+06 9943 9895 11394 5.0633e+06 
494 2766 8882 9943 9895 11494 5.16851e+06 9943 9895 11674 5.07497e+06 
495 2766 8882 9943 9895 10531 5.17904e+06 9943 9895 10670 5.08564e+06 
496 2766 8882 9943 9895 12166 5.1912e+06 9943 9895 10353 5.096e+06 
497 2766 8882 9943 9895 10732 5.20194e+06 9943 9895 11190 5.10718e+06 
498 2766 8882 9943 9895 10137 5.21207e+06 9943 9895 10403 5.11759e+06 
499 2766 8882 9943 9895 10760 5.22283e+06 9943 9895 9670 5.12726e+06 
500 2766 8882 9943 9895 12074 5.23491e+06 9943 9895 10622 5.13788e+06 
501 2766 8882 9943 9895 10422 5.24533e+06 9943 9895 11457 5.14934e+06 
502 2766 8882 9943 9895 11380 5.25671e+06 9943 9895 12250 5.16159e+06 
503 2766 8882 9943 9895 14635 5.27134e+06 9943 9895 11352 5.17294e+06 
504 2766 8882 9943 9895 10564 5.28191e+06 9943 9895 11135 5.18407e+06 
505 2766 8882 9943 9895 10856 5.29276e+06 9943 9895 9909 5.19398e+06 
506 2766 8882 9943 9895 11655 5.30442e+06 9943 9895 11319 5.2053e+06 
507 2766 8882 9943 9895 10058 5.31448e+06 9943 9895 10868 5.21617e+06 
508 2766 8882 9943 9895 10497 5.32497e+06 9943 9895 9887 5.22606e+06 
509 2766 8882 9943 9895 10572 5.33554e+06 9943 9895 10319 5.23638e+06 
510 2766 8882 9943 9895 9848 5.34539e+06 9943 9895 9636 5.24601e+06 
511 2766 8882 9943 9895 10185 5.35558e+06 9943 9895 10418 5.25643e+06 
512 2766 8882 9943 9895 11278 5.36686e+06 9943 9895 11159 5.26759e+06 
513 2766 8882 9943 9895 9909 5.37676e+06 9943 9895 10268 5.27786e+06 
514 2766 8882 9943 9895 10361 5.38713e+06 9943 9895 11056 5.28891e+06 
515 2766 8882 9943 9895 9827 5.39695e+06 9943 9895 9770 5.29868e+06 
516 2766 8882 9943 9895 10469 5.40742e+06 9943 9895 10014 5.3087e+06 
517 2766 8882 9943 9895 10442 5.41786e+06 9943 9895 10276 5.31897e+06 
518 2766 8882 9943 9895 10160 5.42802e+06 9943 9895 10355 5.32933e+06 
519 2766 8882 9943 9895 10494 5.43852e+06 9943 9895 10329 5.33966e+06 
520 2766 8882 9943 9895 10571 5.44909e+06 9943 9895 10351 5.35001e+06 
521 2766 8882 9943 9895 10728 5.45982e+06 9943 9895 13174 5.36318e+06 
522 2766 8882 9943 9895 11393 5.47121e+06 9943 9895 10406 5.37359e+06 
523 2766 8882 9943 9895 10893 5.4821e+06 9943 9895 9843 5.38343e+06 
524 2766 8882 9943 9895 10750 5.49285e+06 9943 9895 10312 5.39374e+06 
525 2766 8882 9943 9895 11215 5.50407e+06 9943 9895 9846 5.40359e+06 
526 2766 8882 9943 9895 9619 5.51369e+06 9943 9895 10035 5.41362e+06 
527 2766 8882 9943 9895 10290 5.52398e+06 9943 9895 10762 5.42439e+06 
528 2766 8882 9943 9895 10617 5.53459e+06 9943 9895 10182 5.43457e+06 
529 2766 8882 9943 9895 10757 5.54535e+06 9943 9895 10506 5.44507e+06 
530 2766 8882 9943 9895 10065 5.55542e+06 9943 9895 10032 5.45511e+06 
531 2766 8882 9943 9895 10870 5.56629e+06 9943 9895 11496 5.4666e+06 
532 2766 8882 9943 9895 9768 5.57605e+06 9943 9895 9260 5.47586e+06 
533 2766 8882 9943 9895 10072 5.58613e+06 9943 9895 11434 5.4873e+06 
534 2766 8882 9943 9895 10765 5.59689e+06 9943 9895 9843 5.49714e+06 
535 2766 8882 9943 9895 10138 5.60703e+06 9943 9895 10457 5.5076e+06 
536 2766 8882 9943 9895 11333 5.61836e+06 9943 9895 10222 5.51782e+06 
537 2766 8882 9943 9895 9882 5.62824e+06 9943 9895 11160 5.52898e+06 
538 2766 8882 9943 9895 10332 5.63858e+06 9943 9895 10417 5.5394e+06 
539 2766 8882 9943 9895 9911 5.64849e+06 9943 9895 9798 5.54919e+06 
540 2766 8882 9943 9895 10801 5.65929e+06 9943 9895 12222 5.56142e+06 
541 2766 8882 9943 9895 11545 5.67083e+06 9943 9895 9551 5.57097e+06 
542 2766 8882 9943 9895 10507 5.68134e+06 9943 9895 9952 5.58092e+06 
543 2766 8882 9943 9895 9861 5.6912e+06 9943 9895 9612 5.59053e+06 
544 2766 8882 9943 9895 9593 5.70079e+06 9943 9895 9563 5.60009e+06 
545 2766 8882 9943 9895 9962 5.71076e+06 9943 9895 9001 5.60909e+06 
546 2766 8882 9943 9895 9493 5.72025e+06 9943 9895 10447 5.61954e+06 
547 2766 8882 9943 9895 9749 5.73e+06 9943 9895 9885 5.62943e+06 
548 2766 8882 9943 9895 10062 5.74006e+06 9943 9895 9065 5.63849e+06 
549 2766 8882 9943 9895 9751 5.74981e+06 9943 9895 9232 5.64772e+06 
550 2766 8882 9943 9895 9953 5.75976e+06 9943 9895 11773 5.6595e+06 
551 2766 8882 9943 9895 11982 5.77175e+06 9943 9895 10457 5.66995e+06 
552 2766 8882 9943 9895 10097 5.78184e+06 9943 9895 9056 5.67901e+06 
553 2766 8882 9943 9895 9682 5.79152e+06 9943 9895 9350 5.68836e+06 
554 2766 8882 9943 9895 9809 5.80133e+06 9943 9895 9649 5.69801e+06 
555 2766 8882 9943 9895 10191 5.81152e+06 9943 9895 9776 5.70778e+06 
556 2766 8882 9943 9895 11690 5.82322e+06 9943 9895 11347 5.71913e+06 
557 2766 8882 9943 9895 10222 5.83344e+06 9943 9895 9694 5.72882e+06 
558 2766 8882 9943 9895 9777 5.84321e+06 9943 9895 9950 5.73878e+06 
559 2766 8882 9943 9895 9660 5.85287e+06 9943 9895 9577 5.74835e+06 
560 2766 8882 9943 9895 11523 5.8644e+06 9943 9895 12480 5.76083e+06 
561 2766 8882 9943 9895 11777 5.87617e+06 9943 9895 9738 5.77057e+06 
562 2766 8882 9943 9895 9870 5.88604e+06 9943 9895 9451 5.78002e+06 
563 2766 8882 9943 9895 11319 5.89736e+06 9943 9895 10615 5.79064e+06 
564 2766 8882 9943 9895 10588 5.90795e+06 9943 9895 10503 5.80114e+06 
565 2766 8882 9943 9895 11820 5.91977e+06 9943 9895 10312 5.81145e+06 
566 2766 8882 9943 9895 10697 5.93047e+06 9943 9895 10490 5.82194e+06 
567 2766 8882 9943 9895 10675 5.94114e+06 9943 9895 10568 5.83251e+06 
568 2766 8882 9943 9895 10157 5.9513e+06 9943 9895 10009 5.84252e+06 
569 2766 8882 9943 9895 10417 5.96172e+06 9943 9895 11489 5.85401e+06 
570 2766 8882 9943 9895 12606 5.97432e+06 9943 9895 10711 5.86472e+06 
571 2766 8882 9943 9895 11424 5.98575e+06 9943 9895 10047 5.87476e+06 
572 2766 8882 9943 9895 12071 5.99782e+06 9943 9895 9349 5.88411e+06 
573 2766 8882 9943 9895 10443 6.00826e+06 9943 9895 10402 5.89452e+06 
574 2766 8882 9943 9895 10098 6.01836e+06 9943 9895 10774 5.90529e+06 
575 2766 8882 9943 9895 10749 6.02911e+06 9943 9895 11567 5.91686e+06 
576 2766 8882 9943 9895 12950 6.04206e+06 9943 9895 10009 5.92687e+06 
577 2766 8882 9943 9895 11985 6.05404e+06 9943 9895 11407 5.93827e+06 
578 2766 8882 9943 9895 11344 6.06539e+06 9943 9895 12284 5.95056e+06 
579 2766 8882 9943 9895 15151 6.08054e+06 9943 9895 14101 5.96466e+06 
580 2766 8882 9943 9895 12350 6.09289e+06 9943 9895 12655 5.97731e+06 
581 2766 8882 9943 9895 11385 6.10427e+06 9943 9895 12551 5.98986e+06 
582 2766 8882 9943 9895 12579 6.11685e+06 9943 9895 10988 6.00085e+06 
583 2766 8882 9943 9895 11185 6.12804e+06 9943 9895 9465 6.01032e+06 
584 2766 8882 9943 9895 11212 6.13925e+06 9943 9895 10058 6.02038e+06 
585 2766 8882 9943 9895 10751 6.15e+06 9943 9895 11167 6.03154e+06 
586 2766 8882 9943 9895 10138 6.16014e+06 9943 9895 10005 6.04155e+06 
587 2766 8882 9943 9895 11936 6.17207e+06 9943 9895 13627 6.05517e+06 
588 2766 8882 9943 9895 10327 6.1824e+06 9943 9895 9064 6.06424e+06 
589 2766 8882 9943 9895 10036 6.19244e+06 9943 9895 9759 6.074e+06 
590 2766 8882 9943 9895 9499 6.20194e+06 9943 9895 10384 6.08438e+06 
591 2766 8882 9943 9895 10204 6.21214e+06 9943 9895 9621 6.094e+06 
592 2766 8882 9943 9895 10122 6.22226e+06 9943 9895 11214 6.10522e+06 
593 2766 8882 9943 9895 12234 6.2345e+06 9943 9895 10384 6.1156e+06 
594 2766 8882 9943 9895 10055 6.24455e+06 9943 9895 9582 6.12518e+06 
595 2766 8882 9943 9895 10056 6.25461e+06 9943 9895 9713 6.1349e+06 
596 2766 8882 9943 9895 10733 6.26534e+06 9943 9895 11649 6.14654e+06 
597 2766 8882 9943 9895 12646 6.27799e+06 9943 9895 11240 6.15778e+06 
598 2766 8882 9943 9895 9628 6.28761e+06 9943 9895 9533 6.16732e+06 
599 2766 8882 9943 9895 12246 6.29986e+06 9943 9895 9474 6.17679e+06 
600 2766 8882 9943 9895 11023 6.31088e+06 9943 9895 9755 6.18655e+06 
601 2766 8882 9943 9895 10915 6.3218e+06 9943 9895 10604 6.19715e+06 
602 2766 8882 9943 9895 10036 6.33183e+06 9943 9895 10530 6.20768e+06 
603 2766 8882 9943 9895 10111 6.34194e+06 9943 9895 10384 6.21806e+06 
604 2766 8882 9943 9895 10757 6.3527e+06 9943 9895 9465 6.22753e+06 
605 2766 8882 9943 9895 10780 6.36348e+06 9943 9895 10713 6.23824e+06 
606 2766 8882 9943 9895 14374 6.37786e+06 9943 9895 12451 6.25069e+06 
607 2766 8882 9943 9895 11831 6.38969e+06 9943 9895 10503 6.2612e+06 
608 2766 8882 9943 9895 10362 6.40005e+06 9943 9895 12031 6.27323e+06 
609 2766 8882 9943 9895 10798 6.41085e+06 9943 9895 9918 6.28314e+06 
610 2766 8882 9943 9895 11496 6.42234e+06 9943 9895 10012 6.29316e+06 
611 2766 8882 9943 9895 10995 6.43334e+06 9943 9895 10476 6.30363e+06 
612 2766 8882 9943 9895 11346 6.44468e+06 9943 9895 10526 6.31416e+06 
613 2766 8882 9943 9895 10626 6.45531e+06 9943 9895 11032 6.32519e+06 
614 2766 8882 9943 9895 11281 6.46659e+06 9943 9895 10224 6.33542e+06 
615 2766 8882 9943 9895 11348 6.47794e+06 9943 9895 12907 6.34832e+06 
616 2766 8882 9943 9895 11962 6.4899e+06 9943 9895 10796 6.35912e+06 
617 2766 8882 9943 9895 9867 6.49977e+06 9943 9895 10405 6.36952e+06 
618 2766 8882 9943 9895 10158 6.50993e+06 9943 9895 9940 6.37946e+06 
619 2766 8882 9943 9895 9799 6.51972e+06 9943 9895 10022 6.38948e+06 
620 2766 8882 9943 9895 9939 6.52966e+06 9943 9895 11451 6.40094e+06 
621 2766 8882 9943 9895 10885 6.54055e+06 9943 9895 9939 6.41088e+06 
622 2766 8882 9943 9895 10188 6.55074e+06 9943 9895 10386 6.42126e+06 
623 2766 8882 9943 9895 9863 6.5606e+06 9943 9895 9462 6.43072e+06 
624 2766 8882 9943 9895 9798 6.5704e+06 9943 9895 12560 6.44328e+06 
625 2766 8882 9943 9895 13998 6.5844e+06 9943 9895 10656 6.45394e+06 
626 2766 8882 9943 9895 10392 6.59479e+06 9943 9895 9847 6.46379e+06 
627 2766 8882 9943 9895 9691 6.60448e+06 9943 9895 10097 6.47388e+06 
628 2766 8882 9943 9895 10546 6.61502e+06 9943 9895 9476 6.48336e+06 
629 2766 8882 9943 9895 10915 6.62594e+06 9943 9895 9534 6.49289e+06 
630 2766 8882 9943 9895 11817 6.63776e+06 9943 9895 12453 6.50535e+06 
631 2766 8882 9943 9895 10856 6.64861e+06 9943 9895 11683 6.51703e+06 
632 2766 8882 9943 9895 11275 6.65989e+06 9943 9895 11242 6.52827e+06 
633 2766 8882 9943 9895 11333 6.67122e+06 9943 9895 10985 6.53926e+06 
634 2766 8882 9943 9895 12302 6.68352e+06 9943 9895 11192 6.55045e+06 
635 2766 8882 9943 9895 10617 6.69414e+06 9943 9895 9557 6.56e+06 
636 2766 8882 9943 9895 10817 6.70496e+06 9943 9895 10548 6.57055e+06 
637 2766 8882 9943 9895 9786 6.71474e+06 9943 9895 9642 6.5802e+06 
638 2766 8882 9943 9895 10323 6.72507e+06 9943 9895 9350 6.58954e+06 
639 2766 8882 9943 9895 10116 6.73518e+06 9943 9895 10258 6.5998e+06 
640 2766 8882 9943 9895 9946 6.74513e+06 9943 9895 10290 6.61009e+06 
641 2766 8882 9943 9895 10650 6.75578e+06 9943 9895 10186 6.62028e+06 
642 2766 8882 9943 9895 11183 6.76696e+06 9943 9895 10475 6.63075e+06 
643 2766 8882 9943 9895 11863 6.77882e+06 9943 9895 11393 6.64215e+06 
644 2766 8882 9943 9895 12210 6.79103e+06 9943 9895 10012 6.65216e+06 
645 2766 8882 9943 9895 10304 6.80134e+06 9943 9895 10347 6.66251e+06 
646 2766 8882 9943 9895 9830 6.81117e+06 9943 9895 10279 6.67278e+06 
647 2766 8882 9943 9895 10162 6.82133e+06 9943 9895 10591 6.68338e+06 
648 2766 8882 9943 9895 12022 6.83335e+06 9943 9895 9891 6.69327e+06 
649 2766 8882 9943 9895 10654 6.84401e+06 9943 9895 11095 6.70436e+06 
650 2766 8882 9943 9895 15386 6.85939e+06 9943 9895 10784 6.71515e+06 
651 2766 8882 9943 9895 12224 6.87162e+06 9943 9895 11429 6.72658e+06 
652 2766 8882 9943 9895 11955 6.88357e+06 9943 9895 12786 6.73936e+06 
653 2766 8882 9943 9895 13287 6.89686e+06 9943 9895 13063 6.75242e+06 
654 2766 8882 9943 9895 12273 6.90913e+06 9943 9895 12020 6.76444e+06 
655 2766 8882 9943 9895 14613 6.92374e+06 9943 9895 13133 6.77758e+06 
656 2766 8882 9943 9895 12360 6.9361e+06 9943 9895 11881 6.78946e+06 
657 2766 8882 9943 9895 13356 6.94946e+06 9943 9895 12539 6.802e+06 
658 2766 8882 9943 9895 13232 6.96269e+06 9943 9895 12229 6.81423e+06 
659 2766 8882 9943 9895 12728 6.97542e+06 9943 9895 13349 6.82758e+06 
660 2766 8882 9943 9895 14707 6.99013e+06 9943 9895 12878 6.84045e+06 
661 2766 8882 9943 9895 12855 7.00298e+06 9943 9895 12543 6.853e+06 
662 2766 8882 9943 9895 13047 7.01603e+06 9943 9895 12418 6.86541e+06 
663 2766 8882 9943 9895 10552 7.02658e+06 9943 9895 13068 6.87848e+06 
664 2766 8882 9943 9895 12813 7.03939e+06 9943 9895 10976 6.88946e+06 
665 2766 8882 9943 9895 11061 7.05046e+06 9943 9895 13368 6.90283e+06 
666 2766 8882 9943 9895 13152 7.06361e+06 9943 9895 11551 6.91438e+06 
667 2766 8882 9943 9895 10252 7.07386e+06 9943 9895 11453 6.92583e+06 
668 2766 8882 9943 9895 14129 7.08799e+06 9943 9895 9440 6.93527e+06 
669 2766 8882 9943 9895 11493 7.09948e+06 9943 9895 13010 6.94828e+06 
670 2766 8882 9943 9895 10554 7.11004e+06 9943 9895 10361 6.95864e+06 
671 2766 8882 9943 9895 10640 7.12068e+06 9943 9895 11715 6.97036e+06 
672 2766 8882 9943 9895 10617 7.13129e+06 9943 9895 10500 6.98086e+06 
673 2766 8882 9943 9895 10853 7.14214e+06 9943 9895 10289 6.99114e+06 
674 2766 8882 9943 9895 10250 7.1524e+06 9943 9895 10589 7.00173e+06 
675 2766 8882 9943 9895 9613 7.16201e+06 9943 9895 10384 7.01212e+06 
676 2766 8882 9943 9895 9976 7.17198e+06 9943 9895 9517 7.02164e+06 
677 2766 8882 9943 9895 11289 7.18327e+06 9943 9895 10607 7.03224e+06 
678 2766 8882 9943 9895 12396 7.19567e+06 9943 9895 10089 7.04233e+06 
679 2766 8882 9943 9895 9789 7.20546e+06 9943 9895 10307 7.05264e+06 
680 2766 8882 9943 9895 10723 7.21618e+06 9943 9895 9987 7.06262e+06 
681 2766 8882 9943 9895 10756 7.22694e+06 9943 9895 10127 7.07275e+06 
682 2766 8882 9943 9895 11761 7.2387e+06 9943 9895 10519 7.08327e+06 
683 2766 8882 9943 9895 10014 7.24871e+06 9943 9895 10364 7.09364e+06 
684 2766 8882 9943 9895 10617 7.25933e+06 9943 9895 9531 7.10317e+06 
685 2766 8882 9943 9895 10922 7.27025e+06 9943 9895 9798 7.11296e+06 
686 2766 8882 9943 9895 10356 7.28061e+06 9943 9895 11425 7.12439e+06 
687 2766 8882 9943 9895 11706 7.29231e+06 9943 9895 11474 7.13586e+06 
688 2766 8882 9943 9895 11117 7.30343e+06 9943 9895 10207 7.14607e+06 
689 2766 8882 9943 9895 10366 7.3138e+06 9943 9895 10320 7.15639e+06 
690 2766 8882 9943 9895 10195 7.32399e+06 9943 9895 12574 7.16896e+06 
691 2766 8882 9943 9895 11327 7.33532e+06 9943 9895 10962 7.17993e+06 
692 2766 8882 9943 9895 10892 7.34621e+06 9943 9895 10416 7.19034e+06 
693 2766 8882 9943 9895 9667 7.35588e+06 9943 9895 10935 7.20128e+06 
694 2766 8882 9943 9895 10095 7.36597e+06 9943 9895 9766 7.21104e+06 
695 2766 8882 9943 9895 10170 7.37614e+06 9943 9895 9570 7.22061e+06 
696 2766 8882 9943 9895 11122 7.38726e+06 9943 9895 10995 7.23161e+06 
697 2766 8882 9943 9895 14517 7.40178e+06 9943 9895 10068 7.24168e+06 
698 2766 8882 9943 9895 11125 7.41291e+06 9943 9895 9884 7.25156e+06 
699 2766 8882 9943 9895 10890 7.4238e+06 9943 9895 10112 7.26167e+06 
700 2766 8882 9943 9895 10587 7.43438e+06 9943 9895 11486 7.27316e+06 
701 2766 8882 9943 9895 11221 7.4456e+06 9943 9895 10277 7.28344e+06 
702 2766 8882 9943 9895 11378 7.45698e+06 9943 9895 10136 7.29357e+06 
703 2766 8882 9943 9895 10054 7.46704e+06 9943 9895 10269 7.30384e+06 
704 2766 8882 9943 9895 9575 7.47661e+06 9943 9895 10338 7.31418e+06 
705 2766 8882 9943 9895 10420 7.48703e+06 9943 9895 12062 7.32624e+06 
706 2766 8882 9943 9895 11759 7.49879e+06 9943 9895 10869 7.33711e+06 
707 2766 8882 9943 9895 9493 7.50828e+06 9943 9895 10299 7.34741e+06 
708 2766 8882 9943 9895 9879 7.51816e+06 9943 9895 9883 7.35729e+06 
709 2766 8882 9943 9895 10229 7.52839e+06 9943 9895 9364 7.36666e+06 
710 2766 8882 9943 9895 11917 7.54031e+06 9943 9895 9724 7.37638e+06 
711 2766 8882 9943 9895 9942 7.55025e+06 9943 9895 10604 7.38698e+06 
712 2766 8882 9943 9895 10100 7.56035e+06 9943 9895 10390 7.39737e+06 
713 2766 8882 9943 9895 10417 7.57077e+06 9943 9895 9719 7.40709e+06 
714 2766 8882 9943 9895 11091 7.58186e+06 9943 9895 11576 7.41867e+06 
715 2766 8882 9943 9895 11598 7.59346e+06 9943 9895 12740 7.43141e+06 
716 2766 8882 9943 9895 11931 7.60539e+06 9943 9895 9853 7.44126e+06 
717 2766 8882 9943 9895 11581 7.61697e+06 9943 9895 9855 7.45112e+06 
718 2766 8882 9943 9895 10595 7.62756e+06 9943 9895 10974 7.46209e+06 
719 2766 8882 9943 9895 10817 7.63838e+06 9943 9895 10517 7.47261e+06 
720 2766 8882 9943 9895 11259 7.64964e+06 9943 9895 10039 7.48265e+06 
721 2766 8882 9943 9895 10521 7.66016e+06 9943 9895 10862 7.49351e+06 
722 2766 8882 9943 9895 9781 7.66994e+06 9943 9895 10749 7.50426e+06 
723 2766 8882 9943 9895 10375 7.68032e+06 9943 9895 11805 7.51606e+06 
724 2766 8882 9943 9895 14001 7.69432e+06 9943 9895 11601 7.52766e+06 
725 2766 8882 9943 9895 10664 7.70498e+06 9943 9895 9527 7.53719e+06 
726 2766 8882 9943 9895 9791 7.71477e+06 9943 9895 9481 7.54667e+06 
727 2766 8882 9943 9895 9736 7.72451e+06 9943 9895 9538 7.55621e+06 
728 2766 8882 9943 9895 9374 7.73388e+06 9943 9895 9271 7.56548e+06 
729 2766 8882 9943 9895 11245 7.74513e+06 9943 9895 9465 7.57494e+06 
730 2766 8882 9943 9895 10026 7.75515e+06 9943 9895 9641 7.58459e+06 
731 2766 8882 9943 9895 10234 7.76539e+06 9943 9895 9766 7.59435e+06 
732 2766 8882 9943 9895 9939 7.77533e+06 9943 9895 9624 7.60398e+06 
733 2766 8882 9943 9895 9594 7.78492e+06 9943 9895 11192 7.61517e+06 
734 2766 8882 9943 9895 11462 7.79638e+06 9943 9895 10420 7.62559e+06 
735 2766 8882 9943 9895 10514 7.8069e+06 9943 9895 9630 7.63522e+06 
736 2766 8882 9943 9895 10266 7.81716e+06 9943 9895 10349 7.64557e+06 
737 2766 8882 9943 9895 10304 7.82747e+06 9943 9895 9819 7.65539e+06 
738 2766 8882 9943 9895 10411 7.83788e+06 9943 9895 10403 7.66579e+06 
739 2766 8882 9943 9895 10712 7.84859e+06 9943 9895 10059 7.67585e+06 
740 2766 8882 9943 9895 9927 7.85852e+06 9943 9895 10371 7.68622e+06 
741 2766 8882 9943 9895 9749 7.86826e+06 9943 9895 9253 7.69547e+06 
742 2766 8882 9943 9895 10407 7.87867e+06 9943 9895 9501 7.70497e+06 
743 2766 8882 9943 9895 11037 7.88971e+06 9943 9895 11691 7.71666e+06 
744 2766 8882 9943 9895 10890 7.9006e+06 9943 9895 10715 7.72738e+06 
745 2766 8882 9943 9895 10429 7.91103e+06 9943 9895 9383 7.73676e+06 
746 2766 8882 9943 9895 10173 7.9212e+06 9943 9895 8920 7.74568e+06 
747 2766 8882 9943 9895 9635 7.93084e+06 9943 9895 9199 7.75488e+06 
748 2766 8882 9943 9895 9845 7.94068e+06 9943 9895 10485 7.76537e+06 
749 2766 8882 9943 9895 9760 7.95044e+06 9943 9895 9418 7.77478e+06 
750 2766 8882 9943 9895 9895 7.96034e+06 9943 9895 9705 7.78449e+06 
751 2766 8882 9943 9895 10077 7.97041e+06 9943 9895 9385 7.79387e+06 
752 2766 8882 9943 9895 9895 7.98031e+06 9943 9895 9279 7.80315e+06 
753 2766 8882 9943 9895 10913 7.99122e+06 9943 9895 11016 7.81417e+06 
754 2766 8882 9943 9895 11655 8.00288e+06 9943 9895 9781 7.82395e+06 
755 2766 8882 9943 9895 9921 8.0128e+06 9943 9895 9300 7.83325e+06 
756 2766 8882 9943 9895 10358 8.02316e+06 9943 9895 9741 7.84299e+06 
757 2766 8882 9943 9895 9370 8.03252e+06 9943 9895 9431 7.85242e+06 
758 2766 8882 9943 9895 10351 8.04288e+06 9943 9895 10335 7.86276e+06 
759 2766 8882 9943 9895 9962 8.05284e+06 9943 9895 9746 7.8725e+06 
760 2766 8882 9943 9895 10910 8.06375e+06 9943 9895 9585 7.88209e+06 
761 2766 8882 9943 9895 9799 8.07355e+06 9943 9895 10060 7.89215e+06 
762 2766 8882 9943 9895 9627 8.08317e+06 9943 9895 9407 7.90156e+06 
763 2766 8882 9943 9895 10347 8.09352e+06 9943 9895 14182 7.91574e+06 
764 2766 8882 9943 9895 10346 8.10387e+06 9943 9895 9284 7.92502e+06 
765 2766 8882 9943 9895 9801 8.11367e+06 9943 9895 9078 7.9341e+06 
766 2766 8882 9943 9895 9773 8.12344e+06 9943 9895 9800 7.9439e+06 
767 2766 8882 9943 9895 9355 8.1328e+06 9943 9895 9378 7.95328e+06 
768 2766 8882 9943 9895 9651 8.14245e+06 9943 9895 10294 7.96357e+06 
769 2766 8882 9943 9895 9918 8.15236e+06 9943 9895 9378 7.97295e+06 
770 2766 8882 9943 9895 9498 8.16186e+06 9943 9895 9296 7.98224e+06 
771 2766 8882 9943 9895 10248 8.17211e+06 9943 9895 9371 7.99162e+06 
772 2766 8882 9943 9895 9797 8.18191e+06 9943 9895 9421 8.00104e+06 
773 2766 8882 9943 9895 10081 8.19199e+06 9943 9895 12803 8.01384e+06 
774 2766 8882 9943 9895 10416 8.2024e+06 9943 9895 9885 8.02372e+06 
775 2766 8882 9943 9895 9350 8.21176e+06 9943 9895 9031 8.03276e+06 
776 2766 8882 9943 9895 10107 8.22186e+06 9943 9895 9843 8.0426e+06 
777 2766 8882 9943 9895 9063 8.23092e+06 9943 9895 9786 8.05238e+06 
778 2766 8882 9943 9895 9437 8.24036e+06 9943 9895 9930 8.06232e+06 
779 2766 8882 9943 9895 10330 8.25069e+06 9943 9895 9226 8.07154e+06 
780 2766 8882 9943 9895 9687 8.26038e+06 9943 9895 9197 8.08074e+06 
781 2766 8882 9943 9895 9665 8.27004e+06 9943 9895 9648 8.09039e+06 
782 2766 8882 9943 9895 10228 8.28027e+06 9943 9895 9401 8.09979e+06 
783 2766 8882 9943 9895 10659 8.29093e+06 9943 9895 11970 8.11176e+06 
784 2766 8882 9943 9895 11855 8.30279e+06 9943 9895 9583 8.12134e+06 
785 2766 8882 9943 9895 9789 8.31258e+06 9943 9895 9008 8.13035e+06 
786 2766 8882 9943 9895 9665 8.32224e+06 9943 9895 9648 8.14e+06 
787 2766 8882 9943 9895 10168 8.33241e+06 9943 9895 9227 8.14922e+06 
788 2766 8882 9943 9895 9293 8.3417e+06 9943 9895 9366 8.15859e+06 
789 2766 8882 9943 9895 10344 8.35204e+06 9943 9895 9677 8.16827e+06 
790 2766 8882 9943 9895 9630 8.36168e+06 9943 9895 9713 8.17798e+06 
791 2766 8882 9943 9895 9701 8.37138e+06 9943 9895 9111 8.18709e+06 
792 2766 8882 9943 9895 9832 8.38121e+06 9943 9895 9247 8.19634e+06 
793 2766 8882 9943 9895 9921 8.39113e+06 9943 9895 11763 8.2081e+06 
794 2766 8882 9943 9895 11729 8.40286e+06 9943 9895 9366 8.21747e+06 
795 2766 8882 9943 9895 9800 8.41266e+06 9943 9895 9837 8.2273e+06 
796 2766 8882 9943 9895 9736 8.42239e+06 9943 9895 9280 8.23658e+06 
797 2766 8882 9943 9895 9770 8.43216e+06 9943 9895 9531 8.24611e+06 
798 2766 8882 9943 9895 9682 8.44185e+06 9943 9895 9366 8.25548e+06 
799 2766 8882 9943 9895 12016 8.45386e+06 9943 9895 9506 8.26499e+06 
800 2766 8882 9943 9895 9756 8.46362e+06 9943 9895 9546 8.27453e+06 
801 2766 8882 9943 9895 9643 8.47326e+06 9943 9895 9563 8.2841e+06 
802 2766 8882 9943 9895 9521 8.48278e+06 9943 9895 9072 8.29317e+06 
803 2766 8882 9943 9895 9845 8.49263e+06 9943 9895 12048 8.30522e+06 
804 2766 8882 9943 9895 11656 8.50428e+06 9943 9895 9701 8.31492e+06 
805 2766 8882 9943 9895 10607 8.51489e+06 9943 9895 9473 8.32439e+06 
806 2766 8882 9943 9895 9581 8.52447e+06 9943 9895 9322 8.33371e+06 
807 2766 8882 9943 9895 9818 8.53429e+06 9943 9895 9247 8.34296e+06 
808 2766 8882 9943 9895 9835 8.54412e+06 9943 9895 9287 8.35224e+06 
809 2766 8882 9943 9895 11490 8.55561e+06 9943 9895 9322 8.36157e+06 
810 2766 8882 9943 9895 9976 8.56559e+06 9943 9895 9551 8.37112e+06 
811 2766 8882 9943 9895 9617 8.57521e+06 9943 9895 9260 8.38038e+06 
812 2766 8882 9943 9895 9712 8.58492e+06 9943 9895 9693 8.39007e+06 
813 2766 8882 9943 9895 9686 8.5946e+06 9943 9895 11743 8.40181e+06 
814 2766 8882 9943 9895 13063 8.60767e+06 9943 9895 9952 8.41177e+06 
815 2766 8882 9943 9895 9238 8.61691e+06 9943 9895 9304 8.42107e+06 
816 2766 8882 9943 9895 10860 8.62777e+06 9943 9895 10011 8.43108e+06 
817 2766 8882 9943 9895 10252 8.63802e+06 9943 9895 9152 8.44023e+06 
818 2766 8882 9943 9895 9774 8.64779e+06 9943 9895 9133 8.44937e+06 
819 2766 8882 9943 9895 11197 8.65899e+06 9943 9895 9149 8.45852e+06 
820 2766 8882 9943 9895 9323 8.66831e+06 9943 9895 9851 8.46837e+06 
821 2766 8882 9943 9895 10281 8.67859e+06 9943 9895 9201 8.47757e+06 
822 2766 8882 9943 9895 9870 8.68846e+06 9943 9895 9249 8.48682e+06 
823 2766 8882 9943 9895 9201 8.69766e+06 9943 9895 11111 8.49793e+06 
824 2766 8882 9943 9895 12084 8.70975e+06 9943 9895 9936 8.50786e+06 
825 2766 8882 9943 9895 10184 8.71993e+06 9943 9895 9140 8.517e+06 
826 2766 8882 9943 9895 9384 8.72932e+06 9943 9895 9745 8.52675e+06 
827 2766 8882 9943 9895 15365 8.74468e+06 9943 9895 15483 8.54223e+06 
828 2766 8882 9943 9895 16147 8.76083e+06 9943 9895 15506 8.55774e+06 
829 2766 8882 9943 9895 15841 8.77667e+06 9943 9895 15851 8.57359e+06 
830 2766 8882 9943 9895 15523 8.79219e+06 9943 9895 14942 8.58853e+06 
831 2766 8882 9943 9895 15902 8.80809e+06 9943 9895 15207 8.60374e+06 
832 2766 8882 9943 9895 15533 8.82363e+06 9943 9895 14955 8.61869e+06 
833 2766 8882 9943 9895 16061 8.83969e+06 9943 9895 14813 8.6335e+06 
834 2766 8882 9943 9895 15410 8.8551e+06 9943 9895 12509 8.64601e+06 
835 2766 8882 9943 9895 12511 8.86761e+06 9943 9895 11853 8.65787e+06 
836 2766 8882 9943 9895 13193 8.8808e+06 9943 9895 13402 8.67127e+06 
837 2766 8882 9943 9895 14337 8.89514e+06 9943 9895 14600 8.68587e+06 
838 2766 8882 9943 9895 13119 8.90826e+06 9943 9895 14362 8.70023e+06 
839 2766 8882 9943 9895 14264 8.92252e+06 9943 9895 10843 8.71107e+06 
840 2766 8882 9943 9895 10354 8.93288e+06 9943 9895 10674 8.72175e+06 
841 2766 8882 9943 9895 10561 8.94344e+06 9943 9895 9521 8.73127e+06 
842 2766 8882 9943 9895 10709 8.95415e+06 9943 9895 9522 8.74079e+06 
843 2766 8882 9943 9895 11196 8.96534e+06 9943 9895 9957 8.75075e+06 
844 2766 8882 9943 9895 10157 8.9755e+06 9943 9895 10336 8.76108e+06 
845 2766 8882 9943 9895 10207 8.98571e+06 9943 9895 9897 8.77098e+06 
846 2766 8882 9943 9895 9977 8.99568e+06 9943 9895 10321 8.7813e+06 
847 2766 8882 9943 9895 10944 9.00663e+06 9943 9895 10753 8.79206e+06 
848 2766 8882 9943 9895 12899 9.01953e+06 9943 9895 10457 8.80251e+06 
849 2766 8882 9943 9895 10289 9.02982e+06 9943 9895 9706 8.81222e+06 
850 2766 8882 9943 9895 10716 9.04053e+06 9943 9895 10314 8.82253e+06 
851 2766 8882 9943 9895 9847 9.05038e+06 9943 9895 10271 8.8328e+06 
852 2766 8882 9943 9895 9882 9.06026e+06 9943 9895 10279 8.84308e+06 
853 2766 8882 9943 9895 10111 9.07037e+06 9943 9895 10141 8.85322e+06 
854 2766 8882 9943 9895 10077 9.08045e+06 9943 9895 9892 8.86312e+06 
855 2766 8882 9943 9895 10414 9.09086e+06 9943 9895 10093 8.87321e+06 
856 2766 8882 9943 9895 9878 9.10074e+06 9943 9895 9992 8.8832e+06 
857 2766 8882 9943 9895 11144 9.11188e+06 9943 9895 10436 8.89364e+06 
858 2766 8882 9943 9895 10725 9.12261e+06 9943 9895 10315 8.90395e+06 
859 2766 8882 9943 9895 10006 9.13262e+06 9943 9895 9715 8.91367e+06 
860 2766 8882 9943 9895 9857 9.14247e+06 9943 9895 9412 8.92308e+06 
861 2766 8882 9943 9895 9112 9.15158e+06 9943 9895 9215 8.93229e+06 
862 2766 8882 9943 9895 9568 9.16115e+06 9943 9895 9041 8.94133e+06 
863 2766 8882 9943 9895 9576 9.17073e+06 9943 9895 8968 8.9503e+06 
864 2766 8882 9943 9895 9880 9.18061e+06 9943 9895 9147 8.95945e+06 
865 2766 8882 9943 9895 10002 9.19061e+06 9943 9895 9536 8.96898e+06 
866 2766 8882 9943 9895 9459 9.20007e+06 9943 9895 9350 8.97834e+06 
867 2766 8882 9943 9895 10041 9.21011e+06 9943 9895 10682 8.98902e+06 
868 2766 8882 9943 9895 9790 9.2199e+06 9943 9895 9399 8.99842e+06 
869 2766 8882 9943 9895 10086 9.22999e+06 9943 9895 9665 9.00808e+06 
870 2766 8882 9943 9895 10248 9.24023e+06 9943 9895 9712 9.01779e+06 
871 2766 8882 9943 9895 9774 9.25001e+06 9943 9895 9126 9.02692e+06 
872 2766 8882 9943 9895 9329 9.25934e+06 9943 9895 9094 9.03601e+06 
873 2766 8882 9943 9895 9235 9.26857e+06 9943 9895 9323 9.04534e+06 
874 2766 8882 9943 9895 9358 9.27793e+06 9943 9895 8974 9.05431e+06 
875 2766 8882 9943 9895 9248 9.28718e+06 9943 9895 9138 9.06345e+06 
876 2766 8882 9943 9895 9484 9.29666e+06 9943 9895 9748 9.0732e+06 
877 2766 8882 9943 9895 9666 9.30633e+06 9943 9895 9420 9.08262e+06 
878 2766 8882 9943 9895 10163 9.31649e+06 9943 9895 9588 9.0922e+06 
879 2766 8882 9943 9895 12118 9.32861e+06 9943 9895 9844 9.10205e+06 
880 2766 8882 9943 9895 9298 9.33791e+06 9943 9895 9612 9.11166e+06 
881 2766 8882 9943 9895 9951 9.34786e+06 9943 9895 9064 9.12072e+06 
882 2766 8882 9943 9895 9890 9.35775e+06 9943 9895 9110 9.12983e+06 
883 2766 8882 9943 9895 9402 9.36715e+06 9943 9895 9170 9.139e+06 
884 2766 8882 9943 9895 9292 9.37644e+06 9943 9895 9034 9.14804e+06 
885 2766 8882 9943 9895 9436 9.38588e+06 9943 9895 9483 9.15752e+06 
886 2766 8882 9943 9895 9782 9.39566e+06 9943 9895 8926 9.16645e+06 
887 2766 8882 9943 9895 9327 9.40499e+06 9943 9895 9122 9.17557e+06 
888 2766 8882 9943 9895 9983 9.41497e+06 9943 9895 10875 9.18644e+06 
889 2766 8882 9943 9895 10885 9.42586e+06 9943 9895 9544 9.19599e+06 
890 2766 8882 9943 9895 10514 9.43637e+06 9943 9895 11445 9.20743e+06 
891 2766 8882 9943 9895 9278 9.44565e+06 9943 9895 9689 9.21712e+06 
892 2766 8882 9943 9895 9151 9.4548e+06 9943 9895 9241 9.22636e+06 
893 2766 8882 9943 9895 9378 9.46418e+06 9943 9895 9256 9.23562e+06 
894 2766 8882 9943 9895 9680 9.47386e+06 9943 9895 8839 9.24446e+06 
895 2766 8882 9943 9895 9684 9.48354e+06 9943 9895 9133 9.25359e+06 
896 2766 8882 9943 9895 9681 9.49322e+06 9943 9895 9697 9.26329e+06 
897 2766 8882 9943 9895 9998 9.50322e+06 9943 9895 9527 9.27282e+06 
898 2766 8882 9943 9895 9597 9.51282e+06 9943 9895 10415 9.28323e+06 
899 2766 8882 9943 9895 9752 9.52257e+06 9943 9895 11838 9.29507e+06 
900 2766 8882 9943 9895 10901 9.53347e+06 9943 9895 11344 9.30641e+06 
901 2766 8882 9943 9895 11710 9.54518e+06 9943 9895 11556 9.31797e+06 
902 2766 8882 9943 9895 12182 9.55736e+06 9943 9895 12260 9.33023e+06 
903 2766 8882 9943 9895 12468 9.56983e+06 9943 9895 12343 9.34257e+06 
904 2766 8882 9943 9895 12671 9.5825e+06 9943 9895 12598 9.35517e+06 
905 2766 8882 9943 9895 12297 9.5948e+06 9943 9895 11810 9.36698e+06 
906 2766 8882 9943 9895 11396 9.60619e+06 9943 9895 13150 9.38013e+06 
907 2766 8882 9943 9895 14532 9.62072e+06 9943 9895 13649 9.39378e+06 
908 2766 8882 9943 9895 13937 9.63466e+06 9943 9895 11721 9.4055e+06 
909 2766 8882 9943 9895 12752 9.64741e+06 9943 9895 12628 9.41813e+06 
910 2766 8882 9943 9895 12868 9.66028e+06 9943 9895 12587 9.43071e+06 
911 2766 8882 9943 9895 12419 9.6727e+06 9943 9895 13672 9.44439e+06 
912 2766 8882 9943 9895 11842 9.68454e+06 9943 9895 11608 9.45599e+06 
913 2766 8882 9943 9895 12106 9.69665e+06 9943 9895 10752 9.46675e+06 
914 2766 8882 9943 9895 9399 9.70605e+06 9943 9895 9288 9.47603e+06 
915 2766 8882 9943 9895 13090 9.71914e+06 9943 9895 12213 9.48825e+06 
916 2766 8882 9943 9895 10396 9.72953e+06 9943 9895 9251 9.4975e+06 
917 2766 8882 9943 9895 9084 9.73862e+06 9943 9895 9563 9.50706e+06 
918 2766 8882 9943 9895 11372 9.74999e+06 9943 9895 9318 9.51638e+06 
919 2766 8882 9943 9895 9505 9.7595e+06 9943 9895 9120 9.5255e+06 
920 2766 8882 9943 9895 9607 9.7691e+06 9943 9895 9346 9.53484e+06 
921 2766 8882 9943 9895 10009 9.77911e+06 9943 9895 9056 9.5439e+06 
922 2766 8882 9943 9895 9207 9.78832e+06 9943 9895 9587 9.55349e+06 
923 2766 8882 9943 9895 9605 9.79792e+06 9943 9895 9430 9.56292e+06 
924 2766 8882 9943 9895 9461 9.80738e+06 9943 9895 9254 9.57217e+06 
925 2766 8882 9943 9895 10320 9.8177e+06 9943 9895 15086 9.58726e+06 
926 2766 8882 9943 9895 16423 9.83413e+06 9943 9895 14967 9.60222e+06 
927 2766 8882 9943 9895 15984 9.85011e+06 9943 9895 15533 9.61776e+06 
928 2766 8882 9943 9895 15198 9.86531e+06 9943 9895 15693 9.63345e+06 
929 2766 8882 9943 9895 15766 9.88108e+06 9943 9895 15566 9.64902e+06 
930 2766 8882 9943 9895 16001 9.89708e+06 9943 9895 15857 9.66487e+06 
931 2766 8882 9943 9895 15625 9.9127e+06 9943 9895 15751 9.68062e+06 
932 2766 8882 9943 9895 15926 9.92863e+06 9943 9895 16072 9.6967e+06 
933 2766 8882 9943 9895 15973 9.9446e+06 9943 9895 14924 9.71162e+06 
934 2766 8882 9943 9895 12843 9.95744e+06 9943 9895 9482 9.7211e+06 
935 2766 8882 9943 9895 10274 9.96772e+06 9943 9895 9190 9.73029e+06 
936 2766 8882 9943 9895 9294 9.97701e+06 9943 9895 9410 9.7397e+06 
937 2766 8882 9943 9895 9572 9.98658e+06 9943 9895 8980 9.74868e+06 
938 2766 8882 9943 9895 9197 9.99578e+06 9943 9895 9063 9.75775e+06 
939 2766 8882 9943 9895 9542 1.00053e+07 9943 9895 9104 9.76685e+06 
940 2766 8882 9943 9895 10326 1.00156e+07 9943 9895 10508 9.77736e+06 
941 2766 8882 9943 9895 9833 1.00255e+07 9943 9895 10548 9.78791e+06 
942 2766 8882 9943 9895 10380 1.00359e+07 9943 9895 9343 9.79725e+06 
943 2766 8882 9943 9895 9417 1.00453e+07 9943 9895 9492 9.80674e+06 
944 2766 8882 9943 9895 9174 1.00545e+07 9943 9895 8969 9.81571e+06 
945 2766 8882 9943 9895 9383 1.00638e+07 9943 9895 8834 9.82454e+06 
946 2766 8882 9943 9895 10015 1.00738e+07 9943 9895 9198 9.83374e+06 
947 2766 8882 9943 9895 9779 1.00836e+07 9943 9895 9162 9.8429e+06 
948 2766 8882 9943 9895 12369 1.0096e+07 9943 9895 15607 9.85851e+06 
949 2766 8882 9943 9895 13431 1.01094e+07 9943 9895 13915 9.87243e+06 
950 2766 8882 9943 9895 16409 1.01258e+07 9943 9895 16311 9.88874e+06 
951 2766 8882 9943 9895 17083 1.01429e+07 9943 9895 16837 9.90557e+06 
952 2766 8882 9943 9895 16943 1.01599e+07 9943 9895 17002 9.92258e+06 
953 2766 8882 9943 9895 18276 1.01781e+07 9943 9895 16547 9.93912e+06 
954 2766 8882 9943 9895 16438 1.01946e+07 9943 9895 16857 9.95598e+06 
955 2766 8882 9943 9895 16924 1.02115e+07 9943 9895 16757 9.97274e+06 
956 2766 8882 9943 9895 16152 1.02277e+07 9943 9895 12909 9.98565e+06 
957 2766 8882 9943 9895 9970 1.02376e+07 9943 9895 10411 9.99606e+06 
958 2766 8882 9943 9895 10138 1.02478e+07 9943 9895 11017 1.00071e+07 
959 2766 8882 9943 9895 9905 1.02577e+07 9943 9895 10679 1.00178e+07 
960 2766 8882 9943 9895 9786 1.02675e+07 9943 9895 9852 1.00276e+07 
961 2766 8882 9943 9895 9723 1.02772e+07 9943 9895 9961 1.00376e+07 
962 2766 8882 9943 9895 9226 1.02864e+07 9943 9895 9412 1.0047e+07 
963 2766 8882 9943 9895 9622 1.0296e+07 9943 9895 9191 1.00562e+07 
964 2766 8882 9943 9895 10412 1.03064e+07 9943 9895 9504 1.00657e+07 
965 2766 8882 9943 9895 10802 1.03172e+07 9943 9895 10489 1.00762e+07 
966 2766 8882 9943 9895 9884 1.03271e+07 9943 9895 10858 1.0087e+07 
967 2766 8882 9943 9895 10280 1.03374e+07 9943 9895 9571 1.00966e+07 
968 2766 8882 9943 9895 9537 1.03469e+07 9943 9895 10260 1.01069e+07 
969 2766 8882 9943 9895 9856 1.03568e+07 9943 9895 9602 1.01165e+07 
970 2766 8882 9943 9895 10356 1.03672e+07 9943 9895 10824 1.01273e+07 
971 2766 8882 9943 9895 10310 1.03775e+07 9943 9895 10008 1.01373e+07 
972 2766 8882 9943 9895 10478 1.03879e+07 9943 9895 9814 1.01471e+07 
973 2766 8882 9943 9895 9516 1.03975e+07 9943 9895 10202 1.01573e+07 
974 2766 8882 9943 9895 10268 1.04077e+07 9943 9895 10481 1.01678e+07 
975 2766 8882 9943 9895 11159 1.04189e+07 9943 9895 11033 1.01788e+07 
976 2766 8882 9943 9895 11902 1.04308e+07 9943 9895 9403 1.01882e+07 
977 2766 8882 9943 9895 9366 1.04402e+07 9943 9895 9588 1.01978e+07 
978 2766 8882 9943 9895 12026 1.04522e+07 9943 9895 9426 1.02072e+07 
979 2766 8882 9943 9895 10645 1.04628e+07 9943 9895 9407 1.02166e+07 
980 2766 8882 9943 9895 11161 1.0474e+07 9943 9895 11592 1.02282e+07 
981 2766 8882 9943 9895 11517 1.04855e+07 9943 9895 14245 1.02425e+07 
982 2766 8882 9943 9895 16378 1.05019e+07 9943 9895 14260 1.02567e+07 
983 2766 8882 9943 9895 13309 1.05152e+07 9943 9895 12087 1.02688e+07 
984 2766 8882 9943 9895 13229 1.05284e+07 9943 9895 14443 1.02833e+07 
985 2766 8882 9943 9895 15658 1.05441e+07 9943 9895 13819 1.02971e+07 
986 2766 8882 9943 9895 13417 1.05575e+07 9943 9895 11353 1.03084e+07 
987 2766 8882 9943 9895 12423 1.05699e+07 9943 9895 13240 1.03217e+07 
988 2766 8882 9943 9895 13286 1.05832e+07 9943 9895 11649 1.03333e+07 
989 2766 8882 9943 9895 11687 1.05949e+07 9943 9895 10993 1.03443e+07 
990 2766 8882 9943 9895 12177 1.06071e+07 9943 9895 11704 1.0356e+07 
991 2766 8882 9943 9895 12028 1.06191e+07 9943 9895 12931 1.0369e+07 
992 2766 8882 9943 9895 14489 1.06336e+07 9943 9895 9424 1.03784e+07 
993 2766 8882 9943 9895 10734 1.06443e+07 9943 9895 10417 1.03888e+07 
994 2766 8882 9943 9895 9686 1.0654e+07 9943 9895 11117 1.03999e+07 
995 2766 8882 9943 9895 9717 1.06637e+07 9943 9895 9681 1.04096e+07 
996 2766 8882 9943 9895 10599 1.06743e+07 9943 9895 9325 1.04189e+07 
997 2766 8882 9943 9895 10527 1.06848e+07 9943 9895 9720 1.04286e+07 
998 2766 8882 9943 9895 9884 1.06947e+07 9943 9895 10546 1.04392e+07 
999 2766 8882 9943 9895 9325 1.07041e+07 9943 9895 10674 1.04499e+07 
