0 1516 5906 6406 8066 14 14 9943 9895 9837 9837 
1 1516 5906 8385 3530 12 26 9943 9895 10432 20269 
2 1516 5906 9359 5901 195 221 9943 9895 10558 30827 
3 1516 5906 9794 7995 38 259 9943 9895 9613 40440 
4 1516 5906 9893 9984 564 823 9943 9895 9440 49880 
5 1516 5906 9930 2785 128 951 9943 9895 10147 60027 
6 1516 5906 9943 9895 3504 4455 9943 9895 9177 69204 
7 1516 5906 9943 9895 10097 14552 9943 9895 9526 78730 
8 1516 5906 9943 9895 9424 23976 9943 9895 9404 88134 
9 1516 5906 9943 9895 10331 34307 9943 9895 9867 98001 
10 1516 5906 9943 9895 9583 43890 9943 9895 9306 107307 
11 1516 5906 9943 9895 10463 54353 9943 9895 9852 117159 
12 1516 5906 9943 9895 10821 65174 9943 9895 9763 126922 
13 1516 5906 9943 9895 10073 75247 9943 9895 9745 136667 
14 1516 5906 9943 9895 9272 84519 9943 9895 9175 145842 
15 1516 5906 9943 9895 9632 94151 9943 9895 9121 154963 
16 1516 5906 9943 9895 9732 103883 9943 9895 8964 163927 
17 1516 5906 9943 9895 9362 113245 9943 9895 9355 173282 
18 1516 5906 9943 9895 9690 122935 9943 9895 9142 182424 
19 1516 5906 9943 9895 9629 132564 9943 9895 9539 191963 
20 1516 5906 9943 9895 9903 142467 9943 9895 9230 201193 
21 1516 5906 9943 9895 9589 152056 9943 9895 10264 211457 
22 1516 5906 9943 9895 9652 161708 9943 9895 10122 221579 
23 1516 5906 9943 9895 9923 171631 9943 9895 9858 231437 
24 1516 5906 9943 9895 9479 181110 9943 9895 9240 240677 
25 1516 5906 9943 9895 9302 190412 9943 9895 9232 249909 
26 1516 5906 9943 9895 10064 200476 9943 9895 9366 259275 
27 1516 5906 9943 9895 9416 209892 9943 9895 9201 268476 
28 1516 5906 9943 9895 9761 219653 9943 9895 9244 277720 
29 1516 5906 9943 9895 9349 229002 9943 9895 9419 287139 
30 1516 5906 9943 9895 9356 238358 9943 9895 9242 296381 
31 1516 5906 9943 9895 9465 247823 9943 9895 9170 305551 
32 1516 5906 9943 9895 11287 259110 9943 9895 9677 315228 
33 1516 5906 9943 9895 10527 269637 9943 9895 9404 324632 
34 1516 5906 9943 9895 10078 279715 9943 9895 9299 333931 
35 1516 5906 9943 9895 9269 288984 9943 9895 9409 343340 
36 1516 5906 9943 9895 9604 298588 9943 9895 8914 352254 
37 1516 5906 9943 9895 9641 308229 9943 9895 9287 361541 
38 1516 5906 9943 9895 10033 318262 9943 9895 9385 370926 
39 1516 5906 9943 9895 9645 327907 9943 9895 9302 380228 
40 1516 5906 9943 9895 9335 337242 9943 9895 9069 389297 
41 1516 5906 9943 9895 9788 347030 9943 9895 9564 398861 
42 1516 5906 9943 9895 10271 357301 9943 9895 9464 408325 
43 1516 5906 9943 9895 10211 367512 9943 9895 10574 418899 
44 1516 5906 9943 9895 9661 377173 9943 9895 9745 428644 
45 1516 5906 9943 9895 9287 386460 9943 9895 9687 438331 
46 1516 5906 9943 9895 9361 395821 9943 9895 9364 447695 
47 1516 5906 9943 9895 9831 405652 9943 9895 11579 459274 
48 1516 5906 9943 9895 9741 415393 9943 9895 8926 468200 
49 1516 5906 9943 9895 9497 424890 9943 9895 9565 477765 
50 1516 5906 9943 9895 9797 434687 9943 9895 8984 486749 
51 1516 5906 9943 9895 10239 444926 9943 9895 9290 496039 
52 1516 5906 9943 9895 10293 455219 9943 9895 10238 506277 
53 1516 5906 9943 9895 9520 464739 9943 9895 11576 517853 
54 1516 5906 9943 9895 9623 474362 9943 9895 8945 526798 
55 1516 5906 9943 9895 9667 484029 9943 9895 9046 535844 
56 1516 5906 9943 9895 10017 494046 9943 9895 9481 545325 
57 1516 5906 9943 9895 9321 503367 9943 9895 9285 554610 
58 1516 5906 9943 9895 9380 512747 9943 9895 9036 563646 
59 1516 5906 9943 9895 9722 522469 9943 9895 8705 572351 
60 1516 5906 9943 9895 9527 531996 9943 9895 9144 581495 
61 1516 5906 9943 9895 9065 541061 9943 9895 9711 591206 
62 1516 5906 9943 9895 9560 550621 9943 9895 9485 600691 
63 1516 5906 9943 9895 10932 561553 9943 9895 9439 610130 
64 1516 5906 9943 9895 11234 572787 9943 9895 9490 619620 
65 1516 5906 9943 9895 9773 582560 9943 9895 9408 629028 
66 1516 5906 9943 9895 9483 592043 9943 9895 9367 638395 
67 1516 5906 9943 9895 9790 601833 9943 9895 9190 647585 
68 1516 5906 9943 9895 9967 611800 9943 9895 8907 656492 
69 1516 5906 9943 9895 9509 621309 9943 9895 9010 665502 
70 1516 5906 9943 9895 9542 630851 9943 9895 9749 675251 
71 1516 5906 9943 9895 9453 640304 9943 9895 9367 684618 
72 1516 5906 9943 9895 9482 649786 9943 9895 9384 694002 
73 1516 5906 9943 9895 9320 659106 9943 9895 9987 703989 
74 1516 5906 9943 9895 10518 669624 9943 9895 10378 714367 
75 1516 5906 9943 9895 11400 681024 9943 9895 9367 723734 
76 1516 5906 9943 9895 10505 691529 9943 9895 9560 733294 
77 1516 5906 9943 9895 9753 701282 9943 9895 9286 742580 
78 1516 5906 9943 9895 9720 711002 9943 9895 9544 752124 
79 1516 5906 9943 9895 9799 720801 9943 9895 9507 761631 
80 1516 5906 9943 9895 10193 730994 9943 9895 9268 770899 
81 1516 5906 9943 9895 9889 740883 9943 9895 9591 780490 
82 1516 5906 9943 9895 9924 750807 9943 9895 9494 789984 
83 1516 5906 9943 9895 9296 760103 9943 9895 10497 800481 
84 1516 5906 9943 9895 9908 770011 9943 9895 10676 811157 
85 1516 5906 9943 9895 9805 779816 9943 9895 10028 821185 
86 1516 5906 9943 9895 9870 789686 9943 9895 9528 830713 
87 1516 5906 9943 9895 9897 799583 9943 9895 9601 840314 
88 1516 5906 9943 9895 9744 809327 9943 9895 9500 849814 
89 1516 5906 9943 9895 10094 819421 9943 9895 9504 859318 
90 1516 5906 9943 9895 10194 829615 9943 9895 9380 868698 
91 1516 5906 9943 9895 9902 839517 9943 9895 9294 877992 
92 1516 5906 9943 9895 9937 849454 9943 9895 9586 887578 
93 1516 5906 9943 9895 11423 860877 9943 9895 10153 897731 
94 1516 5906 9943 9895 10004 870881 9943 9895 10774 908505 
95 1516 5906 9943 9895 9929 880810 9943 9895 10377 918882 
96 1516 5906 9943 9895 9683 890493 9943 9895 9460 928342 
97 1516 5906 9943 9895 9556 900049 9943 9895 9398 937740 
98 1516 5906 9943 9895 9767 909816 9943 9895 9167 946907 
99 1516 5906 9943 9895 9522 919338 9943 9895 9267 956174 
100 1516 5906 9943 9895 9687 929025 9943 9895 9019 965193 
101 1516 5906 9943 9895 9580 938605 9943 9895 9476 974669 
102 1516 5906 9943 9895 9228 947833 9943 9895 9090 983759 
103 1516 5906 9943 9895 9461 957294 9943 9895 9022 992781 
104 1516 5906 9943 9895 10927 968221 9943 9895 9614 1.0024e+06 
105 1516 5906 9943 9895 10598 978819 9943 9895 9360 1.01176e+06 
106 1516 5906 9943 9895 9998 988817 9943 9895 9207 1.02096e+06 
107 1516 5906 9943 9895 9690 998507 9943 9895 8811 1.02977e+06 
108 1516 5906 9943 9895 9197 1.0077e+06 9943 9895 9149 1.03892e+06 
109 1516 5906 9943 9895 9925 1.01763e+06 9943 9895 9168 1.04809e+06 
110 1516 5906 9943 9895 9355 1.02698e+06 9943 9895 9590 1.05768e+06 
111 1516 5906 9943 9895 9484 1.03647e+06 9943 9895 9303 1.06698e+06 
112 1516 5906 9943 9895 9313 1.04578e+06 9943 9895 9059 1.07604e+06 
113 1516 5906 9943 9895 10068 1.05585e+06 9943 9895 9510 1.08555e+06 
114 1516 5906 9943 9895 9351 1.0652e+06 9943 9895 10068 1.09562e+06 
115 1516 5906 9943 9895 9479 1.07468e+06 9943 9895 10253 1.10587e+06 
116 1516 5906 9943 9895 9658 1.08434e+06 9943 9895 9549 1.11542e+06 
117 1516 5906 9943 9895 9604 1.09394e+06 9943 9895 9396 1.12482e+06 
118 1516 5906 9943 9895 9403 1.10334e+06 9943 9895 9186 1.134e+06 
119 1516 5906 9943 9895 9329 1.11267e+06 9943 9895 9148 1.14315e+06 
120 1516 5906 9943 9895 9426 1.1221e+06 9943 9895 9370 1.15252e+06 
121 1516 5906 9943 9895 10060 1.13216e+06 9943 9895 9396 1.16192e+06 
122 1516 5906 9943 9895 10009 1.14217e+06 9943 9895 9285 1.1712e+06 
123 1516 5906 9943 9895 9765 1.15193e+06 9943 9895 9008 1.18021e+06 
124 1516 5906 9943 9895 9778 1.16171e+06 9943 9895 10783 1.19099e+06 
125 1516 5906 9943 9895 10258 1.17197e+06 9943 9895 12613 1.20361e+06 
126 1516 5906 9943 9895 15526 1.1875e+06 9943 9895 13507 1.21711e+06 
127 1516 5906 9943 9895 11328 1.19882e+06 9943 9895 11683 1.2288e+06 
128 1516 5906 9943 9895 11514 1.21034e+06 9943 9895 11719 1.24052e+06 
129 1516 5906 9943 9895 11892 1.22223e+06 9943 9895 11523 1.25204e+06 
130 1516 5906 9943 9895 11841 1.23407e+06 9943 9895 11043 1.26308e+06 
131 1516 5906 9943 9895 12370 1.24644e+06 9943 9895 11912 1.27499e+06 
132 1516 5906 9943 9895 11275 1.25772e+06 9943 9895 12254 1.28725e+06 
133 1516 5906 9943 9895 12628 1.27034e+06 9943 9895 15405 1.30265e+06 
134 1516 5906 9943 9895 14858 1.2852e+06 9943 9895 12268 1.31492e+06 
135 1516 5906 9943 9895 10664 1.29586e+06 9943 9895 10289 1.32521e+06 
136 1516 5906 9943 9895 10067 1.30593e+06 9943 9895 11295 1.3365e+06 
137 1516 5906 9943 9895 11946 1.31788e+06 9943 9895 12061 1.34857e+06 
138 1516 5906 9943 9895 13040 1.33092e+06 9943 9895 11818 1.36038e+06 
139 1516 5906 9943 9895 9845 1.34076e+06 9943 9895 9861 1.37024e+06 
140 1516 5906 9943 9895 11304 1.35207e+06 9943 9895 9983 1.38023e+06 
141 1516 5906 9943 9895 11145 1.36321e+06 9943 9895 11117 1.39134e+06 
142 1516 5906 9943 9895 15140 1.37835e+06 9943 9895 15232 1.40658e+06 
143 1516 5906 9943 9895 11445 1.3898e+06 9943 9895 12548 1.41912e+06 
144 1516 5906 9943 9895 11316 1.40111e+06 9943 9895 9800 1.42892e+06 
145 1516 5906 9943 9895 11260 1.41237e+06 9943 9895 10266 1.43919e+06 
146 1516 5906 9943 9895 10483 1.42286e+06 9943 9895 10976 1.45017e+06 
147 1516 5906 9943 9895 10561 1.43342e+06 9943 9895 9816 1.45998e+06 
148 1516 5906 9943 9895 10884 1.4443e+06 9943 9895 9831 1.46981e+06 
149 1516 5906 9943 9895 10079 1.45438e+06 9943 9895 10315 1.48013e+06 
150 1516 5906 9943 9895 9350 1.46373e+06 9943 9895 11704 1.49183e+06 
151 1516 5906 9943 9895 10963 1.47469e+06 9943 9895 11056 1.50289e+06 
152 1516 5906 9943 9895 11535 1.48623e+06 9943 9895 11016 1.5139e+06 
153 1516 5906 9943 9895 9749 1.49598e+06 9943 9895 10232 1.52414e+06 
154 1516 5906 9943 9895 9978 1.50596e+06 9943 9895 9789 1.53393e+06 
155 1516 5906 9943 9895 10048 1.516e+06 9943 9895 10041 1.54397e+06 
156 1516 5906 9943 9895 9961 1.52596e+06 9943 9895 9996 1.55396e+06 
157 1516 5906 9943 9895 10151 1.53612e+06 9943 9895 10492 1.56446e+06 
158 1516 5906 9943 9895 10408 1.54652e+06 9943 9895 9856 1.57431e+06 
159 1516 5906 9943 9895 10036 1.55656e+06 9943 9895 10274 1.58458e+06 
160 1516 5906 9943 9895 11936 1.5685e+06 9943 9895 13336 1.59792e+06 
161 1516 5906 9943 9895 11459 1.57995e+06 9943 9895 10435 1.60836e+06 
162 1516 5906 9943 9895 10622 1.59058e+06 9943 9895 10351 1.61871e+06 
163 1516 5906 9943 9895 9928 1.6005e+06 9943 9895 9969 1.62868e+06 
164 1516 5906 9943 9895 10681 1.61118e+06 9943 9895 9461 1.63814e+06 
165 1516 5906 9943 9895 10938 1.62212e+06 9943 9895 9844 1.64798e+06 
166 1516 5906 9943 9895 10396 1.63252e+06 9943 9895 10430 1.65841e+06 
167 1516 5906 9943 9895 9877 1.6424e+06 9943 9895 10440 1.66885e+06 
168 1516 5906 9943 9895 10557 1.65295e+06 9943 9895 9648 1.6785e+06 
169 1516 5906 9943 9895 10720 1.66367e+06 9943 9895 11774 1.69027e+06 
170 1516 5906 9943 9895 12616 1.67629e+06 9943 9895 11484 1.70176e+06 
171 1516 5906 9943 9895 11173 1.68746e+06 9943 9895 10143 1.7119e+06 
172 1516 5906 9943 9895 9945 1.69741e+06 9943 9895 10109 1.72201e+06 
173 1516 5906 9943 9895 10267 1.70767e+06 9943 9895 9711 1.73172e+06 
174 1516 5906 9943 9895 9960 1.71763e+06 9943 9895 11163 1.74288e+06 
175 1516 5906 9943 9895 10334 1.72797e+06 9943 9895 10420 1.7533e+06 
176 1516 5906 9943 9895 10419 1.73839e+06 9943 9895 10126 1.76343e+06 
177 1516 5906 9943 9895 10310 1.7487e+06 9943 9895 9716 1.77314e+06 
178 1516 5906 9943 9895 10711 1.75941e+06 9943 9895 9929 1.78307e+06 
179 1516 5906 9943 9895 12668 1.77208e+06 9943 9895 14986 1.79806e+06 
180 1516 5906 9943 9895 11324 1.7834e+06 9943 9895 10306 1.80837e+06 
181 1516 5906 9943 9895 9489 1.79289e+06 9943 9895 10212 1.81858e+06 
182 1516 5906 9943 9895 9971 1.80286e+06 9943 9895 9473 1.82805e+06 
183 1516 5906 9943 9895 10197 1.81306e+06 9943 9895 9323 1.83737e+06 
184 1516 5906 9943 9895 10261 1.82332e+06 9943 9895 9791 1.84716e+06 
185 1516 5906 9943 9895 9951 1.83327e+06 9943 9895 10259 1.85742e+06 
186 1516 5906 9943 9895 9696 1.84296e+06 9943 9895 10301 1.86772e+06 
187 1516 5906 9943 9895 10698 1.85366e+06 9943 9895 9603 1.87733e+06 
188 1516 5906 9943 9895 11698 1.86536e+06 9943 9895 13061 1.89039e+06 
189 1516 5906 9943 9895 15030 1.88039e+06 9943 9895 10388 1.90078e+06 
190 1516 5906 9943 9895 10186 1.89058e+06 9943 9895 9881 1.91066e+06 
191 1516 5906 9943 9895 10747 1.90132e+06 9943 9895 10558 1.92122e+06 
192 1516 5906 9943 9895 9911 1.91124e+06 9943 9895 10716 1.93193e+06 
193 1516 5906 9943 9895 11090 1.92232e+06 9943 9895 9728 1.94166e+06 
194 1516 5906 9943 9895 10986 1.93331e+06 9943 9895 9609 1.95127e+06 
195 1516 5906 9943 9895 10209 1.94352e+06 9943 9895 9730 1.961e+06 
196 1516 5906 9943 9895 9587 1.95311e+06 9943 9895 10382 1.97138e+06 
197 1516 5906 9943 9895 10439 1.96355e+06 9943 9895 9532 1.98091e+06 
198 1516 5906 9943 9895 12443 1.97599e+06 9943 9895 11275 1.99219e+06 
199 1516 5906 9943 9895 9728 1.98572e+06 9943 9895 10386 2.00257e+06 
200 1516 5906 9943 9895 9765 1.99548e+06 9943 9895 9144 2.01172e+06 
201 1516 5906 9943 9895 9683 2.00516e+06 9943 9895 9192 2.02091e+06 
202 1516 5906 9943 9895 9869 2.01503e+06 9943 9895 9206 2.03012e+06 
203 1516 5906 9943 9895 9692 2.02473e+06 9943 9895 9442 2.03956e+06 
204 1516 5906 9943 9895 9848 2.03457e+06 9943 9895 9615 2.04917e+06 
205 1516 5906 9943 9895 9346 2.04392e+06 9943 9895 9770 2.05894e+06 
206 1516 5906 9943 9895 9625 2.05354e+06 9943 9895 9584 2.06853e+06 
207 1516 5906 9943 9895 9476 2.06302e+06 9943 9895 9104 2.07763e+06 
208 1516 5906 9943 9895 12267 2.07529e+06 9943 9895 11764 2.0894e+06 
209 1516 5906 9943 9895 9927 2.08522e+06 9943 9895 10574 2.09997e+06 
210 1516 5906 9943 9895 10148 2.09536e+06 9943 9895 9369 2.10934e+06 
211 1516 5906 9943 9895 9778 2.10514e+06 9943 9895 9535 2.11887e+06 
212 1516 5906 9943 9895 9707 2.11485e+06 9943 9895 9434 2.12831e+06 
213 1516 5906 9943 9895 9602 2.12445e+06 9943 9895 9306 2.13761e+06 
214 1516 5906 9943 9895 9916 2.13437e+06 9943 9895 9670 2.14728e+06 
215 1516 5906 9943 9895 9748 2.14411e+06 9943 9895 9424 2.15671e+06 
216 1516 5906 9943 9895 9822 2.15394e+06 9943 9895 9417 2.16612e+06 
217 1516 5906 9943 9895 9691 2.16363e+06 9943 9895 9145 2.17527e+06 
218 1516 5906 9943 9895 12451 2.17608e+06 9943 9895 10193 2.18546e+06 
219 1516 5906 9943 9895 10631 2.18671e+06 9943 9895 9682 2.19514e+06 
220 1516 5906 9943 9895 9501 2.19621e+06 9943 9895 9472 2.20462e+06 
221 1516 5906 9943 9895 9368 2.20558e+06 9943 9895 9892 2.21451e+06 
222 1516 5906 9943 9895 9816 2.21539e+06 9943 9895 9427 2.22394e+06 
223 1516 5906 9943 9895 9794 2.22519e+06 9943 9895 9380 2.23332e+06 
224 1516 5906 9943 9895 9636 2.23482e+06 9943 9895 9184 2.2425e+06 
225 1516 5906 9943 9895 9753 2.24458e+06 9943 9895 9202 2.2517e+06 
226 1516 5906 9943 9895 9775 2.25435e+06 9943 9895 9211 2.26091e+06 
227 1516 5906 9943 9895 9685 2.26404e+06 9943 9895 9634 2.27055e+06 
228 1516 5906 9943 9895 11062 2.2751e+06 9943 9895 10804 2.28135e+06 
229 1516 5906 9943 9895 11248 2.28635e+06 9943 9895 10211 2.29156e+06 
230 1516 5906 9943 9895 9940 2.29629e+06 9943 9895 9064 2.30062e+06 
231 1516 5906 9943 9895 9607 2.30589e+06 9943 9895 8957 2.30958e+06 
232 1516 5906 9943 9895 9284 2.31518e+06 9943 9895 9087 2.31867e+06 
233 1516 5906 9943 9895 9916 2.32509e+06 9943 9895 9147 2.32782e+06 
234 1516 5906 9943 9895 9496 2.33459e+06 9943 9895 9438 2.33725e+06 
235 1516 5906 9943 9895 9291 2.34388e+06 9943 9895 9064 2.34632e+06 
236 1516 5906 9943 9895 9411 2.35329e+06 9943 9895 9093 2.35541e+06 
237 1516 5906 9943 9895 9412 2.3627e+06 9943 9895 9136 2.36455e+06 
238 1516 5906 9943 9895 9562 2.37227e+06 9943 9895 11784 2.37633e+06 
239 1516 5906 9943 9895 10906 2.38317e+06 9943 9895 10840 2.38717e+06 
240 1516 5906 9943 9895 11127 2.3943e+06 9943 9895 10483 2.39765e+06 
241 1516 5906 9943 9895 9323 2.40362e+06 9943 9895 9889 2.40754e+06 
242 1516 5906 9943 9895 9741 2.41336e+06 9943 9895 9515 2.41706e+06 
243 1516 5906 9943 9895 9275 2.42264e+06 9943 9895 9536 2.42659e+06 
244 1516 5906 9943 9895 9770 2.43241e+06 9943 9895 9172 2.43577e+06 
245 1516 5906 9943 9895 10037 2.44244e+06 9943 9895 9448 2.44521e+06 
246 1516 5906 9943 9895 9460 2.4519e+06 9943 9895 9037 2.45425e+06 
247 1516 5906 9943 9895 9324 2.46123e+06 9943 9895 9073 2.46332e+06 
248 1516 5906 9943 9895 9237 2.47047e+06 9943 9895 9832 2.47316e+06 
249 1516 5906 9943 9895 11617 2.48208e+06 9943 9895 10718 2.48387e+06 
250 1516 5906 9943 9895 10150 2.49223e+06 9943 9895 9882 2.49376e+06 
251 1516 5906 9943 9895 10198 2.50243e+06 9943 9895 9351 2.50311e+06 
252 1516 5906 9943 9895 9442 2.51187e+06 9943 9895 9455 2.51256e+06 
253 1516 5906 9943 9895 9422 2.5213e+06 9943 9895 9402 2.52196e+06 
254 1516 5906 9943 9895 9113 2.53041e+06 9943 9895 9149 2.53111e+06 
255 1516 5906 9943 9895 9455 2.53986e+06 9943 9895 9532 2.54064e+06 
256 1516 5906 9943 9895 9298 2.54916e+06 9943 9895 9171 2.54982e+06 
257 1516 5906 9943 9895 9885 2.55905e+06 9943 9895 9674 2.55949e+06 
258 1516 5906 9943 9895 9483 2.56853e+06 9943 9895 9232 2.56872e+06 
259 1516 5906 9943 9895 12767 2.5813e+06 9943 9895 9904 2.57863e+06 
260 1516 5906 9943 9895 10742 2.59204e+06 9943 9895 9394 2.58802e+06 
261 1516 5906 9943 9895 9488 2.60153e+06 9943 9895 9707 2.59773e+06 
262 1516 5906 9943 9895 9472 2.611e+06 9943 9895 9178 2.6069e+06 
263 1516 5906 9943 9895 10084 2.62108e+06 9943 9895 9178 2.61608e+06 
264 1516 5906 9943 9895 9261 2.63034e+06 9943 9895 9545 2.62563e+06 
265 1516 5906 9943 9895 9752 2.6401e+06 9943 9895 9349 2.63498e+06 
266 1516 5906 9943 9895 9463 2.64956e+06 9943 9895 8948 2.64392e+06 
267 1516 5906 9943 9895 9074 2.65863e+06 9943 9895 9398 2.65332e+06 
268 1516 5906 9943 9895 9595 2.66823e+06 9943 9895 9643 2.66297e+06 
269 1516 5906 9943 9895 10384 2.67861e+06 9943 9895 11911 2.67488e+06 
270 1516 5906 9943 9895 11466 2.69008e+06 9943 9895 9546 2.68442e+06 
271 1516 5906 9943 9895 10237 2.70031e+06 9943 9895 9050 2.69347e+06 
272 1516 5906 9943 9895 9778 2.71009e+06 9943 9895 9357 2.70283e+06 
273 1516 5906 9943 9895 9515 2.71961e+06 9943 9895 9374 2.7122e+06 
274 1516 5906 9943 9895 9576 2.72918e+06 9943 9895 9371 2.72158e+06 
275 1516 5906 9943 9895 9840 2.73902e+06 9943 9895 9104 2.73068e+06 
276 1516 5906 9943 9895 9357 2.74838e+06 9943 9895 8970 2.73965e+06 
277 1516 5906 9943 9895 9313 2.75769e+06 9943 9895 9101 2.74875e+06 
278 1516 5906 9943 9895 9312 2.767e+06 9943 9895 9216 2.75797e+06 
279 1516 5906 9943 9895 9271 2.77628e+06 9943 9895 11575 2.76954e+06 
280 1516 5906 9943 9895 11010 2.78729e+06 9943 9895 10140 2.77968e+06 
281 1516 5906 9943 9895 9796 2.79708e+06 9943 9895 9808 2.78949e+06 
282 1516 5906 9943 9895 9455 2.80654e+06 9943 9895 9451 2.79894e+06 
283 1516 5906 9943 9895 9443 2.81598e+06 9943 9895 9038 2.80798e+06 
284 1516 5906 9943 9895 9384 2.82536e+06 9943 9895 9032 2.81701e+06 
285 1516 5906 9943 9895 9082 2.83445e+06 9943 9895 10749 2.82776e+06 
286 1516 5906 9943 9895 9864 2.84431e+06 9943 9895 9935 2.83769e+06 
287 1516 5906 9943 9895 10203 2.85451e+06 9943 9895 9585 2.84728e+06 
288 1516 5906 9943 9895 10575 2.86509e+06 9943 9895 9266 2.85654e+06 
289 1516 5906 9943 9895 10028 2.87512e+06 9943 9895 9787 2.86633e+06 
290 1516 5906 9943 9895 12970 2.88809e+06 9943 9895 11079 2.87741e+06 
291 1516 5906 9943 9895 10875 2.89896e+06 9943 9895 9330 2.88674e+06 
292 1516 5906 9943 9895 10182 2.90914e+06 9943 9895 9926 2.89667e+06 
293 1516 5906 9943 9895 9463 2.91861e+06 9943 9895 10457 2.90712e+06 
294 1516 5906 9943 9895 9670 2.92828e+06 9943 9895 9918 2.91704e+06 
295 1516 5906 9943 9895 10256 2.93853e+06 9943 9895 9572 2.92661e+06 
296 1516 5906 9943 9895 10513 2.94904e+06 9943 9895 9337 2.93595e+06 
297 1516 5906 9943 9895 10591 2.95964e+06 9943 9895 10373 2.94632e+06 
298 1516 5906 9943 9895 9944 2.96958e+06 9943 9895 10038 2.95636e+06 
299 1516 5906 9943 9895 9560 2.97914e+06 9943 9895 12625 2.96899e+06 
300 1516 5906 9943 9895 11101 2.99024e+06 9943 9895 10472 2.97946e+06 
301 1516 5906 9943 9895 9523 2.99976e+06 9943 9895 9831 2.98929e+06 
302 1516 5906 9943 9895 10186 3.00995e+06 9943 9895 9250 2.99854e+06 
303 1516 5906 9943 9895 9466 3.01942e+06 9943 9895 8940 3.00748e+06 
304 1516 5906 9943 9895 9951 3.02937e+06 9943 9895 9469 3.01695e+06 
305 1516 5906 9943 9895 9389 3.03876e+06 9943 9895 9248 3.0262e+06 
306 1516 5906 9943 9895 9672 3.04843e+06 9943 9895 9374 3.03557e+06 
307 1516 5906 9943 9895 9403 3.05783e+06 9943 9895 9573 3.04514e+06 
308 1516 5906 9943 9895 9536 3.06737e+06 9943 9895 9241 3.05438e+06 
309 1516 5906 9943 9895 9850 3.07722e+06 9943 9895 10469 3.06485e+06 
310 1516 5906 9943 9895 11978 3.0892e+06 9943 9895 11393 3.07625e+06 
311 1516 5906 9943 9895 9563 3.09876e+06 9943 9895 9245 3.08549e+06 
312 1516 5906 9943 9895 9301 3.10806e+06 9943 9895 9269 3.09476e+06 
313 1516 5906 9943 9895 9538 3.1176e+06 9943 9895 9121 3.10388e+06 
314 1516 5906 9943 9895 9303 3.1269e+06 9943 9895 9088 3.11297e+06 
315 1516 5906 9943 9895 9741 3.13664e+06 9943 9895 9289 3.12226e+06 
316 1516 5906 9943 9895 9353 3.14599e+06 9943 9895 9296 3.13156e+06 
317 1516 5906 9943 9895 9383 3.15538e+06 9943 9895 8871 3.14043e+06 
318 1516 5906 9943 9895 9038 3.16442e+06 9943 9895 9412 3.14984e+06 
319 1516 5906 9943 9895 9675 3.17409e+06 9943 9895 8913 3.15875e+06 
320 1516 5906 9943 9895 11583 3.18567e+06 9943 9895 12820 3.17157e+06 
321 1516 5906 9943 9895 14474 3.20015e+06 9943 9895 9789 3.18136e+06 
322 1516 5906 9943 9895 10098 3.21024e+06 9943 9895 9898 3.19126e+06 
323 1516 5906 9943 9895 10622 3.22087e+06 9943 9895 9708 3.20097e+06 
324 1516 5906 9943 9895 10230 3.2311e+06 9943 9895 9599 3.21056e+06 
325 1516 5906 9943 9895 10254 3.24135e+06 9943 9895 10432 3.221e+06 
326 1516 5906 9943 9895 10321 3.25167e+06 9943 9895 10042 3.23104e+06 
327 1516 5906 9943 9895 10152 3.26182e+06 9943 9895 9911 3.24095e+06 
328 1516 5906 9943 9895 10253 3.27208e+06 9943 9895 9590 3.25054e+06 
329 1516 5906 9943 9895 9611 3.28169e+06 9943 9895 10882 3.26142e+06 
330 1516 5906 9943 9895 12095 3.29378e+06 9943 9895 11212 3.27263e+06 
331 1516 5906 9943 9895 10749 3.30453e+06 9943 9895 10909 3.28354e+06 
332 1516 5906 9943 9895 9979 3.31451e+06 9943 9895 10142 3.29368e+06 
333 1516 5906 9943 9895 10006 3.32452e+06 9943 9895 9631 3.30332e+06 
334 1516 5906 9943 9895 10167 3.33468e+06 9943 9895 9586 3.3129e+06 
335 1516 5906 9943 9895 10848 3.34553e+06 9943 9895 9616 3.32252e+06 
336 1516 5906 9943 9895 9884 3.35542e+06 9943 9895 10179 3.3327e+06 
337 1516 5906 9943 9895 9877 3.36529e+06 9943 9895 10025 3.34272e+06 
338 1516 5906 9943 9895 10090 3.37538e+06 9943 9895 9848 3.35257e+06 
339 1516 5906 9943 9895 11294 3.38668e+06 9943 9895 11064 3.36363e+06 
340 1516 5906 9943 9895 11529 3.39821e+06 9943 9895 11415 3.37505e+06 
341 1516 5906 9943 9895 10311 3.40852e+06 9943 9895 9911 3.38496e+06 
342 1516 5906 9943 9895 10596 3.41911e+06 9943 9895 9760 3.39472e+06 
343 1516 5906 9943 9895 9984 3.4291e+06 9943 9895 9670 3.40439e+06 
344 1516 5906 9943 9895 9820 3.43892e+06 9943 9895 10583 3.41497e+06 
345 1516 5906 9943 9895 10152 3.44907e+06 9943 9895 9848 3.42482e+06 
346 1516 5906 9943 9895 9262 3.45833e+06 9943 9895 9258 3.43408e+06 
347 1516 5906 9943 9895 9286 3.46762e+06 9943 9895 9482 3.44356e+06 
348 1516 5906 9943 9895 9576 3.47719e+06 9943 9895 10357 3.45392e+06 
349 1516 5906 9943 9895 11072 3.48826e+06 9943 9895 10073 3.46399e+06 
350 1516 5906 9943 9895 10979 3.49924e+06 9943 9895 9379 3.47337e+06 
351 1516 5906 9943 9895 9412 3.50866e+06 9943 9895 9295 3.48266e+06 
352 1516 5906 9943 9895 9401 3.51806e+06 9943 9895 9176 3.49184e+06 
353 1516 5906 9943 9895 10100 3.52816e+06 9943 9895 9174 3.50102e+06 
354 1516 5906 9943 9895 9821 3.53798e+06 9943 9895 9127 3.51014e+06 
355 1516 5906 9943 9895 10011 3.54799e+06 9943 9895 9044 3.51919e+06 
356 1516 5906 9943 9895 9244 3.55723e+06 9943 9895 8884 3.52807e+06 
357 1516 5906 9943 9895 9470 3.5667e+06 9943 9895 9019 3.53709e+06 
358 1516 5906 9943 9895 9625 3.57633e+06 9943 9895 9113 3.5462e+06 
359 1516 5906 9943 9895 9405 3.58573e+06 9943 9895 10679 3.55688e+06 
360 1516 5906 9943 9895 10319 3.59605e+06 9943 9895 10318 3.5672e+06 
361 1516 5906 9943 9895 11263 3.60732e+06 9943 9895 9112 3.57631e+06 
362 1516 5906 9943 9895 10332 3.61765e+06 9943 9895 8928 3.58524e+06 
363 1516 5906 9943 9895 9314 3.62696e+06 9943 9895 9509 3.59475e+06 
364 1516 5906 9943 9895 9420 3.63638e+06 9943 9895 9090 3.60384e+06 
365 1516 5906 9943 9895 9580 3.64596e+06 9943 9895 9436 3.61327e+06 
366 1516 5906 9943 9895 9652 3.65561e+06 9943 9895 9043 3.62232e+06 
367 1516 5906 9943 9895 9480 3.66509e+06 9943 9895 9400 3.63172e+06 
368 1516 5906 9943 9895 9137 3.67423e+06 9943 9895 9407 3.64112e+06 
369 1516 5906 9943 9895 9591 3.68382e+06 9943 9895 10054 3.65118e+06 
370 1516 5906 9943 9895 10151 3.69397e+06 9943 9895 11656 3.66283e+06 
371 1516 5906 9943 9895 10145 3.70412e+06 9943 9895 9083 3.67192e+06 
372 1516 5906 9943 9895 9925 3.71404e+06 9943 9895 9025 3.68094e+06 
373 1516 5906 9943 9895 9576 3.72362e+06 9943 9895 9318 3.69026e+06 
374 1516 5906 9943 9895 9344 3.73296e+06 9943 9895 9182 3.69944e+06 
375 1516 5906 9943 9895 9171 3.74213e+06 9943 9895 9266 3.70871e+06 
376 1516 5906 9943 9895 9456 3.75159e+06 9943 9895 9137 3.71784e+06 
377 1516 5906 9943 9895 9287 3.76088e+06 9943 9895 9466 3.72731e+06 
378 1516 5906 9943 9895 9700 3.77058e+06 9943 9895 9391 3.7367e+06 
379 1516 5906 9943 9895 9444 3.78002e+06 9943 9895 9051 3.74575e+06 
380 1516 5906 9943 9895 10387 3.79041e+06 9943 9895 9783 3.75554e+06 
381 1516 5906 9943 9895 11187 3.80159e+06 9943 9895 10765 3.7663e+06 
382 1516 5906 9943 9895 10308 3.8119e+06 9943 9895 9175 3.77548e+06 
383 1516 5906 9943 9895 9417 3.82132e+06 9943 9895 9217 3.78469e+06 
384 1516 5906 9943 9895 10056 3.83138e+06 9943 9895 9494 3.79419e+06 
385 1516 5906 9943 9895 9434 3.84081e+06 9943 9895 9337 3.80352e+06 
386 1516 5906 9943 9895 10178 3.85099e+06 9943 9895 9405 3.81293e+06 
387 1516 5906 9943 9895 9278 3.86026e+06 9943 9895 9629 3.82256e+06 
388 1516 5906 9943 9895 9228 3.86949e+06 9943 9895 9319 3.83188e+06 
389 1516 5906 9943 9895 9598 3.87909e+06 9943 9895 10599 3.84248e+06 
390 1516 5906 9943 9895 9551 3.88864e+06 9943 9895 11342 3.85382e+06 
391 1516 5906 9943 9895 10282 3.89892e+06 9943 9895 10790 3.86461e+06 
392 1516 5906 9943 9895 11346 3.91027e+06 9943 9895 9741 3.87435e+06 
393 1516 5906 9943 9895 9829 3.9201e+06 9943 9895 9387 3.88374e+06 
394 1516 5906 9943 9895 9586 3.92968e+06 9943 9895 9123 3.89286e+06 
395 1516 5906 9943 9895 9204 3.93889e+06 9943 9895 9173 3.90203e+06 
396 1516 5906 9943 9895 9869 3.94876e+06 9943 9895 9250 3.91128e+06 
397 1516 5906 9943 9895 9767 3.95852e+06 9943 9895 9223 3.9205e+06 
398 1516 5906 9943 9895 9461 3.96799e+06 9943 9895 9020 3.92952e+06 
399 1516 5906 9943 9895 9546 3.97753e+06 9943 9895 9073 3.9386e+06 
400 1516 5906 9943 9895 9100 3.98663e+06 9943 9895 10058 3.94866e+06 
401 1516 5906 9943 9895 9758 3.99639e+06 9943 9895 10790 3.95945e+06 
402 1516 5906 9943 9895 10194 4.00658e+06 9943 9895 10219 3.96966e+06 
403 1516 5906 9943 9895 9911 4.0165e+06 9943 9895 9365 3.97903e+06 
404 1516 5906 9943 9895 9605 4.0261e+06 9943 9895 9257 3.98829e+06 
405 1516 5906 9943 9895 9788 4.03589e+06 9943 9895 9025 3.99731e+06 
406 1516 5906 9943 9895 9433 4.04532e+06 9943 9895 9189 4.0065e+06 
407 1516 5906 9943 9895 9582 4.0549e+06 9943 9895 9421 4.01592e+06 
408 1516 5906 9943 9895 10005 4.06491e+06 9943 9895 9630 4.02555e+06 
409 1516 5906 9943 9895 9469 4.07438e+06 9943 9895 9308 4.03486e+06 
410 1516 5906 9943 9895 9464 4.08384e+06 9943 9895 8994 4.04385e+06 
411 1516 5906 9943 9895 10754 4.0946e+06 9943 9895 9989 4.05384e+06 
412 1516 5906 9943 9895 10330 4.10492e+06 9943 9895 9644 4.06349e+06 
413 1516 5906 9943 9895 9862 4.11479e+06 9943 9895 10567 4.07405e+06 
414 1516 5906 9943 9895 9695 4.12448e+06 9943 9895 9389 4.08344e+06 
415 1516 5906 9943 9895 9227 4.13371e+06 9943 9895 9387 4.09283e+06 
416 1516 5906 9943 9895 9143 4.14285e+06 9943 9895 8759 4.10159e+06 
417 1516 5906 9943 9895 9847 4.1527e+06 9943 9895 9333 4.11092e+06 
418 1516 5906 9943 9895 9483 4.16218e+06 9943 9895 9078 4.12e+06 
419 1516 5906 9943 9895 9463 4.17164e+06 9943 9895 9279 4.12928e+06 
420 1516 5906 9943 9895 9664 4.18131e+06 9943 9895 9358 4.13864e+06 
421 1516 5906 9943 9895 10703 4.19201e+06 9943 9895 10498 4.14914e+06 
422 1516 5906 9943 9895 11264 4.20328e+06 9943 9895 9536 4.15867e+06 
423 1516 5906 9943 9895 9954 4.21323e+06 9943 9895 9892 4.16856e+06 
424 1516 5906 9943 9895 10466 4.2237e+06 9943 9895 9963 4.17853e+06 
425 1516 5906 9943 9895 9286 4.23298e+06 9943 9895 9552 4.18808e+06 
426 1516 5906 9943 9895 9415 4.2424e+06 9943 9895 8944 4.19702e+06 
427 1516 5906 9943 9895 9415 4.25181e+06 9943 9895 9401 4.20642e+06 
428 1516 5906 9943 9895 9574 4.26139e+06 9943 9895 9252 4.21568e+06 
429 1516 5906 9943 9895 9354 4.27074e+06 9943 9895 9301 4.22498e+06 
430 1516 5906 9943 9895 9417 4.28016e+06 9943 9895 9180 4.23416e+06 
431 1516 5906 9943 9895 11103 4.29126e+06 9943 9895 10168 4.24432e+06 
432 1516 5906 9943 9895 10554 4.30181e+06 9943 9895 10298 4.25462e+06 
433 1516 5906 9943 9895 12381 4.3142e+06 9943 9895 9277 4.2639e+06 
434 1516 5906 9943 9895 9255 4.32345e+06 9943 9895 9371 4.27327e+06 
435 1516 5906 9943 9895 9319 4.33277e+06 9943 9895 9501 4.28277e+06 
436 1516 5906 9943 9895 9686 4.34246e+06 9943 9895 9420 4.29219e+06 
437 1516 5906 9943 9895 10860 4.35332e+06 9943 9895 9467 4.30166e+06 
438 1516 5906 9943 9895 9336 4.36265e+06 9943 9895 9174 4.31083e+06 
439 1516 5906 9943 9895 9548 4.3722e+06 9943 9895 9110 4.31994e+06 
440 1516 5906 9943 9895 9820 4.38202e+06 9943 9895 9456 4.3294e+06 
441 1516 5906 9943 9895 9447 4.39147e+06 9943 9895 10553 4.33995e+06 
442 1516 5906 9943 9895 10800 4.40227e+06 9943 9895 10158 4.35011e+06 
443 1516 5906 9943 9895 11982 4.41425e+06 9943 9895 10166 4.36028e+06 
444 1516 5906 9943 9895 9835 4.42408e+06 9943 9895 8985 4.36926e+06 
445 1516 5906 9943 9895 9339 4.43342e+06 9943 9895 9657 4.37892e+06 
446 1516 5906 9943 9895 9469 4.44289e+06 9943 9895 9471 4.38839e+06 
447 1516 5906 9943 9895 9082 4.45197e+06 9943 9895 9319 4.39771e+06 
448 1516 5906 9943 9895 9650 4.46162e+06 9943 9895 9298 4.407e+06 
449 1516 5906 9943 9895 9966 4.47159e+06 9943 9895 9593 4.4166e+06 
450 1516 5906 9943 9895 9731 4.48132e+06 9943 9895 9415 4.42601e+06 
451 1516 5906 9943 9895 10103 4.49142e+06 9943 9895 10165 4.43618e+06 
452 1516 5906 9943 9895 9976 4.5014e+06 9943 9895 10811 4.44699e+06 
453 1516 5906 9943 9895 10361 4.51176e+06 9943 9895 10011 4.457e+06 
454 1516 5906 9943 9895 9874 4.52163e+06 9943 9895 9104 4.4661e+06 
455 1516 5906 9943 9895 10130 4.53176e+06 9943 9895 9158 4.47526e+06 
456 1516 5906 9943 9895 9453 4.54122e+06 9943 9895 9285 4.48455e+06 
457 1516 5906 9943 9895 9288 4.5505e+06 9943 9895 9035 4.49358e+06 
458 1516 5906 9943 9895 9359 4.55986e+06 9943 9895 9512 4.50309e+06 
459 1516 5906 9943 9895 9490 4.56935e+06 9943 9895 9235 4.51233e+06 
460 1516 5906 9943 9895 9644 4.579e+06 9943 9895 8964 4.52129e+06 
461 1516 5906 9943 9895 9416 4.58841e+06 9943 9895 9535 4.53083e+06 
462 1516 5906 9943 9895 10670 4.59908e+06 9943 9895 9999 4.54083e+06 
463 1516 5906 9943 9895 10957 4.61004e+06 9943 9895 9984 4.55081e+06 
464 1516 5906 9943 9895 9771 4.61981e+06 9943 9895 9231 4.56004e+06 
465 1516 5906 9943 9895 9368 4.62918e+06 9943 9895 9317 4.56936e+06 
466 1516 5906 9943 9895 9516 4.6387e+06 9943 9895 9455 4.57881e+06 
467 1516 5906 9943 9895 9734 4.64843e+06 9943 9895 9579 4.58839e+06 
468 1516 5906 9943 9895 9297 4.65773e+06 9943 9895 9219 4.59761e+06 
469 1516 5906 9943 9895 9781 4.66751e+06 9943 9895 8872 4.60648e+06 
470 1516 5906 9943 9895 9263 4.67677e+06 9943 9895 8964 4.61545e+06 
471 1516 5906 9943 9895 9494 4.68626e+06 9943 9895 9194 4.62464e+06 
472 1516 5906 9943 9895 9386 4.69565e+06 9943 9895 10401 4.63504e+06 
473 1516 5906 9943 9895 10250 4.7059e+06 9943 9895 10245 4.64529e+06 
474 1516 5906 9943 9895 10608 4.71651e+06 9943 9895 9231 4.65452e+06 
475 1516 5906 9943 9895 11049 4.72756e+06 9943 9895 9526 4.66404e+06 
476 1516 5906 9943 9895 9711 4.73727e+06 9943 9895 9555 4.6736e+06 
477 1516 5906 9943 9895 9377 4.74665e+06 9943 9895 9186 4.68279e+06 
478 1516 5906 9943 9895 9235 4.75588e+06 9943 9895 9250 4.69204e+06 
479 1516 5906 9943 9895 10111 4.76599e+06 9943 9895 8994 4.70103e+06 
480 1516 5906 9943 9895 9038 4.77503e+06 9943 9895 9448 4.71048e+06 
481 1516 5906 9943 9895 9908 4.78494e+06 9943 9895 9288 4.71977e+06 
482 1516 5906 9943 9895 9980 4.79492e+06 9943 9895 9966 4.72973e+06 
483 1516 5906 9943 9895 10055 4.80497e+06 9943 9895 10836 4.74057e+06 
484 1516 5906 9943 9895 9909 4.81488e+06 9943 9895 11422 4.75199e+06 
485 1516 5906 9943 9895 10551 4.82543e+06 9943 9895 9312 4.7613e+06 
486 1516 5906 9943 9895 9255 4.83469e+06 9943 9895 9020 4.77032e+06 
487 1516 5906 9943 9895 9347 4.84404e+06 9943 9895 9227 4.77955e+06 
488 1516 5906 9943 9895 9538 4.85357e+06 9943 9895 8825 4.78837e+06 
489 1516 5906 9943 9895 9585 4.86316e+06 9943 9895 9707 4.79808e+06 
490 1516 5906 9943 9895 8931 4.87209e+06 9943 9895 9072 4.80715e+06 
491 1516 5906 9943 9895 9524 4.88161e+06 9943 9895 9982 4.81714e+06 
492 1516 5906 9943 9895 9792 4.8914e+06 9943 9895 9053 4.82619e+06 
493 1516 5906 9943 9895 10807 4.90221e+06 9943 9895 9762 4.83595e+06 
494 1516 5906 9943 9895 10716 4.91293e+06 9943 9895 10958 4.84691e+06 
495 1516 5906 9943 9895 9775 4.9227e+06 9943 9895 9415 4.85632e+06 
496 1516 5906 9943 9895 9825 4.93253e+06 9943 9895 9511 4.86583e+06 
497 1516 5906 9943 9895 9758 4.94229e+06 9943 9895 9747 4.87558e+06 
498 1516 5906 9943 9895 9784 4.95207e+06 9943 9895 9419 4.885e+06 
499 1516 5906 9943 9895 9466 4.96154e+06 9943 9895 9293 4.89429e+06 
500 1516 5906 9943 9895 9900 4.97144e+06 9943 9895 9161 4.90345e+06 
501 1516 5906 9943 9895 9438 4.98087e+06 9943 9895 9059 4.91251e+06 
502 1516 5906 9943 9895 9404 4.99028e+06 9943 9895 9226 4.92174e+06 
503 1516 5906 9943 9895 10627 5.0009e+06 9943 9895 10293 4.93203e+06 
504 1516 5906 9943 9895 10975 5.01188e+06 9943 9895 9473 4.9415e+06 
505 1516 5906 9943 9895 10642 5.02252e+06 9943 9895 9507 4.95101e+06 
506 1516 5906 9943 9895 9487 5.03201e+06 9943 9895 9266 4.96028e+06 
507 1516 5906 9943 9895 9481 5.04149e+06 9943 9895 8959 4.96924e+06 
508 1516 5906 9943 9895 9545 5.05104e+06 9943 9895 9361 4.9786e+06 
509 1516 5906 9943 9895 9963 5.061e+06 9943 9895 9206 4.9878e+06 
510 1516 5906 9943 9895 9410 5.07041e+06 9943 9895 9213 4.99702e+06 
511 1516 5906 9943 9895 9227 5.07964e+06 9943 9895 9114 5.00613e+06 
512 1516 5906 9943 9895 8987 5.08862e+06 9943 9895 9279 5.01541e+06 
513 1516 5906 9943 9895 9601 5.09822e+06 9943 9895 9541 5.02495e+06 
514 1516 5906 9943 9895 10112 5.10834e+06 9943 9895 10490 5.03544e+06 
515 1516 5906 9943 9895 9867 5.1182e+06 9943 9895 10331 5.04577e+06 
516 1516 5906 9943 9895 9594 5.1278e+06 9943 9895 9131 5.0549e+06 
517 1516 5906 9943 9895 9329 5.13712e+06 9943 9895 9261 5.06416e+06 
518 1516 5906 9943 9895 9231 5.14636e+06 9943 9895 9049 5.07321e+06 
519 1516 5906 9943 9895 9382 5.15574e+06 9943 9895 9273 5.08249e+06 
520 1516 5906 9943 9895 9547 5.16528e+06 9943 9895 9299 5.09178e+06 
521 1516 5906 9943 9895 9950 5.17524e+06 9943 9895 9333 5.10112e+06 
522 1516 5906 9943 9895 9844 5.18508e+06 9943 9895 9092 5.11021e+06 
523 1516 5906 9943 9895 9431 5.19451e+06 9943 9895 8911 5.11912e+06 
524 1516 5906 9943 9895 10474 5.20498e+06 9943 9895 11380 5.1305e+06 
525 1516 5906 9943 9895 12317 5.2173e+06 9943 9895 11205 5.14171e+06 
526 1516 5906 9943 9895 10537 5.22784e+06 9943 9895 9785 5.15149e+06 
527 1516 5906 9943 9895 10796 5.23863e+06 9943 9895 9686 5.16118e+06 
528 1516 5906 9943 9895 10357 5.24899e+06 9943 9895 10738 5.17192e+06 
529 1516 5906 9943 9895 10264 5.25926e+06 9943 9895 10083 5.182e+06 
530 1516 5906 9943 9895 9634 5.26889e+06 9943 9895 9854 5.19185e+06 
531 1516 5906 9943 9895 10318 5.27921e+06 9943 9895 9976 5.20183e+06 
532 1516 5906 9943 9895 10052 5.28926e+06 9943 9895 10051 5.21188e+06 
533 1516 5906 9943 9895 10510 5.29977e+06 9943 9895 10528 5.22241e+06 
534 1516 5906 9943 9895 11668 5.31144e+06 9943 9895 10585 5.23299e+06 
535 1516 5906 9943 9895 11252 5.32269e+06 9943 9895 10122 5.24311e+06 
536 1516 5906 9943 9895 11247 5.33394e+06 9943 9895 10016 5.25313e+06 
537 1516 5906 9943 9895 9632 5.34357e+06 9943 9895 9386 5.26252e+06 
538 1516 5906 9943 9895 9940 5.35351e+06 9943 9895 9388 5.2719e+06 
539 1516 5906 9943 9895 10326 5.36383e+06 9943 9895 10186 5.28209e+06 
540 1516 5906 9943 9895 10988 5.37482e+06 9943 9895 9497 5.29159e+06 
541 1516 5906 9943 9895 10344 5.38517e+06 9943 9895 10260 5.30185e+06 
542 1516 5906 9943 9895 10243 5.39541e+06 9943 9895 9876 5.31172e+06 
543 1516 5906 9943 9895 9970 5.40538e+06 9943 9895 10715 5.32244e+06 
544 1516 5906 9943 9895 11159 5.41654e+06 9943 9895 10078 5.33252e+06 
545 1516 5906 9943 9895 11842 5.42838e+06 9943 9895 9885 5.3424e+06 
546 1516 5906 9943 9895 10426 5.43881e+06 9943 9895 10445 5.35285e+06 
547 1516 5906 9943 9895 10360 5.44917e+06 9943 9895 9415 5.36226e+06 
548 1516 5906 9943 9895 10729 5.4599e+06 9943 9895 9516 5.37178e+06 
549 1516 5906 9943 9895 10187 5.47008e+06 9943 9895 10275 5.38205e+06 
550 1516 5906 9943 9895 9688 5.47977e+06 9943 9895 9487 5.39154e+06 
551 1516 5906 9943 9895 9616 5.48939e+06 9943 9895 9447 5.40099e+06 
552 1516 5906 9943 9895 10130 5.49952e+06 9943 9895 9140 5.41013e+06 
553 1516 5906 9943 9895 10522 5.51004e+06 9943 9895 9883 5.42001e+06 
554 1516 5906 9943 9895 10582 5.52062e+06 9943 9895 9978 5.42999e+06 
555 1516 5906 9943 9895 10835 5.53146e+06 9943 9895 9032 5.43902e+06 
556 1516 5906 9943 9895 9593 5.54105e+06 9943 9895 9136 5.44816e+06 
557 1516 5906 9943 9895 9434 5.55048e+06 9943 9895 9718 5.45787e+06 
558 1516 5906 9943 9895 9404 5.55989e+06 9943 9895 9475 5.46735e+06 
559 1516 5906 9943 9895 9624 5.56951e+06 9943 9895 9323 5.47667e+06 
560 1516 5906 9943 9895 9471 5.57898e+06 9943 9895 9090 5.48576e+06 
561 1516 5906 9943 9895 9495 5.58848e+06 9943 9895 8931 5.49469e+06 
562 1516 5906 9943 9895 9588 5.59806e+06 9943 9895 9113 5.5038e+06 
563 1516 5906 9943 9895 9376 5.60744e+06 9943 9895 9996 5.5138e+06 
564 1516 5906 9943 9895 10164 5.6176e+06 9943 9895 10799 5.5246e+06 
565 1516 5906 9943 9895 11558 5.62916e+06 9943 9895 9773 5.53437e+06 
566 1516 5906 9943 9895 9706 5.63887e+06 9943 9895 8778 5.54315e+06 
567 1516 5906 9943 9895 9458 5.64833e+06 9943 9895 8785 5.55194e+06 
568 1516 5906 9943 9895 9326 5.65765e+06 9943 9895 9143 5.56108e+06 
569 1516 5906 9943 9895 9289 5.66694e+06 9943 9895 9169 5.57025e+06 
570 1516 5906 9943 9895 9924 5.67686e+06 9943 9895 8971 5.57922e+06 
571 1516 5906 9943 9895 9233 5.6861e+06 9943 9895 9315 5.58853e+06 
572 1516 5906 9943 9895 9380 5.69548e+06 9943 9895 9163 5.5977e+06 
573 1516 5906 9943 9895 9729 5.70521e+06 9943 9895 9371 5.60707e+06 
574 1516 5906 9943 9895 10760 5.71597e+06 9943 9895 9475 5.61654e+06 
575 1516 5906 9943 9895 10725 5.72669e+06 9943 9895 10162 5.6267e+06 
576 1516 5906 9943 9895 10044 5.73674e+06 9943 9895 9407 5.63611e+06 
577 1516 5906 9943 9895 9225 5.74596e+06 9943 9895 9264 5.64538e+06 
578 1516 5906 9943 9895 9401 5.75536e+06 9943 9895 9241 5.65462e+06 
579 1516 5906 9943 9895 9400 5.76476e+06 9943 9895 9069 5.66369e+06 
580 1516 5906 9943 9895 9321 5.77408e+06 9943 9895 9347 5.67303e+06 
581 1516 5906 9943 9895 10139 5.78422e+06 9943 9895 9269 5.6823e+06 
582 1516 5906 9943 9895 9599 5.79382e+06 9943 9895 9871 5.69217e+06 
583 1516 5906 9943 9895 9578 5.8034e+06 9943 9895 10437 5.70261e+06 
584 1516 5906 9943 9895 9813 5.81321e+06 9943 9895 11524 5.71413e+06 
585 1516 5906 9943 9895 10934 5.82415e+06 9943 9895 10424 5.72456e+06 
586 1516 5906 9943 9895 10219 5.83436e+06 9943 9895 9911 5.73447e+06 
587 1516 5906 9943 9895 10020 5.84438e+06 9943 9895 9738 5.74421e+06 
588 1516 5906 9943 9895 10205 5.85459e+06 9943 9895 10427 5.75463e+06 
589 1516 5906 9943 9895 9951 5.86454e+06 9943 9895 9506 5.76414e+06 
590 1516 5906 9943 9895 10046 5.87459e+06 9943 9895 10207 5.77435e+06 
591 1516 5906 9943 9895 10530 5.88512e+06 9943 9895 9819 5.78417e+06 
592 1516 5906 9943 9895 10191 5.89531e+06 9943 9895 10709 5.79488e+06 
593 1516 5906 9943 9895 10776 5.90608e+06 9943 9895 9869 5.80474e+06 
594 1516 5906 9943 9895 10623 5.91671e+06 9943 9895 10867 5.81561e+06 
595 1516 5906 9943 9895 10460 5.92717e+06 9943 9895 10768 5.82638e+06 
596 1516 5906 9943 9895 10372 5.93754e+06 9943 9895 10240 5.83662e+06 
597 1516 5906 9943 9895 11103 5.94864e+06 9943 9895 9962 5.84658e+06 
598 1516 5906 9943 9895 10300 5.95894e+06 9943 9895 9819 5.8564e+06 
599 1516 5906 9943 9895 9096 5.96804e+06 9943 9895 9694 5.86609e+06 
600 1516 5906 9943 9895 9953 5.97799e+06 9943 9895 9888 5.87598e+06 
601 1516 5906 9943 9895 9499 5.98749e+06 9943 9895 9056 5.88504e+06 
602 1516 5906 9943 9895 9669 5.99716e+06 9943 9895 9076 5.89411e+06 
603 1516 5906 9943 9895 10918 6.00808e+06 9943 9895 9651 5.90376e+06 
604 1516 5906 9943 9895 10351 6.01843e+06 9943 9895 10637 5.9144e+06 
605 1516 5906 9943 9895 10346 6.02877e+06 9943 9895 10962 5.92536e+06 
606 1516 5906 9943 9895 9690 6.03846e+06 9943 9895 9991 5.93536e+06 
607 1516 5906 9943 9895 9199 6.04766e+06 9943 9895 9110 5.94446e+06 
608 1516 5906 9943 9895 9937 6.0576e+06 9943 9895 9039 5.9535e+06 
609 1516 5906 9943 9895 9965 6.06756e+06 9943 9895 9875 5.96338e+06 
610 1516 5906 9943 9895 9669 6.07723e+06 9943 9895 9706 5.97308e+06 
611 1516 5906 9943 9895 9900 6.08713e+06 9943 9895 9137 5.98222e+06 
612 1516 5906 9943 9895 9518 6.09665e+06 9943 9895 9650 5.99187e+06 
613 1516 5906 9943 9895 9500 6.10615e+06 9943 9895 9492 6.00136e+06 
614 1516 5906 9943 9895 12031 6.11818e+06 9943 9895 10449 6.01181e+06 
615 1516 5906 9943 9895 11618 6.1298e+06 9943 9895 10247 6.02206e+06 
616 1516 5906 9943 9895 9535 6.13934e+06 9943 9895 9095 6.03116e+06 
617 1516 5906 9943 9895 9826 6.14916e+06 9943 9895 9194 6.04035e+06 
618 1516 5906 9943 9895 9611 6.15877e+06 9943 9895 9126 6.04948e+06 
619 1516 5906 9943 9895 9886 6.16866e+06 9943 9895 9016 6.05849e+06 
620 1516 5906 9943 9895 9402 6.17806e+06 9943 9895 9131 6.06762e+06 
621 1516 5906 9943 9895 9773 6.18783e+06 9943 9895 9474 6.0771e+06 
622 1516 5906 9943 9895 9407 6.19724e+06 9943 9895 9079 6.08618e+06 
623 1516 5906 9943 9895 9695 6.20694e+06 9943 9895 8994 6.09517e+06 
624 1516 5906 9943 9895 9634 6.21657e+06 9943 9895 10063 6.10523e+06 
625 1516 5906 9943 9895 12177 6.22875e+06 9943 9895 10172 6.1154e+06 
626 1516 5906 9943 9895 10829 6.23958e+06 9943 9895 9905 6.12531e+06 
627 1516 5906 9943 9895 9661 6.24924e+06 9943 9895 9780 6.13509e+06 
628 1516 5906 9943 9895 9197 6.25843e+06 9943 9895 9112 6.1442e+06 
629 1516 5906 9943 9895 9231 6.26766e+06 9943 9895 9983 6.15418e+06 
630 1516 5906 9943 9895 9822 6.27749e+06 9943 9895 9493 6.16368e+06 
631 1516 5906 9943 9895 9250 6.28674e+06 9943 9895 9263 6.17294e+06 
632 1516 5906 9943 9895 10037 6.29677e+06 9943 9895 9472 6.18241e+06 
633 1516 5906 9943 9895 9639 6.30641e+06 9943 9895 9703 6.19212e+06 
634 1516 5906 9943 9895 9563 6.31598e+06 9943 9895 9982 6.2021e+06 
635 1516 5906 9943 9895 9443 6.32542e+06 9943 9895 10212 6.21231e+06 
636 1516 5906 9943 9895 10213 6.33563e+06 9943 9895 9438 6.22175e+06 
637 1516 5906 9943 9895 10468 6.3461e+06 9943 9895 9609 6.23136e+06 
638 1516 5906 9943 9895 10002 6.3561e+06 9943 9895 9579 6.24094e+06 
639 1516 5906 9943 9895 9700 6.3658e+06 9943 9895 9252 6.25019e+06 
640 1516 5906 9943 9895 9139 6.37494e+06 9943 9895 9338 6.25952e+06 
641 1516 5906 9943 9895 10171 6.38511e+06 9943 9895 9498 6.26902e+06 
642 1516 5906 9943 9895 9374 6.39449e+06 9943 9895 9716 6.27874e+06 
643 1516 5906 9943 9895 9352 6.40384e+06 9943 9895 9549 6.28829e+06 
644 1516 5906 9943 9895 9675 6.41351e+06 9943 9895 9957 6.29824e+06 
645 1516 5906 9943 9895 10231 6.42374e+06 9943 9895 9836 6.30808e+06 
646 1516 5906 9943 9895 10232 6.43398e+06 9943 9895 9699 6.31778e+06 
647 1516 5906 9943 9895 9848 6.44382e+06 9943 9895 10411 6.32819e+06 
648 1516 5906 9943 9895 9785 6.45361e+06 9943 9895 9214 6.3374e+06 
649 1516 5906 9943 9895 9975 6.46358e+06 9943 9895 9356 6.34676e+06 
650 1516 5906 9943 9895 9990 6.47357e+06 9943 9895 9217 6.35598e+06 
651 1516 5906 9943 9895 9443 6.48302e+06 9943 9895 9171 6.36515e+06 
652 1516 5906 9943 9895 9257 6.49227e+06 9943 9895 8978 6.37413e+06 
653 1516 5906 9943 9895 9524 6.5018e+06 9943 9895 9190 6.38332e+06 
654 1516 5906 9943 9895 9483 6.51128e+06 9943 9895 9142 6.39246e+06 
655 1516 5906 9943 9895 10442 6.52172e+06 9943 9895 9800 6.40226e+06 
656 1516 5906 9943 9895 10468 6.53219e+06 9943 9895 10113 6.41237e+06 
657 1516 5906 9943 9895 10773 6.54296e+06 9943 9895 9072 6.42144e+06 
658 1516 5906 9943 9895 9596 6.55256e+06 9943 9895 9143 6.43059e+06 
659 1516 5906 9943 9895 9630 6.56219e+06 9943 9895 9052 6.43964e+06 
660 1516 5906 9943 9895 9420 6.57161e+06 9943 9895 9396 6.44904e+06 
661 1516 5906 9943 9895 9513 6.58112e+06 9943 9895 9251 6.45829e+06 
662 1516 5906 9943 9895 9807 6.59093e+06 9943 9895 9694 6.46798e+06 
663 1516 5906 9943 9895 9672 6.6006e+06 9943 9895 9325 6.4773e+06 
664 1516 5906 9943 9895 9566 6.61017e+06 9943 9895 9473 6.48678e+06 
665 1516 5906 9943 9895 9376 6.61954e+06 9943 9895 10617 6.4974e+06 
666 1516 5906 9943 9895 10108 6.62965e+06 9943 9895 10291 6.50769e+06 
667 1516 5906 9943 9895 11403 6.64106e+06 9943 9895 9372 6.51706e+06 
668 1516 5906 9943 9895 10162 6.65122e+06 9943 9895 9167 6.52622e+06 
669 1516 5906 9943 9895 9661 6.66088e+06 9943 9895 9210 6.53544e+06 
670 1516 5906 9943 9895 9594 6.67047e+06 9943 9895 9139 6.54457e+06 
671 1516 5906 9943 9895 9599 6.68007e+06 9943 9895 9085 6.55366e+06 
672 1516 5906 9943 9895 9825 6.6899e+06 9943 9895 9371 6.56303e+06 
673 1516 5906 9943 9895 9473 6.69937e+06 9943 9895 9388 6.57242e+06 
674 1516 5906 9943 9895 9852 6.70922e+06 9943 9895 9180 6.5816e+06 
675 1516 5906 9943 9895 9534 6.71876e+06 9943 9895 9123 6.59072e+06 
676 1516 5906 9943 9895 10556 6.72931e+06 9943 9895 10552 6.60127e+06 
677 1516 5906 9943 9895 10367 6.73968e+06 9943 9895 11198 6.61247e+06 
678 1516 5906 9943 9895 9894 6.74957e+06 9943 9895 9841 6.62231e+06 
679 1516 5906 9943 9895 9407 6.75898e+06 9943 9895 9806 6.63212e+06 
680 1516 5906 9943 9895 9953 6.76893e+06 9943 9895 10289 6.64241e+06 
681 1516 5906 9943 9895 9650 6.77858e+06 9943 9895 9637 6.65204e+06 
682 1516 5906 9943 9895 9650 6.78823e+06 9943 9895 9673 6.66172e+06 
683 1516 5906 9943 9895 9452 6.79768e+06 9943 9895 10101 6.67182e+06 
684 1516 5906 9943 9895 9556 6.80724e+06 9943 9895 9755 6.68157e+06 
685 1516 5906 9943 9895 10019 6.81726e+06 9943 9895 10307 6.69188e+06 
686 1516 5906 9943 9895 10528 6.82779e+06 9943 9895 9845 6.70172e+06 
687 1516 5906 9943 9895 10366 6.83815e+06 9943 9895 10937 6.71266e+06 
688 1516 5906 9943 9895 9906 6.84806e+06 9943 9895 9481 6.72214e+06 
689 1516 5906 9943 9895 9661 6.85772e+06 9943 9895 9725 6.73187e+06 
690 1516 5906 9943 9895 9525 6.86724e+06 9943 9895 9699 6.74157e+06 
691 1516 5906 9943 9895 9736 6.87698e+06 9943 9895 9440 6.75101e+06 
692 1516 5906 9943 9895 10501 6.88748e+06 9943 9895 9342 6.76035e+06 
693 1516 5906 9943 9895 9348 6.89683e+06 9943 9895 8803 6.76915e+06 
694 1516 5906 9943 9895 9487 6.90632e+06 9943 9895 9395 6.77855e+06 
695 1516 5906 9943 9895 9991 6.91631e+06 9943 9895 9168 6.78772e+06 
696 1516 5906 9943 9895 10069 6.92638e+06 9943 9895 9981 6.7977e+06 
697 1516 5906 9943 9895 10890 6.93727e+06 9943 9895 9551 6.80725e+06 
698 1516 5906 9943 9895 9894 6.94716e+06 9943 9895 10391 6.81764e+06 
699 1516 5906 9943 9895 9584 6.95674e+06 9943 9895 9664 6.8273e+06 
700 1516 5906 9943 9895 9555 6.9663e+06 9943 9895 9257 6.83656e+06 
701 1516 5906 9943 9895 9346 6.97565e+06 9943 9895 9107 6.84567e+06 
702 1516 5906 9943 9895 9496 6.98514e+06 9943 9895 9363 6.85503e+06 
703 1516 5906 9943 9895 10773 6.99592e+06 9943 9895 9743 6.86477e+06 
704 1516 5906 9943 9895 9820 7.00574e+06 9943 9895 9525 6.8743e+06 
705 1516 5906 9943 9895 9908 7.01564e+06 9943 9895 9599 6.8839e+06 
706 1516 5906 9943 9895 9890 7.02553e+06 9943 9895 9773 6.89367e+06 
707 1516 5906 9943 9895 10679 7.03621e+06 9943 9895 9884 6.90355e+06 
708 1516 5906 9943 9895 9714 7.04593e+06 9943 9895 9205 6.91276e+06 
709 1516 5906 9943 9895 10580 7.05651e+06 9943 9895 9339 6.9221e+06 
710 1516 5906 9943 9895 9570 7.06608e+06 9943 9895 9716 6.93181e+06 
711 1516 5906 9943 9895 9456 7.07553e+06 9943 9895 9088 6.9409e+06 
712 1516 5906 9943 9895 9464 7.085e+06 9943 9895 9291 6.95019e+06 
713 1516 5906 9943 9895 9524 7.09452e+06 9943 9895 8873 6.95906e+06 
714 1516 5906 9943 9895 9280 7.1038e+06 9943 9895 9493 6.96856e+06 
715 1516 5906 9943 9895 9527 7.11333e+06 9943 9895 9580 6.97814e+06 
716 1516 5906 9943 9895 9550 7.12288e+06 9943 9895 10023 6.98816e+06 
717 1516 5906 9943 9895 9891 7.13277e+06 9943 9895 11322 6.99948e+06 
718 1516 5906 9943 9895 10919 7.14369e+06 9943 9895 9888 7.00937e+06 
719 1516 5906 9943 9895 9510 7.1532e+06 9943 9895 9169 7.01854e+06 
720 1516 5906 9943 9895 9431 7.16263e+06 9943 9895 9372 7.02791e+06 
721 1516 5906 9943 9895 9741 7.17237e+06 9943 9895 9040 7.03695e+06 
722 1516 5906 9943 9895 9462 7.18183e+06 9943 9895 9148 7.0461e+06 
723 1516 5906 9943 9895 9882 7.19171e+06 9943 9895 9269 7.05537e+06 
724 1516 5906 9943 9895 9421 7.20113e+06 9943 9895 8990 7.06436e+06 
725 1516 5906 9943 9895 9949 7.21108e+06 9943 9895 9141 7.0735e+06 
726 1516 5906 9943 9895 10201 7.22128e+06 9943 9895 9014 7.08251e+06 
727 1516 5906 9943 9895 10934 7.23222e+06 9943 9895 10280 7.09279e+06 
728 1516 5906 9943 9895 15427 7.24764e+06 9943 9895 10801 7.1036e+06 
729 1516 5906 9943 9895 10772 7.25842e+06 9943 9895 9986 7.11358e+06 
730 1516 5906 9943 9895 10466 7.26888e+06 9943 9895 9671 7.12325e+06 
731 1516 5906 9943 9895 10142 7.27902e+06 9943 9895 9705 7.13296e+06 
732 1516 5906 9943 9895 9790 7.28882e+06 9943 9895 9807 7.14276e+06 
733 1516 5906 9943 9895 9492 7.29831e+06 9943 9895 9432 7.1522e+06 
734 1516 5906 9943 9895 9831 7.30814e+06 9943 9895 9736 7.16193e+06 
735 1516 5906 9943 9895 10245 7.31838e+06 9943 9895 9408 7.17134e+06 
736 1516 5906 9943 9895 10163 7.32855e+06 9943 9895 10454 7.18179e+06 
737 1516 5906 9943 9895 10149 7.3387e+06 9943 9895 10481 7.19228e+06 
738 1516 5906 9943 9895 11082 7.34978e+06 9943 9895 10335 7.20261e+06 
739 1516 5906 9943 9895 9695 7.35947e+06 9943 9895 9951 7.21256e+06 
740 1516 5906 9943 9895 10392 7.36986e+06 9943 9895 9951 7.22251e+06 
741 1516 5906 9943 9895 9581 7.37944e+06 9943 9895 9770 7.23228e+06 
742 1516 5906 9943 9895 10134 7.38958e+06 9943 9895 9515 7.2418e+06 
743 1516 5906 9943 9895 10464 7.40004e+06 9943 9895 9711 7.25151e+06 
744 1516 5906 9943 9895 9848 7.40989e+06 9943 9895 9636 7.26114e+06 
745 1516 5906 9943 9895 10206 7.4201e+06 9943 9895 9803 7.27095e+06 
746 1516 5906 9943 9895 9874 7.42997e+06 9943 9895 10717 7.28166e+06 
747 1516 5906 9943 9895 10944 7.44092e+06 9943 9895 11021 7.29268e+06 
748 1516 5906 9943 9895 11060 7.45198e+06 9943 9895 9992 7.30268e+06 
749 1516 5906 9943 9895 10627 7.4626e+06 9943 9895 9922 7.3126e+06 
750 1516 5906 9943 9895 10792 7.47339e+06 9943 9895 10013 7.32261e+06 
751 1516 5906 9943 9895 10552 7.48395e+06 9943 9895 9770 7.33238e+06 
752 1516 5906 9943 9895 10191 7.49414e+06 9943 9895 9985 7.34237e+06 
753 1516 5906 9943 9895 9467 7.5036e+06 9943 9895 9314 7.35168e+06 
754 1516 5906 9943 9895 9762 7.51337e+06 9943 9895 9222 7.3609e+06 
755 1516 5906 9943 9895 10133 7.5235e+06 9943 9895 10118 7.37102e+06 
756 1516 5906 9943 9895 10370 7.53387e+06 9943 9895 10121 7.38114e+06 
757 1516 5906 9943 9895 10369 7.54424e+06 9943 9895 9887 7.39103e+06 
758 1516 5906 9943 9895 9308 7.55355e+06 9943 9895 9643 7.40067e+06 
759 1516 5906 9943 9895 9448 7.56299e+06 9943 9895 9875 7.41055e+06 
760 1516 5906 9943 9895 9975 7.57297e+06 9943 9895 9162 7.41971e+06 
761 1516 5906 9943 9895 9986 7.58296e+06 9943 9895 9445 7.42915e+06 
762 1516 5906 9943 9895 9466 7.59242e+06 9943 9895 9458 7.43861e+06 
763 1516 5906 9943 9895 10232 7.60265e+06 9943 9895 9532 7.44814e+06 
764 1516 5906 9943 9895 9588 7.61224e+06 9943 9895 9090 7.45723e+06 
765 1516 5906 9943 9895 9348 7.62159e+06 9943 9895 9121 7.46636e+06 
766 1516 5906 9943 9895 9272 7.63086e+06 9943 9895 10854 7.47721e+06 
767 1516 5906 9943 9895 10409 7.64127e+06 9943 9895 10640 7.48785e+06 
768 1516 5906 9943 9895 10415 7.65168e+06 9943 9895 9721 7.49757e+06 
769 1516 5906 9943 9895 11567 7.66325e+06 9943 9895 10040 7.50761e+06 
770 1516 5906 9943 9895 10237 7.67349e+06 9943 9895 10464 7.51807e+06 
771 1516 5906 9943 9895 9741 7.68323e+06 9943 9895 10008 7.52808e+06 
772 1516 5906 9943 9895 10714 7.69394e+06 9943 9895 9371 7.53745e+06 
773 1516 5906 9943 9895 10609 7.70455e+06 9943 9895 9669 7.54712e+06 
774 1516 5906 9943 9895 10227 7.71478e+06 9943 9895 10148 7.55727e+06 
775 1516 5906 9943 9895 9501 7.72428e+06 9943 9895 10226 7.5675e+06 
776 1516 5906 9943 9895 9687 7.73397e+06 9943 9895 10683 7.57818e+06 
777 1516 5906 9943 9895 10986 7.74495e+06 9943 9895 10174 7.58835e+06 
778 1516 5906 9943 9895 10627 7.75558e+06 9943 9895 10080 7.59843e+06 
779 1516 5906 9943 9895 9846 7.76543e+06 9943 9895 10754 7.60919e+06 
780 1516 5906 9943 9895 9952 7.77538e+06 9943 9895 9755 7.61894e+06 
781 1516 5906 9943 9895 10229 7.78561e+06 9943 9895 9365 7.62831e+06 
782 1516 5906 9943 9895 10687 7.7963e+06 9943 9895 9622 7.63793e+06 
783 1516 5906 9943 9895 10451 7.80675e+06 9943 9895 10307 7.64824e+06 
784 1516 5906 9943 9895 9703 7.81645e+06 9943 9895 10050 7.65829e+06 
785 1516 5906 9943 9895 9731 7.82618e+06 9943 9895 9317 7.6676e+06 
786 1516 5906 9943 9895 9629 7.83581e+06 9943 9895 10711 7.67831e+06 
787 1516 5906 9943 9895 10674 7.84648e+06 9943 9895 9601 7.68792e+06 
788 1516 5906 9943 9895 10785 7.85727e+06 9943 9895 10033 7.69795e+06 
789 1516 5906 9943 9895 10518 7.86779e+06 9943 9895 9397 7.70734e+06 
790 1516 5906 9943 9895 9501 7.87729e+06 9943 9895 9156 7.7165e+06 
791 1516 5906 9943 9895 9508 7.8868e+06 9943 9895 9520 7.72602e+06 
792 1516 5906 9943 9895 9368 7.89616e+06 9943 9895 9245 7.73527e+06 
793 1516 5906 9943 9895 10112 7.90628e+06 9943 9895 9103 7.74437e+06 
794 1516 5906 9943 9895 10266 7.91654e+06 9943 9895 9141 7.75351e+06 
795 1516 5906 9943 9895 9542 7.92608e+06 9943 9895 9161 7.76267e+06 
796 1516 5906 9943 9895 9267 7.93535e+06 9943 9895 10011 7.77268e+06 
797 1516 5906 9943 9895 10771 7.94612e+06 9943 9895 10006 7.78269e+06 
798 1516 5906 9943 9895 9771 7.95589e+06 9943 9895 9421 7.79211e+06 
799 1516 5906 9943 9895 10303 7.9662e+06 9943 9895 9386 7.8015e+06 
800 1516 5906 9943 9895 11409 7.9776e+06 9943 9895 9414 7.81091e+06 
801 1516 5906 9943 9895 9662 7.98727e+06 9943 9895 9215 7.82012e+06 
802 1516 5906 9943 9895 9271 7.99654e+06 9943 9895 9617 7.82974e+06 
803 1516 5906 9943 9895 9211 8.00575e+06 9943 9895 10160 7.8399e+06 
804 1516 5906 9943 9895 9641 8.01539e+06 9943 9895 9188 7.84909e+06 
805 1516 5906 9943 9895 10976 8.02636e+06 9943 9895 9470 7.85856e+06 
806 1516 5906 9943 9895 10032 8.0364e+06 9943 9895 10729 7.86929e+06 
807 1516 5906 9943 9895 9770 8.04617e+06 9943 9895 10014 7.8793e+06 
808 1516 5906 9943 9895 9631 8.0558e+06 9943 9895 10610 7.88991e+06 
809 1516 5906 9943 9895 9894 8.06569e+06 9943 9895 9086 7.899e+06 
810 1516 5906 9943 9895 10707 8.0764e+06 9943 9895 9706 7.9087e+06 
811 1516 5906 9943 9895 9857 8.08626e+06 9943 9895 10061 7.91876e+06 
812 1516 5906 9943 9895 9529 8.09578e+06 9943 9895 10211 7.92898e+06 
813 1516 5906 9943 9895 9672 8.10546e+06 9943 9895 10532 7.93951e+06 
814 1516 5906 9943 9895 10439 8.1159e+06 9943 9895 9244 7.94875e+06 
815 1516 5906 9943 9895 10850 8.12675e+06 9943 9895 9632 7.95838e+06 
816 1516 5906 9943 9895 10020 8.13677e+06 9943 9895 10743 7.96913e+06 
817 1516 5906 9943 9895 10613 8.14738e+06 9943 9895 9729 7.97886e+06 
818 1516 5906 9943 9895 9839 8.15722e+06 9943 9895 11928 7.99078e+06 
819 1516 5906 9943 9895 10625 8.16784e+06 9943 9895 9771 8.00056e+06 
820 1516 5906 9943 9895 9927 8.17777e+06 9943 9895 9852 8.01041e+06 
821 1516 5906 9943 9895 9710 8.18748e+06 9943 9895 10049 8.02046e+06 
822 1516 5906 9943 9895 9607 8.19709e+06 9943 9895 9392 8.02985e+06 
823 1516 5906 9943 9895 9311 8.2064e+06 9943 9895 9516 8.03936e+06 
824 1516 5906 9943 9895 9618 8.21602e+06 9943 9895 9110 8.04847e+06 
825 1516 5906 9943 9895 9442 8.22546e+06 9943 9895 8919 8.05739e+06 
826 1516 5906 9943 9895 9203 8.23466e+06 9943 9895 10210 8.0676e+06 
827 1516 5906 9943 9895 10310 8.24497e+06 9943 9895 9880 8.07748e+06 
828 1516 5906 9943 9895 10076 8.25505e+06 9943 9895 9649 8.08713e+06 
829 1516 5906 9943 9895 10784 8.26583e+06 9943 9895 9752 8.09688e+06 
830 1516 5906 9943 9895 9869 8.2757e+06 9943 9895 9845 8.10673e+06 
831 1516 5906 9943 9895 9316 8.28502e+06 9943 9895 9663 8.11639e+06 
832 1516 5906 9943 9895 9520 8.29454e+06 9943 9895 9258 8.12565e+06 
833 1516 5906 9943 9895 9631 8.30417e+06 9943 9895 9451 8.1351e+06 
834 1516 5906 9943 9895 9682 8.31385e+06 9943 9895 9546 8.14465e+06 
835 1516 5906 9943 9895 9499 8.32335e+06 9943 9895 8913 8.15356e+06 
836 1516 5906 9943 9895 9430 8.33278e+06 9943 9895 9909 8.16347e+06 
837 1516 5906 9943 9895 10955 8.34373e+06 9943 9895 9749 8.17322e+06 
838 1516 5906 9943 9895 10597 8.35433e+06 9943 9895 10723 8.18394e+06 
839 1516 5906 9943 9895 10651 8.36498e+06 9943 9895 9896 8.19384e+06 
840 1516 5906 9943 9895 10173 8.37515e+06 9943 9895 9731 8.20357e+06 
841 1516 5906 9943 9895 10660 8.38581e+06 9943 9895 9524 8.21309e+06 
842 1516 5906 9943 9895 10276 8.39609e+06 9943 9895 9573 8.22266e+06 
843 1516 5906 9943 9895 9929 8.40602e+06 9943 9895 9921 8.23259e+06 
844 1516 5906 9943 9895 10015 8.41603e+06 9943 9895 10137 8.24272e+06 
845 1516 5906 9943 9895 10202 8.42624e+06 9943 9895 9757 8.25248e+06 
846 1516 5906 9943 9895 10714 8.43695e+06 9943 9895 9462 8.26194e+06 
847 1516 5906 9943 9895 11873 8.44882e+06 9943 9895 10710 8.27265e+06 
848 1516 5906 9943 9895 9318 8.45814e+06 9943 9895 10863 8.28352e+06 
849 1516 5906 9943 9895 11129 8.46927e+06 9943 9895 10436 8.29395e+06 
850 1516 5906 9943 9895 9733 8.479e+06 9943 9895 9420 8.30337e+06 
851 1516 5906 9943 9895 10735 8.48974e+06 9943 9895 9521 8.31289e+06 
852 1516 5906 9943 9895 9520 8.49926e+06 9943 9895 10077 8.32297e+06 
853 1516 5906 9943 9895 9969 8.50923e+06 9943 9895 10600 8.33357e+06 
854 1516 5906 9943 9895 10192 8.51942e+06 9943 9895 11534 8.3451e+06 
855 1516 5906 9943 9895 10935 8.53035e+06 9943 9895 10104 8.35521e+06 
856 1516 5906 9943 9895 9126 8.53948e+06 9943 9895 11355 8.36656e+06 
857 1516 5906 9943 9895 10850 8.55033e+06 9943 9895 9760 8.37632e+06 
858 1516 5906 9943 9895 10228 8.56056e+06 9943 9895 10229 8.38655e+06 
859 1516 5906 9943 9895 10522 8.57108e+06 9943 9895 10062 8.39661e+06 
860 1516 5906 9943 9895 9902 8.58098e+06 9943 9895 10378 8.40699e+06 
861 1516 5906 9943 9895 10178 8.59116e+06 9943 9895 9803 8.41679e+06 
862 1516 5906 9943 9895 10597 8.60176e+06 9943 9895 9522 8.42632e+06 
863 1516 5906 9943 9895 10492 8.61225e+06 9943 9895 9544 8.43586e+06 
864 1516 5906 9943 9895 10029 8.62228e+06 9943 9895 9757 8.44562e+06 
865 1516 5906 9943 9895 9927 8.6322e+06 9943 9895 9921 8.45554e+06 
866 1516 5906 9943 9895 10005 8.64221e+06 9943 9895 10603 8.46614e+06 
867 1516 5906 9943 9895 11075 8.65328e+06 9943 9895 10938 8.47708e+06 
868 1516 5906 9943 9895 9806 8.66309e+06 9943 9895 10774 8.48785e+06 
869 1516 5906 9943 9895 10134 8.67322e+06 9943 9895 9182 8.49704e+06 
870 1516 5906 9943 9895 9116 8.68234e+06 9943 9895 9265 8.5063e+06 
871 1516 5906 9943 9895 9649 8.69199e+06 9943 9895 8967 8.51527e+06 
872 1516 5906 9943 9895 9370 8.70136e+06 9943 9895 9318 8.52458e+06 
873 1516 5906 9943 9895 10836 8.7122e+06 9943 9895 9531 8.53412e+06 
874 1516 5906 9943 9895 10024 8.72222e+06 9943 9895 10086 8.5442e+06 
875 1516 5906 9943 9895 9765 8.73198e+06 9943 9895 10099 8.5543e+06 
876 1516 5906 9943 9895 10320 8.7423e+06 9943 9895 11066 8.56537e+06 
877 1516 5906 9943 9895 11808 8.75411e+06 9943 9895 10454 8.57582e+06 
878 1516 5906 9943 9895 10505 8.76462e+06 9943 9895 9797 8.58562e+06 
879 1516 5906 9943 9895 10201 8.77482e+06 9943 9895 10104 8.59572e+06 
880 1516 5906 9943 9895 9551 8.78437e+06 9943 9895 9646 8.60537e+06 
881 1516 5906 9943 9895 9985 8.79436e+06 9943 9895 9538 8.61491e+06 
882 1516 5906 9943 9895 10174 8.80453e+06 9943 9895 9437 8.62434e+06 
883 1516 5906 9943 9895 10179 8.81471e+06 9943 9895 9547 8.63389e+06 
884 1516 5906 9943 9895 10177 8.82488e+06 9943 9895 9840 8.64373e+06 
885 1516 5906 9943 9895 9675 8.83456e+06 9943 9895 9890 8.65362e+06 
886 1516 5906 9943 9895 10626 8.84519e+06 9943 9895 10496 8.66412e+06 
887 1516 5906 9943 9895 11720 8.85691e+06 9943 9895 10263 8.67438e+06 
888 1516 5906 9943 9895 10257 8.86716e+06 9943 9895 9962 8.68434e+06 
889 1516 5906 9943 9895 10091 8.87725e+06 9943 9895 9523 8.69386e+06 
890 1516 5906 9943 9895 10232 8.88749e+06 9943 9895 9771 8.70364e+06 
891 1516 5906 9943 9895 10212 8.8977e+06 9943 9895 10475 8.71411e+06 
892 1516 5906 9943 9895 9461 8.90716e+06 9943 9895 10087 8.7242e+06 
893 1516 5906 9943 9895 10110 8.91727e+06 9943 9895 9625 8.73382e+06 
894 1516 5906 9943 9895 10119 8.92739e+06 9943 9895 9516 8.74334e+06 
895 1516 5906 9943 9895 10087 8.93748e+06 9943 9895 9204 8.75254e+06 
896 1516 5906 9943 9895 10555 8.94803e+06 9943 9895 9385 8.76193e+06 
897 1516 5906 9943 9895 10876 8.95891e+06 9943 9895 9056 8.77098e+06 
898 1516 5906 9943 9895 9713 8.96862e+06 9943 9895 10270 8.78125e+06 
899 1516 5906 9943 9895 9938 8.97856e+06 9943 9895 9476 8.79073e+06 
900 1516 5906 9943 9895 9571 8.98813e+06 9943 9895 9215 8.79994e+06 
901 1516 5906 9943 9895 9493 8.99762e+06 9943 9895 8989 8.80893e+06 
902 1516 5906 9943 9895 9133 9.00675e+06 9943 9895 9008 8.81794e+06 
903 1516 5906 9943 9895 10362 9.01712e+06 9943 9895 9766 8.82771e+06 
904 1516 5906 9943 9895 9479 9.0266e+06 9943 9895 9245 8.83695e+06 
905 1516 5906 9943 9895 9645 9.03624e+06 9943 9895 10491 8.84744e+06 
906 1516 5906 9943 9895 10122 9.04636e+06 9943 9895 10614 8.85806e+06 
907 1516 5906 9943 9895 11294 9.05766e+06 9943 9895 9311 8.86737e+06 
908 1516 5906 9943 9895 10891 9.06855e+06 9943 9895 10118 8.87749e+06 
909 1516 5906 9943 9895 10621 9.07917e+06 9943 9895 10519 8.888e+06 
910 1516 5906 9943 9895 10537 9.0897e+06 9943 9895 9475 8.89748e+06 
911 1516 5906 9943 9895 10903 9.10061e+06 9943 9895 9651 8.90713e+06 
912 1516 5906 9943 9895 11314 9.11192e+06 9943 9895 10352 8.91748e+06 
913 1516 5906 9943 9895 10137 9.12206e+06 9943 9895 10893 8.92838e+06 
914 1516 5906 9943 9895 10149 9.13221e+06 9943 9895 10473 8.93885e+06 
915 1516 5906 9943 9895 10003 9.14221e+06 9943 9895 10510 8.94936e+06 
916 1516 5906 9943 9895 11269 9.15348e+06 9943 9895 11066 8.96042e+06 
917 1516 5906 9943 9895 10009 9.16349e+06 9943 9895 10646 8.97107e+06 
918 1516 5906 9943 9895 10075 9.17356e+06 9943 9895 10072 8.98114e+06 
919 1516 5906 9943 9895 10443 9.18401e+06 9943 9895 9352 8.9905e+06 
920 1516 5906 9943 9895 10433 9.19444e+06 9943 9895 9643 9.00014e+06 
921 1516 5906 9943 9895 10171 9.20461e+06 9943 9895 10203 9.01034e+06 
922 1516 5906 9943 9895 9822 9.21443e+06 9943 9895 9711 9.02005e+06 
923 1516 5906 9943 9895 9952 9.22438e+06 9943 9895 9747 9.0298e+06 
924 1516 5906 9943 9895 10443 9.23483e+06 9943 9895 9654 9.03945e+06 
925 1516 5906 9943 9895 10379 9.24521e+06 9943 9895 9652 9.0491e+06 
926 1516 5906 9943 9895 10656 9.25586e+06 9943 9895 13328 9.06243e+06 
927 1516 5906 9943 9895 13724 9.26959e+06 9943 9895 10805 9.07324e+06 
928 1516 5906 9943 9895 11264 9.28085e+06 9943 9895 10445 9.08368e+06 
929 1516 5906 9943 9895 10191 9.29104e+06 9943 9895 10140 9.09382e+06 
930 1516 5906 9943 9895 10659 9.3017e+06 9943 9895 10071 9.10389e+06 
931 1516 5906 9943 9895 10808 9.31251e+06 9943 9895 9900 9.11379e+06 
932 1516 5906 9943 9895 10768 9.32328e+06 9943 9895 10131 9.12392e+06 
933 1516 5906 9943 9895 10533 9.33381e+06 9943 9895 10345 9.13427e+06 
934 1516 5906 9943 9895 10617 9.34443e+06 9943 9895 10034 9.1443e+06 
935 1516 5906 9943 9895 11340 9.35577e+06 9943 9895 12296 9.1566e+06 
936 1516 5906 9943 9895 11324 9.36709e+06 9943 9895 11299 9.1679e+06 
937 1516 5906 9943 9895 14783 9.38187e+06 9943 9895 10339 9.17824e+06 
938 1516 5906 9943 9895 10245 9.39212e+06 9943 9895 10250 9.18849e+06 
939 1516 5906 9943 9895 10185 9.4023e+06 9943 9895 10027 9.19852e+06 
940 1516 5906 9943 9895 10570 9.41287e+06 9943 9895 10089 9.2086e+06 
941 1516 5906 9943 9895 10659 9.42353e+06 9943 9895 10508 9.21911e+06 
942 1516 5906 9943 9895 9957 9.43349e+06 9943 9895 10728 9.22984e+06 
943 1516 5906 9943 9895 10197 9.44369e+06 9943 9895 9954 9.23979e+06 
944 1516 5906 9943 9895 11220 9.45491e+06 9943 9895 12050 9.25184e+06 
945 1516 5906 9943 9895 11448 9.46636e+06 9943 9895 10177 9.26202e+06 
946 1516 5906 9943 9895 11670 9.47802e+06 9943 9895 11407 9.27343e+06 
947 1516 5906 9943 9895 10562 9.48859e+06 9943 9895 9940 9.28337e+06 
948 1516 5906 9943 9895 10316 9.4989e+06 9943 9895 10254 9.29362e+06 
949 1516 5906 9943 9895 10862 9.50976e+06 9943 9895 11278 9.3049e+06 
950 1516 5906 9943 9895 11241 9.52101e+06 9943 9895 9965 9.31486e+06 
951 1516 5906 9943 9895 9891 9.5309e+06 9943 9895 9625 9.32449e+06 
952 1516 5906 9943 9895 9863 9.54076e+06 9943 9895 9290 9.33378e+06 
953 1516 5906 9943 9895 9238 9.55e+06 9943 9895 10202 9.34398e+06 
954 1516 5906 9943 9895 10851 9.56085e+06 9943 9895 9977 9.35396e+06 
955 1516 5906 9943 9895 9745 9.57059e+06 9943 9895 10191 9.36415e+06 
956 1516 5906 9943 9895 11929 9.58252e+06 9943 9895 9436 9.37359e+06 
957 1516 5906 9943 9895 10142 9.59266e+06 9943 9895 9935 9.38352e+06 
958 1516 5906 9943 9895 10183 9.60285e+06 9943 9895 9493 9.39301e+06 
959 1516 5906 9943 9895 10101 9.61295e+06 9943 9895 9628 9.40264e+06 
960 1516 5906 9943 9895 10979 9.62393e+06 9943 9895 9602 9.41224e+06 
961 1516 5906 9943 9895 9734 9.63366e+06 9943 9895 9377 9.42162e+06 
962 1516 5906 9943 9895 9646 9.64331e+06 9943 9895 9145 9.43077e+06 
963 1516 5906 9943 9895 11736 9.65504e+06 9943 9895 15970 9.44674e+06 
964 1516 5906 9943 9895 16097 9.67114e+06 9943 9895 16203 9.46294e+06 
965 1516 5906 9943 9895 16499 9.68764e+06 9943 9895 15312 9.47825e+06 
966 1516 5906 9943 9895 9724 9.69736e+06 9943 9895 9579 9.48783e+06 
967 1516 5906 9943 9895 9466 9.70683e+06 9943 9895 9310 9.49714e+06 
968 1516 5906 9943 9895 9593 9.71642e+06 9943 9895 9267 9.50641e+06 
969 1516 5906 9943 9895 9196 9.72562e+06 9943 9895 9516 9.51592e+06 
970 1516 5906 9943 9895 9348 9.73497e+06 9943 9895 9276 9.5252e+06 
971 1516 5906 9943 9895 10239 9.74521e+06 9943 9895 9106 9.5343e+06 
972 1516 5906 9943 9895 9836 9.75504e+06 9943 9895 10427 9.54473e+06 
973 1516 5906 9943 9895 10697 9.76574e+06 9943 9895 9985 9.55472e+06 
974 1516 5906 9943 9895 9874 9.77561e+06 9943 9895 9570 9.56429e+06 
975 1516 5906 9943 9895 10327 9.78594e+06 9943 9895 10925 9.57521e+06 
976 1516 5906 9943 9895 9771 9.79571e+06 9943 9895 9368 9.58458e+06 
977 1516 5906 9943 9895 9776 9.80549e+06 9943 9895 9185 9.59376e+06 
978 1516 5906 9943 9895 9645 9.81513e+06 9943 9895 9039 9.6028e+06 
979 1516 5906 9943 9895 9533 9.82466e+06 9943 9895 9125 9.61193e+06 
980 1516 5906 9943 9895 9388 9.83405e+06 9943 9895 9510 9.62144e+06 
981 1516 5906 9943 9895 9987 9.84404e+06 9943 9895 9628 9.63107e+06 
982 1516 5906 9943 9895 9591 9.85363e+06 9943 9895 10824 9.64189e+06 
983 1516 5906 9943 9895 11578 9.86521e+06 9943 9895 9929 9.65182e+06 
984 1516 5906 9943 9895 9773 9.87498e+06 9943 9895 10031 9.66185e+06 
985 1516 5906 9943 9895 11252 9.88623e+06 9943 9895 9580 9.67143e+06 
986 1516 5906 9943 9895 9600 9.89583e+06 9943 9895 9220 9.68065e+06 
987 1516 5906 9943 9895 10398 9.90623e+06 9943 9895 9620 9.69027e+06 
988 1516 5906 9943 9895 9570 9.9158e+06 9943 9895 9581 9.69985e+06 
989 1516 5906 9943 9895 9762 9.92556e+06 9943 9895 9567 9.70942e+06 
990 1516 5906 9943 9895 9546 9.93511e+06 9943 9895 9349 9.71877e+06 
991 1516 5906 9943 9895 9597 9.94471e+06 9943 9895 9176 9.72794e+06 
992 1516 5906 9943 9895 10127 9.95483e+06 9943 9895 10656 9.7386e+06 
993 1516 5906 9943 9895 11624 9.96646e+06 9943 9895 10308 9.74891e+06 
994 1516 5906 9943 9895 10103 9.97656e+06 9943 9895 9996 9.7589e+06 
995 1516 5906 9943 9895 11076 9.98764e+06 9943 9895 9503 9.76841e+06 
996 1516 5906 9943 9895 9681 9.99732e+06 9943 9895 9398 9.7778e+06 
997 1516 5906 9943 9895 10595 1.00079e+07 9943 9895 10135 9.78794e+06 
998 1516 5906 9943 9895 9787 1.00177e+07 9943 9895 9613 9.79755e+06 
999 1516 5906 9943 9895 10229 1.00279e+07 9943 9895 9486 9.80704e+06 
