0 1757 1995 1854 2092 41 1965 2259 36191 1965 2259 2417
1 2072 2212 2072 2212 424047 2072 2212 433663 2072 2212 1555
2 1940 1940 1992 2006 20 2231 2231 17301 2231 2231 2346
3 2034 2216 2034 2216 336742 2034 2216 340588 2034 2216 1517
4 1622 1902 1726 2034 17 1913 2193 16756 1913 2193 2509
5 1802 2026 1854 2092 17 1996 2220 20856 1996 2220 2298
6 2134 2134 2231 2231 56 2231 2231 39307 2231 2231 1775
7 1532 1840 1920 2228 13 1920 2228 14914 1920 2228 3097
8 1587 1727 2003 2255 13 2072 2212 12546 2072 2212 3410
9 1968 2080 2072 2212 31 2072 2212 29126 2072 2212 2399
10 1476 1560 1632 1758 13 2155 2239 11021 2155 2239 4205
11 1556 1766 1764 2030 17 2041 2251 12237 2041 2251 3988
12 1729 1855 1937 2119 31 2117 2243 13686 2117 2243 3138
13 2027 2181 2079 2247 181 2079 2247 66107 2079 2247 1658
14 1466 1704 1757 1995 18 1951 2189 12200 1951 2189 3690
15 2079 2247 2079 2247 415872 2079 2247 430949 2079 2247 1705
16 1712 1964 1764 2030 13 2003 2255 17462 2003 2255 2467
17 1781 1921 1885 2053 13 2072 2212 16834 2072 2212 2503
18 1899 2123 1951 2189 44 2003 2255 28810 2003 2255 1989
19 1300 1650 1404 1782 13 1882 2232 10889 1882 2232 3642
20 2037 2037 2141 2169 27 2231 2231 21265 2231 2231 2274
21 1920 2228 1920 2228 301601 1920 2228 274859 1920 2228 1528
22 1788 1956 1885 2053 20 2079 2247 18102 2079 2247 2397
23 1736 1890 1788 1956 25 2027 2181 16654 2027 2181 2638
24 1892 2088 1989 2185 85 1996 2220 28204 1996 2220 1926
25 1795 1991 2003 2255 22 2003 2255 19577 2003 2255 2685
26 2058 2142 2110 2208 117 2155 2239 41554 2155 2239 1784
27 1857 1913 1961 2045 45 2148 2204 16915 2148 2204 2786
28 1542 1696 1930 2084 18 2027 2181 11590 2027 2181 3228
29 1999 2041 2155 2239 16 2193 2235 21174 2193 2235 2230
30 2231 2231 2231 2231 419916 2231 2231 424149 2231 2231 1667
31 1892 2088 1996 2220 29 1996 2220 27359 1996 2220 2341
32 1913 2193 1965 2259 40 1965 2259 66531 1965 2259 1826
33 1750 1960 1802 2026 17 2041 2251 18115 2041 2251 2483
34 1684 1824 2072 2212 15 2072 2212 14149 2072 2212 3107
35 1573 1657 2058 2142 18 2155 2239 11236 2155 2239 3566
36 1771 2065 1965 2259 16 1965 2259 21755 1965 2259 2220
37 1868 2162 1965 2259 17 1965 2259 39585 1965 2259 1861
38 1781 1921 1975 2115 50 2072 2212 16457 2072 2212 2804
39 1899 2123 2003 2255 75 2003 2255 28264 2003 2255 1968
40 1504 1700 1764 2030 25 1989 2185 12887 1989 2185 3290
41 1646 1828 1698 1894 16 2034 2216 12984 2034 2216 3113
42 1968 2080 2065 2177 23 2072 2212 27979 2072 2212 1968
43 1684 1824 1892 2088 24 2072 2212 14706 2072 2212 2863
44 2006 2076 2110 2208 23 2110 2208 29435 2110 2208 1921
45 1875 2197 1927 2263 142 1927 2263 60553 1927 2263 1697
46 1899 2123 1996 2220 25 2003 2255 29671 2003 2255 2229
47 1657 2077 1754 2174 17 1761 2209 28396 1761 2209 2368
48 2141 2169 2193 2235 37 2193 2235 64486 2193 2235 1818
49 1646 1828 2034 2216 13 2034 2216 14450 2034 2216 2847
50 1798 1812 1992 2006 13 2186 2200 14364 2186 2200 3071
51 1930 2084 2027 2181 18 2034 2216 29831 2034 2216 2134
52 1875 2197 1927 2263 96 1927 2263 65777 1927 2263 1709
53 1501 1879 1598 1976 21 1792 2170 15802 1792 2170 2632
54 1940 1940 1992 2006 22 2231 2231 17828 2231 2231 2381
55 1563 1801 1875 2197 13 1951 2189 12783 1951 2189 2975
56 2141 2169 2193 2235 95 2193 2235 68494 2193 2235 1801
57 1331 1611 1383 1677 13 1913 2193 11506 1913 2193 4192
58 1899 2123 2003 2255 46 2003 2255 30711 2003 2255 1908
59 2072 2212 2072 2212 337522 2072 2212 327219 2072 2212 1540
60 1916 2014 2110 2208 21 2110 2208 20585 2110 2208 2458
61 1695 2073 1799 2205 56 1799 2205 28275 1799 2205 2143
62 1393 1533 1757 1995 13 2072 2212 11445 2072 2212 3811
63 1965 2259 1965 2259 281558 1965 2259 281605 1965 2259 1532
64 1909 1979 2117 2243 21 2117 2243 18414 2117 2243 2498
65 1975 2115 2079 2247 57 2079 2247 28421 2079 2247 1986
66 1805 1847 1857 1913 27 2193 2235 14293 2193 2235 2820
67 1667 1933 1875 2197 47 1958 2224 15766 1958 2224 2811
68 1975 2115 2079 2247 16 2079 2247 30176 2079 2247 2049
69 2231 2231 2231 2231 562379 2231 2231 548496 2231 2231 2116
70 1940 1940 1992 2006 52 2231 2231 18654 2231 2231 2675
71 1795 1991 1989 2185 17 2003 2255 20180 2003 2255 2411
72 1691 1859 2079 2247 16 2079 2247 13549 2079 2247 3618
73 1674 1968 1868 2162 31 1965 2259 16771 1965 2259 2465
74 2134 2134 2186 2200 97 2231 2231 41613 2231 2231 1764
75 2034 2216 2034 2216 292363 2034 2216 269969 2034 2216 1690
76 1552 1552 1916 2014 33 2231 2231 11250 2231 2231 4176
77 1843 1843 1940 1940 24 2231 2231 14548 2231 2231 3121
78 1688 2038 1882 2232 13 1882 2232 21091 1882 2232 2414
79 1376 1642 1667 1933 13 1958 2224 12112 1958 2224 4033
80 2065 2177 2117 2243 53 2117 2243 73599 2117 2243 1625
81 1709 2143 1761 2209 17 1806 2240 41381 1806 2240 1986
82 1940 1940 1992 2006 25 2231 2231 17984 2231 2231 2740
83 1608 1832 1996 2220 13 1996 2220 14332 1996 2220 3008
84 1788 1956 1840 2022 44 2079 2247 18556 2079 2247 2675
85 1958 2224 1958 2224 308976 1958 2224 285958 1958 2224 1529
86 1906 2158 1958 2224 28 2003 2255 40319 2003 2255 1975
87 1937 2119 2034 2216 50 2041 2251 30044 2041 2251 2002
88 2117 2243 2117 2243 256770 2117 2243 257553 2117 2243 1555
89 1688 2038 1792 2170 31 1882 2232 21024 1882 2232 2187
90 1455 1455 1507 1521 13 2231 2231 11642 2231 2231 4220
91 1989 2185 2041 2251 13 2041 2251 66924 2041 2251 1933
92 1258 1440 1937 2119 13 2034 2216 10580 2034 2216 4563
93 1310 1506 1830 2166 31 1989 2185 11379 1989 2185 4480
94 1244 1370 1632 1758 25 2117 2243 10768 2117 2243 5976
95 2020 2146 2117 2243 144 2117 2243 48502 2117 2243 1823
96 2058 2142 2110 2208 39 2155 2239 43512 2155 2239 1980
97 1560 1980 1664 2112 16 1768 2244 23373 1768 2244 2363
98 1137 1417 1525 1805 13 1913 2193 10727 1913 2193 4548
99 1705 1929 1757 1995 27 1996 2220 17424 1996 2220 2986
100 1899 2123 1996 2220 60 2003 2255 30264 2003 2255 2043
101 1802 2026 1854 2092 28 1996 2220 21846 1996 2220 2569
102 1906 2158 1958 2224 52 2003 2255 39387 2003 2255 1919
103 1535 1661 1795 1991 18 2117 2243 12041 2117 2243 4181
104 1899 2123 2003 2255 20 2003 2255 30507 2003 2255 2328
105 1456 1848 1650 2042 27 1844 2236 14669 1844 2236 3281
106 2072 2212 2072 2212 637878 2072 2212 681026 2072 2212 1491
107 1646 1828 1906 2158 17 2034 2216 14471 2034 2216 3192
108 2141 2169 2193 2235 39 2193 2235 69482 2193 2235 1839
109 1518 1770 1778 2100 17 2003 2255 13618 2003 2255 3620
110 1681 2003 1778 2100 18 1875 2197 21043 1875 2197 2441
111 1913 2193 1965 2259 16 1965 2259 67541 1965 2259 1618
112 1688 2038 1792 2170 62 1882 2232 21832 1882 2232 2452
113 1954 2010 2110 2208 20 2148 2204 21278 2148 2204 2434
114 1753 1781 2044 2072 13 2141 2169 14373 2141 2169 3469
115 1338 1646 1823 2131 14 1920 2228 11607 1920 2228 4415
116 1982 2150 2034 2216 60 2079 2247 45359 2079 2247 1836
117 1452 1634 1646 1828 14 2034 2216 12432 2034 2216 3713
118 1584 1906 1778 2100 13 1875 2197 16988 1875 2197 2969
119 1999 2041 2096 2138 44 2193 2235 21816 2193 2235 2497
120 1746 1746 2134 2134 18 2231 2231 12945 2231 2231 3298
121 1871 1983 2065 2177 13 2079 2247 19764 2079 2247 2574
122 1802 2026 1996 2220 28 1996 2220 22412 1996 2220 2341
123 1965 2259 1965 2259 283789 1965 2259 295554 1965 2259 1577
124 1594 1762 1982 2150 14 2079 2247 12590 2079 2247 3856
125 2003 2255 2003 2255 404113 2003 2255 372339 2003 2255 1577
126 1646 1828 2034 2216 20 2034 2216 14903 2034 2216 3114
127 1875 2197 1927 2263 56 1927 2263 65456 1927 2263 1953
128 1428 1708 1740 2104 18 1913 2193 13158 1913 2193 4021
129 1927 2263 1927 2263 256658 1927 2263 267927 1927 2263 1541
130 1927 2263 1927 2263 367347 1927 2263 395028 1927 2263 1720
131 1996 2220 1996 2220 317896 1996 2220 308734 1996 2220 1533
132 1996 2220 1996 2220 258361 1996 2220 244333 1996 2220 1810
133 1809 2061 1906 2158 17 2003 2255 21049 2003 2255 2405
134 2034 2216 2034 2216 343062 2034 2216 355092 2034 2216 1581
135 1996 2220 1996 2220 421420 1996 2220 433749 1996 2220 1503
136 1327 1397 1521 1591 20 2103 2173 10936 2103 2173 4433
137 2027 2181 2079 2247 63 2079 2247 64035 2079 2247 1687
138 1490 1630 1594 1762 27 2072 2212 11585 2072 2212 3689
139 1882 2232 1882 2232 255180 1882 2232 248604 1882 2232 1735
140 1913 2193 1965 2259 36 1965 2259 67430 1965 2259 1830
141 1940 1940 2037 2037 40 2231 2231 18071 2231 2231 2501
142 1431 1529 1625 1723 26 2110 2208 11312 2110 2208 4592
143 2231 2231 2231 2231 571213 2231 2231 602770 2231 2231 1650
144 1324 1576 1376 1642 21 2003 2255 12275 2003 2255 3999
145 2155 2239 2155 2239 424449 2155 2239 421015 2155 2239 1504
146 1781 1921 1975 2115 30 2072 2212 16718 2072 2212 2660
147 2186 2200 2186 2200 299622 2186 2200 296781 2186 2200 1524
148 1542 1696 1750 1960 44 2027 2181 12668 2027 2181 3487
149 1764 2030 1816 2096 25 1958 2224 21755 1958 2224 2435
150 2079 2247 2079 2247 420303 2079 2247 422875 2079 2247 1674
151 1192 1304 1296 1436 13 2065 2177 11142 2065 2177 4208
152 1431 1529 1587 1727 16 2110 2208 11737 2110 2208 4196
153 1944 2154 1996 2220 41 2041 2251 42033 2041 2251 1907
154 1587 1727 1795 1991 19 2072 2212 12683 2072 2212 3873
155 1996 2220 1996 2220 360374 1996 2220 367994 1996 2220 1543
156 1861 2127 1958 2224 21 1965 2259 29441 1965 2259 2295
157 1982 2150 2079 2247 81 2079 2247 39930 2079 2247 1891
158 2134 2134 2231 2231 68 2231 2231 39672 2231 2231 1789
159 1455 1455 1819 1917 19 2231 2231 11187 2231 2231 4318
160 1719 1999 1913 2193 23 1927 2263 19180 1927 2263 2547
161 1480 1774 1532 1840 33 1965 2259 13037 1965 2259 3220
162 1878 2018 1930 2084 35 2072 2212 22424 2072 2212 2257
163 1591 1941 1799 2205 27 1882 2232 19321 1882 2232 2942
164 1643 2007 1799 2205 49 1837 2201 21330 1837 2201 2693
165 2041 2251 2041 2251 302075 2041 2251 304088 2041 2251 1572
166 1535 1661 2117 2243 20 2117 2243 11310 2117 2243 3892
167 2141 2169 2193 2235 70 2193 2235 68732 2193 2235 1701
168 2020 2146 2072 2212 140 2117 2243 38759 2117 2243 1914
169 1902 1944 1954 2010 48 2193 2235 17028 2193 2235 2731
170 1369 1607 1837 2201 37 1951 2189 11314 1951 2189 3751
171 1459 1669 1615 1867 21 2041 2251 10890 2041 2251 4613
172 1992 2006 2089 2103 36 2186 2200 20945 2186 2200 2158
173 1393 1533 1490 1630 15 2072 2212 11574 2072 2212 3915
174 2013 2111 2065 2177 39 2117 2243 29319 2117 2243 2258
175 2027 2181 2079 2247 152 2079 2247 66597 2079 2247 1735
176 1549 1731 1601 1797 19 2034 2216 13020 2034 2216 3427
177 1695 2073 1792 2170 27 1799 2205 27992 1799 2205 2309
178 1816 2096 1913 2193 53 1920 2228 29236 1920 2228 1931
179 1968 2080 2065 2177 33 2072 2212 29360 2072 2212 2051
180 1795 1991 2003 2255 24 2003 2255 18763 2003 2255 2490
181 1715 1785 2103 2173 22 2103 2173 12999 2103 2173 2984
182 1830 2166 1927 2263 39 1927 2263 40281 1927 2263 1891
183 1701 1715 2089 2103 14 2186 2200 12969 2186 2200 3341
184 1747 2139 1799 2205 46 1844 2236 37873 1844 2236 1809
185 1837 2201 1837 2201 248902 1837 2201 250731 1837 2201 1568
186 1449 1813 1837 2201 23 1837 2201 13420 1837 2201 3336
187 1916 2014 2110 2208 20 2110 2208 20668 2110 2208 2242
188 2134 2134 2231 2231 52 2231 2231 39059 2231 2231 1756
189 1882 2232 1882 2232 221321 1882 2232 214595 1882 2232 1581
190 2079 2247 2079 2247 260045 2079 2247 247638 2079 2247 1718
191 1469 1525 1989 2185 14 2148 2204 10556 2148 2204 4549
192 1996 2220 1996 2220 277476 1996 2220 298109 1996 2220 1559
193 1868 2162 1965 2259 35 1965 2259 39691 1965 2259 1992
194 2027 2181 2079 2247 200 2079 2247 66091 2079 2247 1848
195 2034 2216 2034 2216 422642 2034 2216 419086 2034 2216 1864
196 1483 1595 2065 2177 21 2065 2177 11969 2065 2177 3725
197 1826 1952 1982 2150 15 2117 2243 17874 2117 2243 2610
198 1511 1735 1899 2123 20 1996 2220 12682 1996 2220 3525
199 2037 2037 2089 2103 26 2231 2231 20828 2231 2231 2297
200 1920 2228 1920 2228 246769 1920 2228 249028 1920 2228 1546
201 1740 2104 1844 2236 26 1844 2236 29642 1844 2236 2287
202 2003 2255 2003 2255 297858 2003 2255 298340 2003 2255 1600
203 2058 2142 2110 2208 162 2155 2239 39866 2155 2239 1927
204 1781 1921 1885 2053 30 2072 2212 15890 2072 2212 2881
205 1937 2119 2041 2251 48 2041 2251 27953 2041 2251 2196
206 1996 2220 1996 2220 442090 1996 2220 408257 1996 2220 1566
207 1927 2263 1927 2263 284717 1927 2263 312351 1927 2263 1692
208 1899 2123 1996 2220 45 2003 2255 28629 2003 2255 2384
209 1944 2154 1996 2220 18 2041 2251 38132 2041 2251 2012
210 1726 2034 1830 2166 34 1920 2228 21453 1920 2228 2536
211 1469 1525 1937 2119 31 2148 2204 11092 2148 2204 4129
212 1802 2026 1958 2224 57 1996 2220 21363 1996 2220 2220
213 1840 2022 1944 2154 28 2034 2216 21343 2034 2216 2187
214 1778 2100 1875 2197 39 1882 2232 27862 1882 2232 1906
215 1774 1886 2034 2216 18 2065 2177 15623 2065 2177 2537
216 1989 2185 2041 2251 205 2041 2251 61306 2041 2251 1873
217 1885 2053 1982 2150 34 2079 2247 21361 2079 2247 2321
218 2072 2212 2072 2212 359245 2072 2212 363155 2072 2212 1743
219 1833 1987 2041 2251 71 2041 2251 19280 2041 2251 2536
220 1802 2026 1996 2220 43 1996 2220 21968 1996 2220 2403
221 1715 1785 2079 2247 30 2103 2173 14762 2103 2173 3542
222 1868 2162 1920 2228 17 1965 2259 43103 1965 2259 2188
223 2041 2251 2041 2251 431256 2041 2251 452889 2041 2251 1503
224 1916 2014 2072 2212 60 2110 2208 20632 2110 2208 2474
225 1816 2096 1868 2162 44 1920 2228 28393 1920 2228 2202
226 2231 2231 2231 2231 623921 2231 2231 632524 2231 2231 1738
227 1909 1979 1961 2045 38 2117 2243 19689 2117 2243 2854
228 1861 2127 1913 2193 104 1965 2259 32433 1965 2259 2133
229 2079 2247 2079 2247 453886 2079 2247 435876 2079 2247 1623
230 1812 1882 1968 2080 13 2103 2173 16551 2103 2173 2553
231 1428 1708 1525 1805 39 1913 2193 13450 1913 2193 3608
232 1999 2041 2103 2173 13 2193 2235 19840 2193 2235 2699
233 1598 1976 1650 2042 14 1806 2240 18817 1806 2240 2552
234 1996 2220 1996 2220 294364 1996 2220 301284 1996 2220 1524
235 1788 1956 1885 2053 35 2079 2247 17988 2079 2247 2694
236 1716 2178 1768 2244 321 1768 2244 70920 1768 2244 1805
237 1854 2092 1958 2224 50 1958 2224 28534 1958 2224 2389
238 1958 2224 1958 2224 230703 1958 2224 221515 1958 2224 1679
239 1857 1913 2065 2177 13 2148 2204 16806 2148 2204 2559
240 1736 1890 1788 1956 16 2027 2181 16658 2027 2181 2855
241 1660 1898 1868 2162 14 1951 2189 15878 1951 2189 2602
242 1757 1995 1861 2127 19 1965 2259 18963 1965 2259 2503
243 1965 2259 1965 2259 271594 1965 2259 264539 1965 2259 1569
244 1975 2115 2027 2181 13 2079 2247 30112 2079 2247 2298
245 1937 2119 2041 2251 59 2041 2251 27528 2041 2251 2461
246 1473 1739 1733 2069 36 1958 2224 12947 1958 2224 3038
247 1438 1564 1854 2092 13 2117 2243 11174 2117 2243 4592
248 1930 2084 1982 2150 24 2034 2216 30522 2034 2216 2405
249 2089 2103 2193 2235 37 2193 2235 29116 2193 2235 2040
250 2148 2204 2148 2204 345739 2148 2204 361126 2148 2204 1559
251 1906 2158 2003 2255 27 2003 2255 42014 2003 2255 1768
252 1878 2018 1975 2115 17 2072 2212 20876 2072 2212 2280
253 1847 2057 1944 2154 20 2041 2251 20910 2041 2251 2732
254 1352 1716 1643 2007 13 1837 2201 12971 1837 2201 3319
255 1750 1960 1854 2092 13 2041 2251 17673 2041 2251 2912
256 1757 1995 1861 2127 55 1965 2259 18315 1965 2259 2786
257 1649 1649 1746 1746 17 2231 2231 12119 2231 2231 3626
258 2110 2208 2110 2208 361115 2110 2208 326672 2110 2208 1651
259 1632 1758 2020 2146 13 2117 2243 13130 2117 2243 3538
260 1660 1898 1920 2228 13 1951 2189 17628 1951 2189 2834
261 1840 2022 1996 2220 44 2034 2216 20466 2034 2216 2867
262 1504 1700 1698 1894 24 1989 2185 12996 1989 2185 3317
263 1781 1921 1975 2115 14 2072 2212 16589 2072 2212 2870
264 1961 2045 2058 2142 20 2155 2239 21567 2155 2239 2445
265 1944 2154 2041 2251 32 2041 2251 40914 2041 2251 1933
266 2134 2134 2231 2231 28 2231 2231 39877 2231 2231 1911
267 1116 1312 1324 1576 14 1989 2185 10864 1989 2185 4444
268 1726 2034 1920 2228 13 1920 2228 21557 1920 2228 2442
269 1473 1739 1785 2135 47 1958 2224 13488 1958 2224 3269
270 1799 2205 1799 2205 259563 1799 2205 242902 1799 2205 1635
271 1452 1634 1660 1898 18 2034 2216 11446 2034 2216 4137
272 1352 1716 1449 1813 20 1837 2201 12500 1837 2201 3726
273 1819 1917 1871 1983 29 2110 2208 17052 2110 2208 2533
274 1341 1467 1445 1599 13 2117 2243 11766 2117 2243 4158
275 1684 1824 1840 2022 18 2072 2212 13417 2072 2212 2941
276 1930 2084 1982 2150 36 2034 2216 30176 2034 2216 1986
277 2065 2177 2117 2243 36 2117 2243 71416 2117 2243 1730
278 1843 1843 2155 2239 28 2231 2231 14079 2231 2231 3233
279 2193 2235 2193 2235 436101 2193 2235 422091 2193 2235 1660
280 1601 1797 1965 2259 17 1989 2185 13653 1989 2185 3176
281 1480 1774 1532 1840 13 1965 2259 13949 1965 2259 3662
282 1265 1475 1944 2154 13 2041 2251 10394 2041 2251 4115
283 2037 2037 2193 2235 20 2231 2231 21410 2231 2231 2146
284 1774 1886 2034 2216 50 2065 2177 15148 2065 2177 3176
285 1857 1913 2117 2243 14 2148 2204 16594 2148 2204 2654
286 1958 2224 1958 2224 298058 1958 2224 289619 1958 2224 1580
287 1677 1789 1781 1921 21 2065 2177 13985 2065 2177 3475
288 1778 2100 1882 2232 16 1882 2232 29438 1882 2232 1943
289 1428 1708 1525 1805 14 1913 2193 12789 1913 2193 3693
290 1251 1405 1563 1801 13 2027 2181 11032 2027 2181 3946
291 1428 1708 1688 2038 13 1913 2193 13093 1913 2193 3588
292 1726 2034 1920 2228 13 1920 2228 21841 1920 2228 2641
293 2134 2134 2186 2200 36 2231 2231 40520 2231 2231 2006
294 1868 2162 1965 2259 16 1965 2259 41081 1965 2259 2044
295 1643 2007 1747 2139 21 1837 2201 21131 1837 2201 2318
296 1625 1723 2013 2111 20 2110 2208 12689 2110 2208 3335
297 1563 1801 1615 1867 29 1951 2189 13655 1951 2189 3136
298 1868 2162 1920 2228 57 1965 2259 41624 1965 2259 1807
299 1743 1925 1840 2022 28 2034 2216 16336 2034 2216 2864
300 1764 2030 1958 2224 17 1958 2224 20597 1958 2224 2209
301 1833 1987 2041 2251 23 2041 2251 19212 2041 2251 2641
302 2041 2251 2041 2251 357437 2041 2251 352295 2041 2251 1647
303 1864 1948 1968 2080 25 2155 2239 17236 2155 2239 3264
304 2006 2076 2058 2142 50 2110 2208 29669 2110 2208 2324
305 1802 2026 1996 2220 39 1996 2220 20280 1996 2220 2334
306 1750 1960 2041 2251 50 2041 2251 18228 2041 2251 2508
307 1504 1700 1892 2088 13 1989 2185 13466 1989 2185 3532
308 1327 1397 1909 1979 14 2103 2173 11281 2103 2173 4034
309 1965 2259 1965 2259 284826 1965 2259 302921 1965 2259 1530
310 1916 2014 2072 2212 18 2110 2208 20976 2110 2208 2483
311 1968 2080 2065 2177 85 2072 2212 29465 2072 2212 2122
312 1927 2263 1927 2263 299531 1927 2263 288624 1927 2263 1530
313 1816 2096 1920 2228 49 1920 2228 29233 1920 2228 2198
314 1944 2154 1996 2220 109 2041 2251 42533 2041 2251 1883
315 1438 1564 1729 1855 16 2117 2243 10763 2117 2243 4551
316 1781 1921 1989 2185 31 2072 2212 16323 2072 2212 2885
317 1345 1681 1733 2069 14 1927 2263 12702 1927 2263 3857
318 1958 2224 1958 2224 259131 1958 2224 255388 1958 2224 1701
319 1691 1859 1847 2057 13 2079 2247 14154 2079 2247 3161
320 1951 2189 2003 2255 82 2003 2255 66656 2003 2255 1672
321 1840 2022 1937 2119 22 2034 2216 21543 2034 2216 2377
322 1379 1463 1670 1754 13 2155 2239 11093 2155 2239 4204
323 2034 2216 2034 2216 365335 2034 2216 351795 2034 2216 1579
324 2058 2142 2110 2208 28 2155 2239 40097 2155 2239 1783
325 1192 1304 1483 1595 16 2065 2177 10620 2065 2177 4108
326 1404 1782 1508 1914 13 1792 2170 13985 1792 2170 3077
327 1965 2259 1965 2259 431136 1965 2259 429891 1965 2259 1565
328 2141 2169 2193 2235 181 2193 2235 63762 2193 2235 1775
329 1435 1743 1532 1840 12 1920 2228 12954 1920 2228 3558
330 1868 2162 1920 2228 31 1965 2259 40922 1965 2259 1948
331 1954 2010 2110 2208 20 2148 2204 21638 2148 2204 2415
332 1272 1510 1369 1607 14 1951 2189 11676 1951 2189 3839
333 1844 2236 1844 2236 358009 1844 2236 359781 1844 2236 1683
334 1923 2049 1975 2115 108 2117 2243 20875 2117 2243 2239
335 1954 2010 2110 2208 34 2148 2204 22038 2148 2204 2288
336 1580 1692 1774 1886 15 2065 2177 12710 2065 2177 3927
337 1743 1925 1847 2057 18 2034 2216 15842 2034 2216 2508
338 1771 2065 1868 2162 41 1965 2259 22162 1965 2259 2525
339 2096 2138 2148 2204 101 2193 2235 42002 2193 2235 1899
340 1632 1758 1944 2154 23 2117 2243 13440 2117 2243 3523
341 1674 1968 1726 2034 31 1965 2259 18578 1965 2259 2475
342 1542 1696 1750 1960 28 2027 2181 12479 2027 2181 3480
343 1857 1913 2065 2177 45 2148 2204 16878 2148 2204 2930
344 1636 1972 1688 2038 48 1927 2263 19219 1927 2263 2594
345 1792 2170 1844 2236 40 1844 2236 65037 1844 2236 1662
346 1587 1727 1781 1921 31 2072 2212 12243 2072 2212 4100
347 1947 1975 2051 2107 30 2155 2239 19242 2155 2239 2269
348 1712 1964 1920 2228 20 2003 2255 16848 2003 2255 2778
349 1878 2018 1975 2115 21 2072 2212 21130 2072 2212 2377
350 1275 1331 1535 1661 19 2148 2204 11967 2148 2204 4235
351 1771 2065 1868 2162 20 1965 2259 19839 1965 2259 3022
352 1504 1700 1608 1832 24 1989 2185 12586 1989 2185 3492
353 1826 1952 2117 2243 13 2117 2243 18188 2117 2243 2471
354 1615 1867 1823 2131 30 2003 2255 14390 2003 2255 3086
355 1951 2189 2003 2255 13 2003 2255 66382 2003 2255 1676
356 1733 2069 1830 2166 31 1927 2263 23177 1927 2263 2251
357 1923 2049 1975 2115 22 2117 2243 20995 2117 2243 2391
358 1868 2162 1920 2228 106 1965 2259 41060 1965 2259 1964
359 2079 2247 2079 2247 263636 2079 2247 257810 2079 2247 1625
360 1927 2263 1927 2263 348792 1927 2263 357548 1927 2263 1516
361 1781 1921 1878 2018 21 2072 2212 16825 2072 2212 2863
362 1490 1630 1542 1696 13 2072 2212 11864 2072 2212 4158
363 1857 1913 1961 2045 43 2148 2204 16415 2148 2204 2534
364 1899 2123 1951 2189 25 2003 2255 29301 2003 2255 2104
365 1348 1502 1833 1987 13 2027 2181 11715 2027 2181 4189
366 1781 1921 2072 2212 47 2072 2212 16989 2072 2212 2867
367 1698 1894 1854 2092 13 1989 2185 16843 1989 2185 2583
368 1930 2084 2034 2216 36 2034 2216 28007 2034 2216 1950
369 1844 2236 1844 2236 291161 1844 2236 284638 1844 2236 1546
370 1480 1774 1688 2038 14 1965 2259 13480 1965 2259 3426
371 1490 1630 2072 2212 13 2072 2212 11444 2072 2212 4414
372 2013 2111 2110 2208 55 2117 2243 29861 2117 2243 2269
373 1352 1716 1716 2178 16 1837 2201 12312 1837 2201 3296
374 1833 1987 1930 2084 58 2041 2251 19733 2041 2251 2465
375 1736 1890 1996 2220 16 2027 2181 16963 2027 2181 2907
376 1895 1909 2155 2239 13 2186 2200 16937 2186 2200 2533
377 1712 1964 1764 2030 25 2003 2255 17858 2003 2255 2624
378 1677 1789 2041 2251 16 2065 2177 13486 2065 2177 3141
379 2148 2204 2148 2204 421382 2148 2204 414152 2148 2204 1503
380 1580 1692 1968 2080 29 2065 2177 12542 2065 2177 3891
381 1743 1925 1795 1991 49 2034 2216 16398 2034 2216 3258
382 1612 2046 1768 2244 13 1806 2240 20587 1806 2240 2731
383 1400 1568 1982 2150 24 2079 2247 11408 2079 2247 4014
384 1705 1929 1757 1995 19 1996 2220 16509 1996 2220 2900
385 1618 1688 1982 2150 13 2103 2173 12754 2103 2173 3725
386 1871 1983 1975 2115 13 2079 2247 20367 2079 2247 2426
387 1992 2006 2089 2103 19 2186 2200 22097 2186 2200 2323
388 1421 1673 2003 2255 14 2003 2255 11649 2003 2255 3542
389 2193 2235 2193 2235 353919 2193 2235 353172 2193 2235 1542
390 1549 1731 1861 2127 13 2034 2216 12321 2034 2216 3881
391 1761 2209 1761 2209 360666 1761 2209 343415 1761 2209 1519
392 1958 2224 1958 2224 369083 1958 2224 330775 1958 2224 1610
393 1764 2030 1920 2228 14 1958 2224 21621 1958 2224 2208
394 1906 2158 1958 2224 83 2003 2255 40195 2003 2255 2078
395 1771 2065 1823 2131 13 1965 2259 20197 1965 2259 2553
396 1781 1921 1937 2119 41 2072 2212 17071 2072 2212 2956
397 2003 2255 2003 2255 269035 2003 2255 265680 2003 2255 1820
398 1556 1766 1660 1898 27 2041 2251 12910 2041 2251 3610
399 1809 2061 1965 2259 17 2003 2255 21817 2003 2255 2165
400 1428 1708 1525 1805 13 1913 2193 12118 1913 2193 3508
401 1944 2154 1996 2220 37 2041 2251 40430 2041 2251 1794
402 1629 1937 1920 2228 35 1920 2228 18466 1920 2228 2678
403 1559 1587 1947 1975 34 2141 2169 11708 2141 2169 3785
404 1421 1673 1629 1937 13 2003 2255 12346 2003 2255 3337
405 1944 2154 2041 2251 14 2041 2251 40542 2041 2251 2000
406 1649 1649 1753 1781 13 2231 2231 11838 2231 2231 3689
407 1830 2166 1882 2232 14 1927 2263 39687 1927 2263 1836
408 1781 1921 1989 2185 14 2072 2212 16394 2072 2212 2562
409 2134 2134 2231 2231 16 2231 2231 38729 2231 2231 1779
410 2065 2177 2117 2243 63 2117 2243 73233 2117 2243 1684
411 1864 1948 2155 2239 13 2155 2239 18321 2155 2239 2462
412 1868 2162 1965 2259 20 1965 2259 39213 1965 2259 1966
413 1729 1855 2117 2243 13 2117 2243 14300 2117 2243 2902
414 1847 2057 2041 2251 58 2041 2251 21803 2041 2251 2344
415 1899 2123 2003 2255 20 2003 2255 29371 2003 2255 2181
416 1601 1797 1965 2259 24 1989 2185 13261 1989 2185 3466
417 1906 2158 2003 2255 170 2003 2255 41661 2003 2255 1806
418 1764 2030 1920 2228 41 1958 2224 21552 1958 2224 2154
419 1729 1855 1826 1952 18 2117 2243 14456 2117 2243 3158
420 1878 2018 1930 2084 33 2072 2212 21038 2072 2212 2350
421 1771 2065 1868 2162 20 1965 2259 21865 1965 2259 2256
422 1947 1975 2141 2169 17 2155 2239 17922 2155 2239 2781
423 1272 1510 1584 1906 25 1951 2189 10977 1951 2189 4179
424 1300 1650 1397 1747 17 1882 2232 12260 1882 2232 3875
425 1927 2263 1927 2263 295358 1927 2263 284523 1927 2263 1559
426 2027 2181 2079 2247 36 2079 2247 65687 2079 2247 1685
427 1781 1921 2041 2251 47 2072 2212 16531 2072 2212 2579
428 1542 1696 1736 1890 20 2027 2181 13003 2027 2181 3405
429 2058 2142 2155 2239 51 2155 2239 38483 2155 2239 1918
430 1615 1867 1809 2061 13 2003 2255 15241 2003 2255 3224
431 1566 1622 2034 2216 17 2148 2204 11109 2148 2204 3463
432 1736 1890 1944 2154 12 2027 2181 17171 2027 2181 2590
433 2155 2239 2155 2239 297094 2155 2239 277948 2155 2239 1554
434 1982 2150 2034 2216 13 2079 2247 41795 2079 2247 1977
435 1275 1331 1639 1793 13 2148 2204 10323 2148 2204 4085
436 2003 2255 2003 2255 347125 2003 2255 347621 2003 2255 1540
437 1688 2038 1740 2104 13 1882 2232 20783 1882 2232 2406
438 1802 2026 1996 2220 14 1996 2220 21326 1996 2220 2186
439 1882 2232 1882 2232 257638 1882 2232 242354 1882 2232 1547
440 1906 2158 2003 2255 17 2003 2255 42378 2003 2255 1877
441 2186 2200 2186 2200 271308 2186 2200 243496 2186 2200 1654
442 2058 2142 2155 2239 66 2155 2239 40859 2155 2239 1918
443 1833 1987 1930 2084 20 2041 2251 19046 2041 2251 2617
444 1989 2185 2041 2251 85 2041 2251 64107 2041 2251 1846
445 2020 2146 2072 2212 52 2117 2243 40008 2117 2243 1803
446 1854 2092 1906 2158 26 1958 2224 29489 1958 2224 1946
447 2034 2216 2034 2216 366024 2034 2216 342362 2034 2216 1521
448 2155 2239 2155 2239 439562 2155 2239 442781 2155 2239 1504
449 1667 1933 1771 2065 21 1958 2224 16802 1958 2224 3114
450 2037 2037 2134 2134 35 2231 2231 21850 2231 2231 2424
451 2072 2212 2072 2212 370108 2072 2212 337908 2072 2212 1591
452 2041 2251 2041 2251 300362 2041 2251 291823 2041 2251 1733
453 2155 2239 2155 2239 380183 2155 2239 357476 2155 2239 1645
454 1556 1766 1653 1863 20 2041 2251 12934 2041 2251 3619
455 1875 2197 1927 2263 52 1927 2263 68453 1927 2263 1792
456 1805 1847 1999 2041 13 2193 2235 15364 2193 2235 3140
457 2044 2072 2148 2204 39 2148 2204 28929 2148 2204 2040
458 1587 1727 2072 2212 13 2072 2212 13147 2072 2212 3644
459 1663 1719 1715 1785 13 2148 2204 12677 2148 2204 3602
460 1348 1502 1736 1890 13 2027 2181 11480 2027 2181 4201
461 1601 1797 1705 1929 14 1989 2185 14517 1989 2185 3058
462 1684 1824 1840 2022 13 2072 2212 14811 2072 2212 3284
463 1376 1642 1428 1708 22 1958 2224 11719 1958 2224 4656
464 1698 1894 1958 2224 55 1989 2185 16028 1989 2185 2930
465 1882 2232 1882 2232 354537 1882 2232 360525 1882 2232 1519
466 1771 2065 1823 2131 20 1965 2259 22150 1965 2259 2265
467 1511 1735 1719 1999 14 1996 2220 13367 1996 2220 3377
468 1961 2045 2065 2177 20 2155 2239 22139 2155 2239 2304
469 2117 2243 2117 2243 610014 2117 2243 627574 2117 2243 1662
470 2065 2177 2117 2243 65 2117 2243 68381 2117 2243 2086
471 1296 1436 1556 1766 16 2072 2212 11285 2072 2212 4640
472 2103 2173 2155 2239 120 2155 2239 71758 2155 2239 1647
473 1476 1560 1788 1956 13 2155 2239 11351 2155 2239 4254
474 1705 1929 1965 2259 13 1996 2220 16292 1996 2220 2537
475 2079 2247 2079 2247 383947 2079 2247 402185 2079 2247 1814
476 1871 1983 2027 2181 77 2079 2247 22074 2079 2247 3511
477 1591 1941 1643 2007 25 1882 2232 20471 1882 2232 2656
478 1494 1844 1688 2038 22 1882 2232 16832 1882 2232 3871
479 1823 2131 1927 2263 51 1927 2263 34508 1927 2263 2324
480 1940 1940 2148 2204 18 2231 2231 20296 2231 2231 2752
481 1722 1820 2110 2208 20 2110 2208 15202 2110 2208 3418
482 1830 2166 1927 2263 30 1927 2263 46277 1927 2263 1827
483 1407 1603 1615 1867 13 1989 2185 13927 1989 2185 4216
484 1961 2045 2065 2177 56 2155 2239 24963 2155 2239 2933
485 1660 1898 1920 2228 15 1951 2189 19354 1951 2189 3377
486 1684 1824 1736 1890 28 2072 2212 15876 2072 2212 3432
487 2041 2251 2041 2251 457180 2041 2251 427823 2041 2251 1517
488 1646 1828 1743 1925 21 2034 2216 15974 2034 2216 3718
489 1570 1836 1674 1968 45 1958 2224 17185 1958 2224 3232
490 1743 1925 1795 1991 29 2034 2216 19042 2034 2216 3475
491 1705 1929 1802 2026 30 1996 2220 18108 1996 2220 3142
492 1833 1987 1937 2119 76 2041 2251 21961 2041 2251 3788
493 1792 2170 1844 2236 358 1844 2236 97761 1844 2236 3675
494 1975 2115 2027 2181 57 2079 2247 36734 2079 2247 2532
495 1802 2026 1996 2220 32 1996 2220 23195 1996 2220 3796
496 1656 1684 1864 1948 29 2141 2169 16353 2141 2169 5365
497 1577 1871 1837 2201 14 1965 2259 17847 1965 2259 3417
498 1996 2220 1996 2220 375846 1996 2220 334972 1996 2220 1559
499 1542 1696 1736 1890 21 2027 2181 12283 2027 2181 3925
500 1958 2224 1958 2224 593275 1958 2224 704547 1958 2224 1537
501 1674 1968 1965 2259 17 1965 2259 17479 1965 2259 2638
502 2117 2243 2117 2243 421344 2117 2243 484779 2117 2243 2640
503 1760 1816 1857 1913 30 2148 2204 21707 2148 2204 5676
504 1511 1735 1719 1999 30 1996 2220 22904 1996 2220 4063
505 1940 1940 2044 2072 13 2231 2231 22032 2231 2231 5005
506 2034 2216 2034 2216 511698 2034 2216 470944 2034 2216 2445
507 2134 2134 2231 2231 18 2231 2231 57347 2231 2231 2779
508 1975 2115 2072 2212 34 2079 2247 40849 2079 2247 3350
509 1594 1762 1802 2026 46 2079 2247 20037 2079 2247 5189
510 1906 2158 2003 2255 90 2003 2255 62601 2003 2255 2511
511 1996 2220 1996 2220 418839 1996 2220 416063 1996 2220 1710
512 1826 1952 2034 2216 14 2117 2243 18119 2117 2243 2517
513 1622 1902 1726 2034 13 1913 2193 17702 1913 2193 2628
514 2044 2072 2096 2138 25 2148 2204 30105 2148 2204 1967
515 1781 1921 1989 2185 23 2072 2212 15954 2072 2212 2880
516 1625 1723 1729 1855 35 2110 2208 13332 2110 2208 3849
517 2006 2076 2103 2173 43 2110 2208 30686 2110 2208 2005
518 1501 1879 1657 2077 34 1792 2170 17177 1792 2170 2776
519 1806 2240 1806 2240 241024 1806 2240 254174 1806 2240 1545
520 1740 2104 1792 2170 40 1844 2236 29068 1844 2236 2409
521 1677 1789 2041 2251 50 2065 2177 13421 2065 2177 3168
522 1940 1940 2134 2134 35 2231 2231 18089 2231 2231 2553
523 1761 2209 1761 2209 271525 1761 2209 299499 1761 2209 1708
524 1895 1909 2051 2107 19 2186 2200 16231 2186 2200 2705
525 1601 1797 1989 2185 30 1989 2185 14564 1989 2185 3301
526 1459 1669 2041 2251 17 2041 2251 11056 2041 2251 3730
527 1670 1754 1982 2150 17 2155 2239 14269 2155 2239 4061
528 1826 1952 2117 2243 20 2117 2243 17385 2117 2243 3049
529 1902 1944 1954 2010 46 2193 2235 18805 2193 2235 2676
530 1698 1894 1750 1960 20 1989 2185 17717 1989 2185 2845
531 2051 2107 2155 2239 32 2155 2239 28667 2155 2239 2129
532 2103 2173 2155 2239 51 2155 2239 68207 2155 2239 1913
533 1913 2193 1965 2259 28 1965 2259 64340 1965 2259 1787
534 1722 1820 1930 2084 16 2110 2208 14417 2110 2208 3232
535 1909 1979 2013 2111 23 2117 2243 19076 2117 2243 2391
536 1871 1983 1975 2115 35 2079 2247 19133 2079 2247 2466
537 1843 1843 2134 2134 20 2231 2231 13635 2231 2231 2799
538 1944 2154 1996 2220 15 2041 2251 39959 2041 2251 1904
539 2134 2134 2186 2200 62 2231 2231 41295 2231 2231 2031
540 1892 2088 1996 2220 26 1996 2220 29103 1996 2220 2067
541 1778 2100 1830 2166 30 1882 2232 28884 1882 2232 1931
542 2231 2231 2231 2231 426849 2231 2231 441479 2231 2231 1679
543 1587 1727 1691 1859 20 2072 2212 12705 2072 2212 3750
544 1123 1347 1996 2220 17 1996 2220 10900 1996 2220 5208
545 1885 2053 2041 2251 29 2079 2247 21241 2079 2247 2247
546 1951 2189 2003 2255 32 2003 2255 66851 2003 2255 1776
547 1230 1300 1438 1564 20 2103 2173 11453 2103 2173 4926
548 2037 2037 2231 2231 17 2231 2231 21462 2231 2231 2256
549 1348 1502 1445 1599 13 2027 2181 10784 2027 2181 3979
550 1220 1444 1414 1638 13 1996 2220 11624 1996 2220 3970
551 1556 1766 1712 1964 20 2041 2251 12731 2041 2251 3039
552 1421 1673 1837 2201 12 2003 2255 14457 2003 2255 3535
553 1677 1789 1729 1855 13 2065 2177 14153 2065 2177 3210
554 1715 1785 1767 1851 24 2103 2173 15079 2103 2173 4772
555 1965 2259 1965 2259 625935 1965 2259 547486 1965 2259 1803
556 1497 1665 1885 2053 20 2079 2247 12150 2079 2247 4598
557 1757 1995 1854 2092 30 1965 2259 24248 1965 2259 2969
558 1809 2061 1965 2259 55 2003 2255 27548 2003 2255 2653
559 1369 1607 1473 1739 15 1951 2189 14093 1951 2189 4390
560 1664 2112 1761 2209 61 1768 2244 35280 1768 2244 2804
561 1598 1976 1792 2170 102 1806 2240 23072 1806 2240 2969
562 2037 2037 2141 2169 48 2231 2231 25161 2231 2231 2643
563 1802 2026 1906 2158 23 1996 2220 27402 1996 2220 2479
564 1674 1968 1882 2232 25 1965 2259 21114 1965 2259 2718
565 1750 1960 1802 2026 20 2041 2251 22341 2041 2251 3732
566 1719 1999 1927 2263 65 1927 2263 22296 1927 2263 2764
567 1456 1848 1747 2139 21 1844 2236 15429 1844 2236 4248
568 1712 1964 1920 2228 38 2003 2255 18665 2003 2255 2736
569 2134 2134 2231 2231 45 2231 2231 63522 2231 2231 2965
570 1854 2092 1906 2158 20 1958 2224 45898 1958 2224 3403
571 1331 1611 1591 1941 26 1913 2193 19542 1913 2193 5884
572 2013 2111 2065 2177 79 2117 2243 42292 2117 2243 2406
573 1667 1933 1764 2030 14 1958 2224 20918 1958 2224 2825
574 1937 2119 1989 2185 47 2041 2251 36690 2041 2251 2576
575 2037 2037 2231 2231 42 2231 2231 23412 2231 2231 2569
576 1885 2053 2041 2251 67 2079 2247 23192 2079 2247 4078
577 1196 1518 1716 2178 34 1875 2197 18428 1875 2197 4464
578 1930 2084 2034 2216 46 2034 2216 33899 2034 2216 2801
579 2193 2235 2193 2235 361097 2193 2235 343890 2193 2235 2121
580 1352 1716 1740 2104 46 1837 2201 15599 1837 2201 3790
581 1795 1991 1951 2189 29 2003 2255 24851 2003 2255 2629
582 1681 2003 1875 2197 17 1875 2197 25041 1875 2197 2490
583 2041 2251 2041 2251 379922 2041 2251 364656 2041 2251 1655
584 1649 1649 1857 1913 17 2231 2231 14044 2231 2231 3961
585 1940 1940 2044 2072 62 2231 2231 22064 2231 2231 3018
586 1514 1556 1618 1688 16 2193 2235 14491 2193 2235 5512
587 1774 1886 1878 2018 30 2065 2177 19963 2065 2177 3425
588 1771 2065 1868 2162 47 1965 2259 26796 1965 2259 2634
589 1982 2150 2079 2247 46 2079 2247 47150 2079 2247 1888
590 1390 1712 1546 1910 14 1875 2197 14539 1875 2197 3637
591 2065 2177 2117 2243 53 2117 2243 81887 2117 2243 1761
592 1764 2030 1861 2127 23 1958 2224 23221 1958 2224 2657
593 1580 1692 1840 2022 17 2065 2177 15099 2065 2177 3669
594 1715 1785 1767 1851 18 2103 2173 15390 2103 2173 3633
595 1809 2061 1965 2259 68 2003 2255 23726 2003 2255 2970
596 1612 2046 1664 2112 75 1806 2240 23156 1806 2240 2660
597 1407 1603 1795 1991 28 1989 2185 12948 1989 2185 4427
598 1649 1649 2117 2243 70 2231 2231 13442 2231 2231 4957
599 1636 1972 1844 2236 37 1927 2263 21816 1927 2263 2824
600 1760 1816 1812 1882 19 2148 2204 17665 2148 2204 3221
601 2037 2037 2193 2235 23 2231 2231 25161 2231 2231 2552
602 1781 1921 1885 2053 43 2072 2212 20803 2072 2212 3689
603 1518 1770 1778 2100 56 2003 2255 15506 2003 2255 4673
604 1753 1781 1850 1878 29 2141 2169 15399 2141 2169 4960
605 2034 2216 2034 2216 549887 2034 2216 546754 2034 2216 3174
606 1875 2197 1927 2263 199 1927 2263 97453 1927 2263 2709
607 2134 2134 2231 2231 25 2231 2231 55629 2231 2231 2385
608 1747 2139 1844 2236 19 1844 2236 58737 1844 2236 2257
609 1847 2057 1951 2189 21 2041 2251 29442 2041 2251 2505
610 1653 1863 1965 2259 15 2041 2251 18197 2041 2251 4026
611 1857 1913 1961 2045 27 2148 2204 19930 2148 2204 4656
612 1563 1801 1757 1995 22 1951 2189 17781 1951 2189 3567
613 1951 2189 2003 2255 75 2003 2255 90612 2003 2255 2017
614 1951 2189 2003 2255 19 2003 2255 78488 2003 2255 2245
615 1227 1479 1421 1673 29 2003 2255 15421 2003 2255 4477
616 1681 2003 1875 2197 25 1875 2197 26966 1875 2197 2737
617 1546 1910 1598 1976 17 1837 2201 22349 1837 2201 3236
618 1760 1816 2148 2204 32 2148 2204 16613 2148 2204 3743
619 2013 2111 2110 2208 27 2117 2243 39354 2117 2243 3671
620 1757 1995 1861 2127 28 1965 2259 23280 1965 2259 4619
621 1965 2259 1965 2259 405407 1965 2259 359736 1965 2259 1808
622 1989 2185 2041 2251 260 2041 2251 79137 2041 2251 1893
623 1636 1972 1740 2104 23 1927 2263 18665 1927 2263 2918
624 2155 2239 2155 2239 462033 2155 2239 445090 2155 2239 1551
625 1754 2174 1806 2240 119 1806 2240 72438 1806 2240 1883
626 1906 2158 1958 2224 15 2003 2255 42195 2003 2255 2068
627 1816 2096 1913 2193 21 1920 2228 30631 1920 2228 2497
628 1653 1863 1965 2259 22 2041 2251 15748 2041 2251 3275
629 1393 1533 1587 1727 14 2072 2212 12412 2072 2212 4548
630 2072 2212 2072 2212 653856 2072 2212 709527 2072 2212 2949
631 1958 2224 1958 2224 599250 1958 2224 476316 1958 2224 1560
632 1798 1812 2110 2208 13 2186 2200 13822 2186 2200 3235
633 1501 1879 1605 2011 19 1792 2170 17057 1792 2170 2926
634 1882 2232 1882 2232 302981 1882 2232 309132 1882 2232 1775
635 2072 2212 2072 2212 375342 2072 2212 363257 2072 2212 1626
636 1601 1797 1653 1863 25 1989 2185 13559 1989 2185 3230
637 1688 2038 1740 2104 28 1882 2232 21917 1882 2232 2545
638 1705 1929 1899 2123 26 1996 2220 16040 1996 2220 2969
639 2058 2142 2110 2208 37 2155 2239 43735 2155 2239 2083
640 1871 1983 1968 2080 20 2079 2247 22610 2079 2247 2702
641 2089 2103 2186 2200 21 2193 2235 30729 2193 2235 2131
642 1947 1975 2044 2072 47 2155 2239 18703 2155 2239 2872
643 1878 2018 1975 2115 17 2072 2212 21461 2072 2212 2498
644 1996 2220 1996 2220 459411 1996 2220 504551 1996 2220 1748
645 1473 1739 1667 1933 13 1958 2224 14963 1958 2224 3577
646 2231 2231 2231 2231 372213 2231 2231 384731 2231 2231 2219
647 1781 1921 1989 2185 35 2072 2212 18442 2072 2212 2956
648 1681 2003 1733 2069 17 1875 2197 28048 1875 2197 2754
649 1639 1793 2027 2181 30 2027 2181 16313 2027 2181 4374
650 2065 2177 2117 2243 95 2117 2243 81522 2117 2243 1862
651 1854 2092 1951 2189 17 1958 2224 31302 1958 2224 2465
652 2006 2076 2103 2173 45 2110 2208 34676 2110 2208 2162
653 1975 2115 2072 2212 13 2079 2247 36149 2079 2247 3307
654 1698 1894 1795 1991 73 1989 2185 20401 1989 2185 3313
655 2186 2200 2186 2200 524359 2186 2200 446345 2186 2200 1630
656 1684 1824 1878 2018 16 2072 2212 14426 2072 2212 3593
657 2013 2111 2110 2208 22 2117 2243 29838 2117 2243 2232
658 1300 1650 1352 1716 14 1882 2232 12368 1882 2232 4180
659 1996 2220 1996 2220 386912 1996 2220 369625 1996 2220 1816
660 1421 1673 1525 1805 17 2003 2255 12216 2003 2255 4137
661 2072 2212 2072 2212 603841 2072 2212 634446 2072 2212 1643
662 2041 2251 2041 2251 371212 2041 2251 377912 2041 2251 1688
663 1892 2088 1989 2185 28 1996 2220 31201 1996 2220 2761
664 1480 1774 1584 1906 104 1965 2259 13954 1965 2259 3394
665 1636 1972 1733 2069 26 1927 2263 19670 1927 2263 2617
666 1199 1339 1975 2115 18 2072 2212 11531 2072 2212 5388
667 1913 2193 1965 2259 27 1965 2259 75060 1965 2259 1826
668 1656 1684 1968 2080 20 2141 2169 13687 2141 2169 5045
669 1916 2014 2072 2212 26 2110 2208 23254 2110 2208 2419
670 1771 2065 1927 2263 21 1965 2259 23942 1965 2259 2492
671 1577 1871 1629 1937 21 1965 2259 16683 1965 2259 3544
672 1975 2115 2027 2181 61 2079 2247 33872 2079 2247 2258
673 1490 1630 1958 2224 19 2072 2212 12681 2072 2212 4075
674 1975 2115 2027 2181 39 2079 2247 34271 2079 2247 2564
675 1906 2158 2003 2255 32 2003 2255 48080 2003 2255 2565
676 2065 2177 2117 2243 43 2117 2243 78349 2117 2243 1886
677 1615 1867 1875 2197 24 2003 2255 16356 2003 2255 3409
678 1812 1882 1916 2014 163 2103 2173 19186 2103 2173 3136
679 1760 1816 1812 1882 29 2148 2204 14892 2148 2204 3986
680 2013 2111 2117 2243 25 2117 2243 32344 2117 2243 2227
681 1823 2131 1920 2228 38 1927 2263 31641 1927 2263 2119
682 1670 1754 2155 2239 21 2155 2239 13999 2155 2239 3328
683 1663 1719 2051 2107 31 2148 2204 14290 2148 2204 3413
684 1906 2158 1958 2224 21 2003 2255 45602 2003 2255 1896
685 1698 1894 1802 2026 16 1989 2185 16728 1989 2185 2761
686 1781 1921 2041 2251 13 2072 2212 17420 2072 2212 3039
687 1438 1564 1535 1661 14 2117 2243 12378 2117 2243 4273
688 1691 1859 1982 2150 18 2079 2247 15862 2079 2247 3310
689 1746 1746 1798 1812 22 2231 2231 15024 2231 2231 3499
690 1899 2123 2003 2255 14 2003 2255 31312 2003 2255 2105
691 1525 1805 1785 2135 25 1913 2193 15355 1913 2193 3219
692 1743 1925 1795 1991 21 2034 2216 18983 2034 2216 2680
693 1684 1824 1892 2088 13 2072 2212 15726 2072 2212 3793
694 1664 2112 1768 2244 31 1768 2244 31793 1768 2244 2593
695 1358 1358 2037 2037 36 2231 2231 10809 2231 2231 5213
696 2134 2134 2231 2231 107 2231 2231 42351 2231 2231 1862
697 1695 2073 1747 2139 39 1799 2205 31696 1799 2205 2272
698 1546 1910 1740 2104 14 1837 2201 18598 1837 2201 3354
699 2231 2231 2231 2231 368858 2231 2231 346967 2231 2231 1694
700 1920 2228 1920 2228 382362 1920 2228 374466 1920 2228 1712
701 1951 2189 2003 2255 105 2003 2255 70521 2003 2255 1937
702 1802 2026 1854 2092 28 1996 2220 23124 1996 2220 2369
703 1767 1851 1961 2045 30 2155 2239 15277 2155 2239 2953
704 1771 2065 1927 2263 35 1965 2259 22973 1965 2259 2648
705 1940 1940 1992 2006 13 2231 2231 18046 2231 2231 3412
706 1954 2010 2006 2076 65 2148 2204 22402 2148 2204 2566
707 1573 1657 1833 1987 30 2155 2239 13040 2155 2239 4364
708 1722 1820 1774 1886 28 2110 2208 15204 2110 2208 4255
709 1861 2127 1958 2224 39 1965 2259 31578 1965 2259 2389
710 1677 1789 1774 1886 17 2065 2177 14194 2065 2177 3057
711 2155 2239 2155 2239 466768 2155 2239 467854 2155 2239 1529
712 1999 2041 2051 2107 18 2193 2235 23236 2193 2235 2728
713 1497 1665 1653 1863 28 2079 2247 11978 2079 2247 4454
714 1989 2185 2041 2251 164 2041 2251 66162 2041 2251 1910
715 2231 2231 2231 2231 656135 2231 2231 672235 2231 2231 1905
716 1958 2224 1958 2224 256084 1958 2224 249846 1958 2224 1794
717 2089 2103 2141 2169 58 2193 2235 32553 2193 2235 2233
718 1895 1909 1992 2006 13 2186 2200 20166 2186 2200 3223
719 2096 2138 2148 2204 39 2193 2235 43757 2193 2235 1988
720 1778 2100 1830 2166 47 1882 2232 30988 1882 2232 2737
721 1684 1824 1944 2154 15 2072 2212 15583 2072 2212 3818
722 1982 2150 2079 2247 51 2079 2247 40900 2079 2247 1922
723 1729 1855 1781 1921 21 2117 2243 15208 2117 2243 3397
724 2117 2243 2117 2243 462332 2117 2243 453839 2117 2243 1862
725 1937 2119 1989 2185 104 2041 2251 32647 2041 2251 3042
726 1940 1940 2044 2072 20 2231 2231 20857 2231 2231 2661
727 2041 2251 2041 2251 265139 2041 2251 259264 2041 2251 2016
728 1702 2108 1754 2174 105 1806 2240 32519 1806 2240 2356
729 1303 1471 1615 1867 17 2079 2247 11664 2079 2247 4786
730 1788 1956 2079 2247 55 2079 2247 19037 2079 2247 2901
731 1705 1929 1757 1995 27 1996 2220 17892 1996 2220 2832
732 1615 1867 2003 2255 37 2003 2255 15999 2003 2255 3849
733 1757 1995 1854 2092 54 1965 2259 21865 1965 2259 2597
734 1843 1843 1947 1975 13 2231 2231 16261 2231 2231 3046
735 1656 1684 2020 2146 13 2141 2169 14118 2141 2169 3500
736 1757 1995 1951 2189 28 1965 2259 21688 1965 2259 3037
737 1601 1797 1913 2193 16 1989 2185 15510 1989 2185 3410
738 1927 2263 1927 2263 416259 1927 2263 378247 1927 2263 1703
739 1629 1937 1785 2135 17 1920 2228 23212 1920 2228 4045
740 1982 2150 2079 2247 41 2079 2247 44795 2079 2247 1809
741 1965 2259 1965 2259 504173 1965 2259 476646 1965 2259 1559
742 1753 1781 2117 2243 13 2141 2169 14216 2141 2169 3044
743 2020 2146 2117 2243 20 2117 2243 46527 2117 2243 2488
744 1657 2077 1754 2174 17 1761 2209 34424 1761 2209 2577
745 1719 1999 1816 2096 56 1927 2263 23297 1927 2263 3949
746 1459 1669 1847 2057 13 2041 2251 12155 2041 2251 3686
747 1428 1708 1816 2096 13 1913 2193 15287 1913 2193 5798
748 1920 2228 1920 2228 324981 1920 2228 328929 1920 2228 1723
749 1875 2197 1927 2263 59 1927 2263 73064 1927 2263 1816
750 1591 1941 1747 2139 13 1882 2232 19486 1882 2232 2870
751 1320 1362 1788 1956 14 2193 2235 13285 2193 2235 5245
752 1729 1855 1781 1921 21 2117 2243 13955 2117 2243 3595
753 1774 1886 1826 1952 24 2065 2177 19593 2065 2177 2543
754 1746 1746 1843 1843 20 2231 2231 18093 2231 2231 3280
755 1393 1533 1549 1731 14 2072 2212 11720 2072 2212 4095
756 1927 2263 1927 2263 374980 1927 2263 366061 1927 2263 1925
757 1615 1867 1719 1999 13 2003 2255 15818 2003 2255 2921
758 1708 1750 1968 2080 24 2193 2235 13785 2193 2235 3723
759 2079 2247 2079 2247 375286 2079 2247 362264 2079 2247 2080
760 1947 1975 1999 2041 21 2155 2239 19325 2155 2239 2666
761 1927 2263 1927 2263 372469 1927 2263 374372 1927 2263 1589
762 1345 1681 1927 2263 13 1927 2263 12475 1927 2263 4778
763 2006 2076 2110 2208 55 2110 2208 31372 2110 2208 2716
764 2079 2247 2079 2247 439844 2079 2247 495183 2079 2247 1664
765 1792 2170 1844 2236 81 1844 2236 69702 1844 2236 1759
766 1649 1649 1857 1913 13 2231 2231 12434 2231 2231 3613
767 1514 1556 2193 2235 13 2193 2235 11817 2193 2235 4143
768 2037 2037 2193 2235 18 2231 2231 23177 2231 2231 2633
769 1802 2026 1854 2092 53 1996 2220 22783 1996 2220 2362
770 1549 1731 1840 2022 13 2034 2216 14675 2034 2216 3536
771 1958 2224 1958 2224 304243 1958 2224 306745 1958 2224 1578
772 1812 1882 2020 2146 13 2103 2173 17743 2103 2173 2846
773 1951 2189 2003 2255 32 2003 2255 65778 2003 2255 1995
774 2058 2142 2155 2239 37 2155 2239 42946 2155 2239 2014
775 1494 1844 1806 2240 13 1882 2232 14831 1882 2232 3595
776 1992 2006 2089 2103 54 2186 2200 22215 2186 2200 2578
777 1549 1731 1965 2259 19 2034 2216 13605 2034 2216 3669
778 1580 1692 1632 1758 27 2065 2177 12925 2065 2177 4651
779 1764 2030 1958 2224 13 1958 2224 21664 1958 2224 2484
780 1847 2057 1951 2189 90 2041 2251 24586 2041 2251 2364
781 1716 2178 1768 2244 70 1768 2244 69529 1768 2244 1834
782 1982 2150 2034 2216 49 2079 2247 44340 2079 2247 1939
783 1213 1409 1317 1541 14 1989 2185 11615 1989 2185 4163
784 1580 1692 1996 2220 20 2065 2177 13001 2065 2177 3480
785 1726 2034 1920 2228 14 1920 2228 24035 1920 2228 2679
786 1826 1952 2020 2146 38 2117 2243 20053 2117 2243 2489
787 1764 2030 1958 2224 17 1958 2224 21678 1958 2224 2736
788 1965 2259 1965 2259 321677 1965 2259 289941 1965 2259 1747
789 1733 2069 1785 2135 13 1927 2263 24563 1927 2263 2560
790 1882 2232 1882 2232 384679 1882 2232 367142 1882 2232 1592
791 1390 1712 1754 2174 13 1875 2197 12214 1875 2197 3885
792 1598 1976 1754 2174 13 1806 2240 20762 1806 2240 2573
793 1639 1793 2027 2181 20 2027 2181 14080 2027 2181 3434
794 1909 1979 2013 2111 13 2117 2243 20305 2117 2243 2456
795 1982 2150 2079 2247 43 2079 2247 42331 2079 2247 2103
796 1923 2049 2020 2146 31 2117 2243 23236 2117 2243 3514
797 1864 1948 1916 2014 33 2155 2239 20399 2155 2239 2780
798 1785 2135 1882 2232 82 1882 2232 42149 1882 2232 2017
799 1930 2084 1982 2150 72 2034 2216 31929 2034 2216 2494
800 1546 1910 1806 2240 76 1837 2201 16598 1837 2201 2885
801 1823 2131 1875 2197 13 1927 2263 31348 1927 2263 2172
802 1386 1498 1646 1828 13 2065 2177 12024 2065 2177 5050
803 1556 1766 1750 1960 24 2041 2251 13565 2041 2251 3450
804 1951 2189 2003 2255 67 2003 2255 76619 2003 2255 1872
805 1989 2185 2041 2251 33 2041 2251 69818 2041 2251 1932
806 1746 1746 2058 2142 14 2231 2231 13203 2231 2231 3213
807 1570 1836 1830 2166 18 1958 2224 14570 1958 2224 3350
808 1684 1824 1781 1921 18 2072 2212 14856 2072 2212 2991
809 1746 1746 1843 1843 18 2231 2231 14802 2231 2231 3890
810 1816 2096 1868 2162 20 1920 2228 32291 1920 2228 1985
811 1785 2135 1837 2201 70 1882 2232 43505 1882 2232 1843
812 1764 2030 1816 2096 25 1958 2224 21987 1958 2224 2582
813 1348 1502 1542 1696 27 2027 2181 11462 2027 2181 4584
814 1954 2010 2006 2076 67 2148 2204 23984 2148 2204 2349
815 1875 2197 1927 2263 116 1927 2263 69572 1927 2263 2189
816 1310 1506 1726 2034 17 1989 2185 12484 1989 2185 4170
817 1951 2189 2003 2255 49 2003 2255 73069 2003 2255 1738
818 1657 2077 1761 2209 74 1761 2209 31218 1761 2209 2186
819 1653 1863 1944 2154 25 2041 2251 14510 2041 2251 2969
820 2193 2235 2193 2235 362322 2193 2235 362877 2193 2235 1914
821 1913 2193 1965 2259 42 1965 2259 66877 1965 2259 1897
822 1767 1851 1864 1948 13 2155 2239 14758 2155 2239 3152
823 1781 1921 1975 2115 13 2072 2212 17214 2072 2212 2708
824 2103 2173 2155 2239 218 2155 2239 70380 2155 2239 1712
825 1480 1774 1532 1840 13 1965 2259 13140 1965 2259 3833
826 1816 2096 1868 2162 17 1920 2228 31291 1920 2228 2299
827 1189 1483 1657 2077 34 1965 2259 12346 1965 2259 5773
828 1875 2197 1927 2263 316 1927 2263 71552 1927 2263 1640
829 1854 2092 1906 2158 14 1958 2224 30288 1958 2224 1989
830 1771 2065 1965 2259 16 1965 2259 22432 1965 2259 2697
831 2013 2111 2117 2243 28 2117 2243 30282 2117 2243 2397
832 1768 2244 1768 2244 280903 1768 2244 277506 1768 2244 1705
833 2110 2208 2110 2208 622884 2110 2208 572749 2110 2208 1716
834 1182 1448 1650 2042 13 1958 2224 11213 1958 2224 4640
835 1424 1494 1528 1626 13 2103 2173 11281 2103 2173 4411
836 1892 2088 1989 2185 21 1996 2220 33721 1996 2220 2603
837 1456 1848 1844 2236 39 1844 2236 15370 1844 2236 3453
838 1660 1898 1951 2189 46 1951 2189 17806 1951 2189 2948
839 1612 2046 1709 2143 14 1806 2240 23320 1806 2240 2783
840 1968 2080 2065 2177 31 2072 2212 31401 2072 2212 1955
841 1397 1747 1882 2232 13 1882 2232 14013 1882 2232 3142
842 1844 2236 1844 2236 315505 1844 2236 309775 1844 2236 1719
843 1369 1607 1733 2069 13 1951 2189 12618 1951 2189 4355
844 2079 2247 2079 2247 312276 2079 2247 302102 2079 2247 1706
845 1920 2228 1920 2228 486782 1920 2228 463685 1920 2228 1514
846 1975 2115 2027 2181 25 2079 2247 37847 2079 2247 2164
847 1743 1925 2034 2216 21 2034 2216 16754 2034 2216 3190
848 1663 1719 1857 1913 25 2148 2204 13965 2148 2204 3540
849 2134 2134 2231 2231 32 2231 2231 47721 2231 2231 1953
850 1944 2154 1996 2220 39 2041 2251 42556 2041 2251 1836
851 1608 1832 1816 2096 18 1996 2220 15501 1996 2220 3736
852 1837 2201 1837 2201 369914 1837 2201 381362 1837 2201 1827
853 1608 1832 1816 2096 24 1996 2220 14560 1996 2220 3196
854 1352 1716 1740 2104 13 1837 2201 14664 1837 2201 3734
855 1643 2007 1747 2139 35 1837 2201 21970 1837 2201 2702
856 1757 1995 1965 2259 69 1965 2259 20144 1965 2259 2909
857 1847 2057 1951 2189 25 2041 2251 23107 2041 2251 2414
858 2058 2142 2155 2239 56 2155 2239 42214 2155 2239 1767
859 2079 2247 2079 2247 314251 2079 2247 313971 2079 2247 2133
860 2193 2235 2193 2235 395454 2193 2235 364620 2193 2235 1671
861 1840 2022 1944 2154 24 2034 2216 20871 2034 2216 2392
862 2020 2146 2072 2212 55 2117 2243 47839 2117 2243 2477
863 1358 1358 1746 1746 15 2231 2231 10172 2231 2231 4773
864 1601 1797 1698 1894 20 1989 2185 13983 1989 2185 4136
865 2034 2216 2034 2216 435256 2034 2216 489709 2034 2216 1920
866 2117 2243 2117 2243 368221 2117 2243 372001 2117 2243 1593
867 2134 2134 2231 2231 28 2231 2231 42835 2231 2231 1988
868 1684 1824 1975 2115 19 2072 2212 14553 2072 2212 3440
869 2110 2208 2110 2208 387909 2110 2208 353301 2110 2208 1639
870 1761 2209 1761 2209 382329 1761 2209 373955 1761 2209 1624
871 1636 1972 1688 2038 14 1927 2263 18176 1927 2263 2599
872 2072 2212 2072 2212 433639 2072 2212 433356 2072 2212 2112
873 2089 2103 2141 2169 87 2193 2235 31978 2193 2235 2467
874 1968 2080 2065 2177 72 2072 2212 30557 2072 2212 2665
875 1462 1490 1930 2084 46 2141 2169 11710 2141 2169 5637
876 1844 2236 1844 2236 295271 1844 2236 319910 1844 2236 1701
877 1580 1692 1632 1758 19 2065 2177 12904 2065 2177 3967
878 1837 2201 1837 2201 311445 1837 2201 295643 1837 2201 1580
879 1847 2057 1899 2123 33 2041 2251 22657 2041 2251 2275
880 1580 1692 1677 1789 18 2065 2177 13576 2065 2177 3604
881 1712 1964 1764 2030 36 2003 2255 19658 2003 2255 2590
882 2110 2208 2110 2208 303184 2110 2208 303661 2110 2208 1711
883 2006 2076 2110 2208 20 2110 2208 29658 2110 2208 2642
884 1989 2185 2041 2251 96 2041 2251 64743 2041 2251 2615
885 1542 1696 1646 1828 48 2027 2181 13039 2027 2181 3777
886 1456 1848 1844 2236 69 1844 2236 15561 1844 2236 3386
887 1854 2092 1906 2158 43 1958 2224 29901 1958 2224 2384
888 1920 2228 1920 2228 243342 1920 2228 245276 1920 2228 1666
889 1798 1812 1902 1944 20 2186 2200 14910 2186 2200 3401
890 1753 1781 1850 1878 22 2141 2169 14345 2141 2169 3702
891 1719 1999 1875 2197 53 1927 2263 19912 1927 2263 3454
892 2193 2235 2193 2235 363911 2193 2235 349963 2193 2235 1836
893 1999 2041 2193 2235 52 2193 2235 21836 2193 2235 2442
894 1684 1824 1736 1890 20 2072 2212 15767 2072 2212 2889
895 1878 2018 1975 2115 33 2072 2212 22413 2072 2212 2459
896 1757 1995 1854 2092 32 1965 2259 19466 1965 2259 2792
897 1951 2189 2003 2255 68 2003 2255 68831 2003 2255 1926
898 1778 2100 1882 2232 80 1882 2232 32157 1882 2232 2297
899 1653 1863 1861 2127 40 2041 2251 14618 2041 2251 3045
900 2103 2173 2155 2239 311 2155 2239 74314 2155 2239 1739
901 1864 1948 2020 2146 50 2155 2239 18697 2155 2239 2754
902 1805 1847 1909 1979 25 2193 2235 16526 2193 2235 3265
903 1847 2057 2041 2251 42 2041 2251 22380 2041 2251 3069
904 1701 1715 1992 2006 20 2186 2200 13669 2186 2200 3499
905 1778 2100 1830 2166 50 1882 2232 32071 1882 2232 2280
906 1601 1797 1989 2185 18 1989 2185 14290 1989 2185 3346
907 1556 1766 1660 1898 32 2041 2251 15867 2041 2251 3772
908 1847 2057 2003 2255 32 2041 2251 21504 2041 2251 2598
909 1958 2224 1958 2224 368575 1958 2224 392853 1958 2224 1692
910 1753 1781 2013 2111 13 2141 2169 14992 2141 2169 3119
911 1310 1506 1778 2100 14 1989 2185 12106 1989 2185 4136
912 1504 1700 1868 2162 17 1989 2185 13660 1989 2185 3396
913 1612 2046 1664 2112 18 1806 2240 21764 1806 2240 2473
914 1657 2077 1709 2143 52 1761 2209 32920 1761 2209 2536
915 1937 2119 1989 2185 36 2041 2251 31665 2041 2251 2006
916 1954 2010 2051 2107 35 2148 2204 22277 2148 2204 2570
917 1667 1933 1771 2065 33 1958 2224 17817 1958 2224 3172
918 1868 2162 1920 2228 132 1965 2259 43504 1965 2259 2005
919 1705 1929 1802 2026 18 1996 2220 18364 1996 2220 2830
920 1601 1797 1809 2061 20 1989 2185 14418 1989 2185 3694
921 1861 2127 1958 2224 25 1965 2259 32388 1965 2259 2320
922 2006 2076 2110 2208 39 2110 2208 31716 2110 2208 2175
923 1774 1886 1826 1952 23 2065 2177 17952 2065 2177 3110
924 1716 2178 1768 2244 35 1768 2244 70759 1768 2244 2001
925 1819 1917 2013 2111 13 2110 2208 18774 2110 2208 2513
926 1816 2096 1868 2162 39 1920 2228 29908 1920 2228 2478
927 2148 2204 2148 2204 372844 2148 2204 356297 2148 2204 1619
928 1854 2092 1906 2158 13 1958 2224 31151 1958 2224 2886
929 1560 1980 1768 2244 40 1768 2244 20438 1768 2244 2444
930 1847 2057 1951 2189 17 2041 2251 22902 2041 2251 2691
931 2034 2216 2034 2216 315852 2034 2216 308596 2034 2216 1643
932 1532 1840 1740 2104 13 1920 2228 15526 1920 2228 3589
933 1857 1913 2051 2107 14 2148 2204 17040 2148 2204 2618
934 1625 1723 1781 1921 24 2110 2208 12216 2110 2208 3589
935 1951 2189 2003 2255 57 2003 2255 71593 2003 2255 1756
936 1854 2092 1906 2158 45 1958 2224 30341 1958 2224 2374
937 1469 1525 1521 1591 26 2148 2204 12414 2148 2204 4227
938 1594 1762 2079 2247 13 2079 2247 14704 2079 2247 3933
939 1930 2084 1982 2150 24 2034 2216 29374 2034 2216 2133
940 1982 2150 2034 2216 26 2079 2247 44803 2079 2247 2226
941 1764 2030 1816 2096 30 1958 2224 21167 1958 2224 2357
942 1362 1572 1414 1638 14 2041 2251 12391 2041 2251 4873
943 1802 2026 1906 2158 56 1996 2220 22185 1996 2220 2680
944 1490 1630 1975 2115 14 2072 2212 13904 2072 2212 4628
945 2020 2146 2117 2243 119 2117 2243 49251 2117 2243 1990
946 1774 1886 2065 2177 25 2065 2177 18188 2065 2177 3039
947 1663 1719 1819 1917 27 2148 2204 13292 2148 2204 3369
948 1466 1704 1674 1968 13 1951 2189 12982 1951 2189 3577
949 2141 2169 2193 2235 32 2193 2235 70818 2193 2235 1834
950 1906 2158 1958 2224 40 2003 2255 43629 2003 2255 2012
951 2134 2134 2231 2231 38 2231 2231 43636 2231 2231 1837
952 1996 2220 1996 2220 366893 1996 2220 375375 1996 2220 1737
953 1407 1603 1719 1999 16 1989 2185 11952 1989 2185 4107
954 1352 1716 1449 1813 13 1837 2201 14683 1837 2201 3921
955 1722 1820 1819 1917 71 2110 2208 15468 2110 2208 3199
956 1664 2112 1716 2178 44 1768 2244 33502 1768 2244 2115
957 2134 2134 2231 2231 20 2231 2231 46043 2231 2231 1975
958 1497 1665 1594 1762 14 2079 2247 14142 2079 2247 3635
959 1663 1719 1760 1816 14 2148 2204 14275 2148 2204 3618
960 1497 1665 2079 2247 13 2079 2247 14503 2079 2247 4339
961 1840 2022 2034 2216 89 2034 2216 23601 2034 2216 3125
962 1854 2092 1951 2189 56 1958 2224 32805 1958 2224 2804
963 2003 2255 2003 2255 388273 2003 2255 486268 2003 2255 2227
964 1670 1754 1930 2084 27 2155 2239 16949 2155 2239 3592
965 1916 2014 2072 2212 41 2110 2208 24104 2110 2208 3611
966 2117 2243 2117 2243 437259 2117 2243 436416 2117 2243 1961
967 1753 1781 1909 1979 22 2141 2169 15823 2141 2169 3701
968 1746 1746 1902 1944 26 2231 2231 15346 2231 2231 5266
969 1615 1867 1927 2263 23 2003 2255 17548 2003 2255 3933
970 1525 1805 1719 1999 71 1913 2193 18364 1913 2193 3733
971 1968 2080 2020 2146 22 2072 2212 36456 2072 2212 2475
972 1854 2092 1951 2189 30 1958 2224 38090 1958 2224 2078
973 1674 1968 1771 2065 69 1965 2259 22626 1965 2259 3892
974 1812 1882 1864 1948 26 2103 2173 19776 2103 2173 3182
975 2079 2247 2079 2247 433231 2079 2247 427653 2079 2247 2036
976 1788 1956 1840 2022 19 2079 2247 22837 2079 2247 2883
977 1664 2112 1761 2209 36 1768 2244 33634 1768 2244 3111
978 1511 1735 1615 1867 34 1996 2220 15176 1996 2220 4039
979 1843 1843 2155 2239 17 2231 2231 17863 2231 2231 3462
980 2141 2169 2193 2235 87 2193 2235 88237 2193 2235 2186
981 1639 1793 1899 2123 15 2027 2181 16810 2027 2181 3932
982 1532 1840 1629 1937 15 1920 2228 18881 1920 2228 3372
983 1348 1502 1868 2162 15 2027 2181 13046 2027 2181 4717
984 1563 1801 1875 2197 21 1951 2189 17768 1951 2189 4274
985 1916 2014 2013 2111 14 2110 2208 24482 2110 2208 3349
986 1958 2224 1958 2224 530697 1958 2224 569537 1958 2224 1960
987 1684 1824 1781 1921 26 2072 2212 16581 2072 2212 3439
988 1847 2057 1899 2123 33 2041 2251 24960 2041 2251 2672
989 1847 2057 2003 2255 15 2041 2251 26100 2041 2251 2252
990 1930 2084 2027 2181 16 2034 2216 35517 2034 2216 2834
991 2006 2076 2103 2173 18 2110 2208 34527 2110 2208 2356
992 2072 2212 2072 2212 498834 2072 2212 541930 2072 2212 1835
993 1944 2154 1996 2220 25 2041 2251 45988 2041 2251 2569
994 1975 2115 2079 2247 47 2079 2247 49791 2079 2247 3271
995 1684 1824 1975 2115 21 2072 2212 18389 2072 2212 4698
996 1681 2003 1733 2069 61 1875 2197 25299 1875 2197 4339
997 1885 2053 2041 2251 42 2079 2247 29041 2079 2247 3994
998 1736 1890 1944 2154 36 2027 2181 22066 2027 2181 4523
999 2051 2107 2103 2173 30 2155 2239 38513 2155 2239 2363
