0 55184338 48814504 55414996 48964231 591 56151354 49242058 201548 
1 52847505 48842043 53135251 49084392 312 53811951 49321467 202527 
2 50006391 49166936 50230080 49279144 566 50990013 48851756 225427 
3 46400568 48723123 47048596 48919917 315 47353835 48819439 196827 
4 49915754 49021481 50490458 49385862 305 50855386 49062458 207986 
5 56777521 49294212 56898709 49210681 626 57762829 49217258 248412 
6 46584334 49407423 46818074 49355036 646 47577353 49272408 248085 
7 54653288 49286680 55049472 48753837 310 55599292 49406516 241146 
8 43894909 48925655 44491823 49291234 468 44848830 48964791 201452 
9 55271214 49233564 55361195 49142171 1444 56224962 49313765 229133 
10 52720370 49365718 53224173 49302930 309 53632037 49177027 252528 
11 50594879 49372068 51235281 49396517 306 51490458 49297849 250811 
12 49322080 49184968 49731108 49026331 602 50298419 49225631 221217 
13 48297468 49321733 49021497 48349605 831 49278896 49283354 234909 
14 43996741 48871155 44176774 48833431 303 44940256 49192977 196620 
15 47200160 48915399 47794400 48241318 383 48141076 49021344 201675 
16 50201297 49398103 50371397 49194088 311 51124471 48707346 264670 
17 53991471 49230279 54060793 49230015 306 54921117 48720380 228562 
18 54048409 49226053 54446182 48652019 308 54974136 49203724 226945 
19 55466484 48768073 55766351 49021761 557 56399005 48788538 209848 
20 47073167 49100488 47105538 48934134 306 47990999 48716860 213398 
21 51672599 48777921 51934956 48397326 318 52640030 48951727 197686 
22 40659312 49037710 41103343 49139307 1554 41634695 48503824 205490 
23 51207209 49418705 51398905 48854419 388 52194008 49354655 266580 
24 52261127 48490657 52457602 48892133 954 53241651 47779023 192472 
25 46154451 49022731 46521318 48943224 335 47104852 48571573 205808 
26 46391004 49365883 46824927 49095630 631 47363974 49228614 238201 
27 54850172 49164619 55393999 48893078 308 55820977 48824787 219001 
28 49909753 49342875 50228971 48831456 307 50880609 49335239 240140 
29 50432196 49131697 50893665 48526023 766 51407084 48975277 216800 
30 52952126 49100884 52986098 48585924 313 53926787 49007232 215883 
31 53151098 49193865 53315624 49123655 760 54094000 49005166 229642 
32 48085583 48703576 48290779 48227396 312 49049761 48591641 195828 
33 50754917 48860430 51157707 48125861 565 51741688 48525133 200405 
34 54344650 49002906 54411604 49022527 376 55285924 48596605 209910 
35 52650807 49260270 52719425 49315582 982 53625106 49197424 229085 
36 41855463 49411195 42228642 49029580 1649 42829989 49405609 245281 
37 47592518 49288253 47643063 48722454 625 48562639 49135303 240167 
38 49944997 49129544 49987274 48906389 573 50910471 49102120 219568 
39 44529470 48722924 45162368 48302905 560 45491281 48439839 197768 
40 53577260 49260650 53601919 49218283 307 54529625 49254213 235925 
41 53939680 48606199 54041141 49363573 319 54892826 48630725 194091 
42 45133488 49343041 45336336 49133194 760 46085917 48976358 231124 
43 48218829 48846242 49082345 48894658 318 49145663 48388276 199462 
44 44460083 48784041 44578630 48687101 761 45371471 48239038 198384 
45 47388085 48903229 48024352 48894634 560 48299422 48547434 199791 
46 49712600 49412561 50324792 48911968 958 50673126 49135820 252358 
47 47092013 48761426 47181692 49280175 374 48052561 48246894 197333 
48 45034450 49271331 45356192 48851743 308 45976831 49069547 230715 
49 45641918 49398966 45966861 48858461 314 46570959 49354125 248602 
50 46114496 49366149 46499552 49156802 493 47029675 48861247 249527 
51 50248051 49035099 50460415 49085435 1451 51220568 49363301 212630 
52 50934254 49041493 51292863 49002063 769 51916717 48839739 207944 
53 48792971 49281343 48866186 49259623 310 49740712 49234482 233293 
54 50018466 49197249 50288833 48407414 374 50971485 48302033 227907 
55 53775523 49409935 54588325 49395001 557 54762946 49029501 269074 
56 44081562 49361120 44475237 48968546 377 45049861 49157251 239905 
57 52648297 49109761 52719891 48588592 308 53605430 48671489 215580 
58 50608190 48908693 50649488 49141545 1537 51585745 48471783 204858 
59 50053485 49125369 50468051 49349485 341 50992985 49370314 215547 
60 50400430 49416956 50818166 48971497 1211 51370330 49125106 263585 
61 48683351 48908532 48910852 49306985 756 49632697 49227421 203138 
62 53908513 49379120 54226607 49362683 373 54866639 48603027 261006 
63 49970690 49411601 50118047 49414949 439 50889631 48706418 251168 
64 45560110 49176757 45638778 49211381 594 46514350 49030996 223554 
65 48231132 49162845 48887256 49255559 707 49180892 48508571 218772 
66 47423306 49411213 47519359 48532808 621 48385006 48980022 256772 
67 56243683 49138418 56493201 49038479 970 57190234 48462282 222199 
68 47519136 49237412 47532056 49265691 564 48505139 49005094 224982 
69 58266438 49172534 58469617 49349320 309 59196838 49065699 224073 
70 45651508 49369840 46065925 49406592 829 46620992 48527842 247878 
71 54198754 49219551 54222209 48821928 319 55176352 49190742 238505 
72 50621610 49304610 50795043 49410388 317 51555989 48514125 237233 
73 40976574 49164642 41426680 48393225 327 41949566 48672625 214602 
74 46737087 49003265 46812278 48561659 311 47718304 49275630 204684 
75 48789178 49327956 49129557 49402325 311 49742079 49186735 242546 
76 42889970 49072301 43367647 48657684 305 43814620 48840503 207276 
77 51372246 49124610 51931449 48946856 568 52354704 49142416 210670 
78 54236863 49124261 54253863 48843897 770 55155583 49398623 215859 
79 41980898 49378746 42392338 49181363 387 42907434 49152624 245651 
80 54112713 49213217 54951111 48545616 751 55093990 49092240 224661 
81 46465992 49290089 47123893 49221225 636 47438870 49147666 235311 
82 43603063 49018721 43945261 48423206 373 44554683 48534073 206578 
83 44751495 48983053 45186001 48951604 755 45730135 48657498 204625 
84 53904130 48854795 53960695 48980618 306 54835960 49249033 200468 
85 52223088 49058213 52708894 48430844 829 53158080 49063518 216740 
86 45037449 49274231 45712355 49056741 306 45980230 49322514 229834 
87 47834722 49292645 47931162 49151874 834 48813827 48500274 235825 
88 45314556 49166853 45358119 48928800 305 46293961 48372836 216207 
89 45033066 48945539 45149178 48131530 312 46012974 48297896 202998 
90 46093064 49336171 46204355 48946036 386 47076260 48919598 260345 
91 50872068 49269539 51392951 48490774 313 51806344 49269817 280787 
92 45794166 49046708 45956822 49407157 2406 46773420 49396750 241800 
93 44766232 48544600 45548860 48721685 788 45711346 47868470 227712 
94 49421353 48846838 49493336 48382546 328 50364112 48401413 243075 
95 50894124 49071520 51295920 48885609 342 51859962 48978829 269907 
96 53857227 49154568 54136515 49127577 957 54845459 48589062 230465 
97 48831179 49260295 49063643 48696720 875 49789397 49205191 240455 
98 54911853 49237436 55059026 49221515 476 55864213 48561681 231334 
99 43351074 49347451 44005335 49021513 635 44273265 49082604 243535 
100 48094632 49240619 48983200 49394593 304 49057814 48618800 227111 
101 44744015 48768927 44773906 49266969 625 45704631 48572115 196648 
102 51099285 49125154 51213434 48998399 383 52005584 49186544 217672 
103 46842798 49196173 47280087 48923481 374 47816635 49245229 220686 
104 48803783 49137469 48863206 48986450 753 49779652 49282819 216508 
105 52997936 49417773 53103527 48850816 963 53941228 49393807 261174 
106 48251568 49380503 48772632 49247734 306 49169999 49123540 234249 
107 47618811 49032318 47746234 48292065 577 48504787 49088560 206935 
108 52217771 49290372 52382819 49305506 305 53149231 48536467 241831 
109 48527856 48673353 48675424 48839292 571 49491456 48772926 194896 
110 48744282 49074111 48917672 49368251 633 49697113 48924982 210700 
111 51356193 49384255 51745889 49282815 312 52297093 48913693 249782 
112 44920202 48835567 44990729 48393797 379 45836228 48912184 200902 
113 52494757 49399960 52664767 49362326 1146 53450202 49058551 252892 
114 49997353 49318710 50139381 49278856 1370 50985917 49262403 239997 
115 46880168 49171293 47016362 49343749 310 47851658 49274688 216887 
116 51839445 48938112 52370537 49006541 625 52741377 48703698 203384 
117 58829470 49169376 59452240 49182264 711 59772673 48352361 229638 
118 41348684 49274024 41466725 49088670 334 42333205 49235962 219687 
119 51821960 49353204 51864643 49219207 323 52777975 49414465 256819 
120 45148417 49417669 45500454 48768182 779 46108936 49104827 239815 
121 48423627 48934196 48483672 49406081 1016 49398119 48711323 201212 
122 58191771 49345296 58589412 49162119 557 59137501 49219975 251505 
123 49796019 49224591 49979064 49047140 1125 50754262 48508853 224933 
124 55090716 49111276 55188171 48955131 407 56045912 48938339 220487 
125 48981986 48739982 49141004 48660758 313 49956028 48782493 195713 
126 50863856 48703584 51418790 47865352 308 51787640 48623706 195933 
127 49993941 49175337 50773812 48980590 316 50980567 48992493 219807 
128 44909528 48638233 45612726 48202875 311 45900628 48714924 195514 
129 50943891 49321784 51560933 49279536 1568 51907240 48976343 242541 
130 47587753 49282135 47685509 49017680 454 48553392 49397387 229740 
131 45836138 49333144 46630591 49032192 1062 46797242 49009698 234118 
132 46576518 48729091 46630671 48642913 822 47496959 48558976 196734 
133 42707323 49149674 43265901 48754265 764 43678029 48703988 213088 
134 44999156 49295349 45018901 49177653 331 45978578 49225345 234195 
135 53517275 49372434 53670680 49274661 844 54457014 48689924 251177 
136 52835069 48884652 53016984 48911362 314 53803452 49320277 204152 
137 47905570 49196526 48194423 49090771 641 48850768 49338497 219936 
138 51388565 49280762 51977187 49352377 628 52326970 48907674 237730 
139 51977740 48980747 52277617 49204422 373 52916973 48613503 206108 
140 49027905 48853113 49386098 48640135 305 49946317 48431959 200510 
141 45090470 49316675 45321355 48784499 754 46039607 49411078 230557 
142 50533689 49345066 51476955 48780730 688 51470814 49245174 247767 
143 45893747 49149363 46168349 48872089 553 46830017 48737680 211716 
144 51466731 49293857 52079798 48994218 1147 52375905 49127587 238046 
145 48007146 49189186 48279043 49293226 323 48948179 48258078 223033 
146 52171997 49181040 52502203 49290570 623 53150501 49285381 221160 
147 47376984 49290977 47612186 48687612 386 48324179 49155292 235769 
148 47147150 49058648 48010720 48439522 1304 48125590 49098865 214761 
149 56348556 48855743 56594926 48565641 969 57315615 48923464 206428 
150 50514596 49412899 50590481 49081755 762 51481987 49058517 294224 
151 50675734 48633276 51222542 48864146 793 51651025 48799161 210049 
152 54083143 48894540 54587387 49145735 321 55068456 49057701 215716 
153 51394260 49262827 51491109 48876593 379 52325745 48526721 240064 
154 49167607 49351524 49346432 49301167 313 50143662 48776128 359135 
155 50898931 49214144 51376390 49368422 327 51864856 48701949 238504 
156 53812394 49282742 53837767 48762224 308 54807583 48863974 289984 
157 45252385 49221313 45698984 49096236 569 46183496 48284894 255102 
158 49016240 49112175 49077600 49087944 597 49966778 49246103 219694 
159 49467013 49386058 49599011 49074716 731 50430384 49054967 252668 
160 50563508 49401986 50960707 49278621 403 51552640 48960911 265110 
161 44766000 49288668 44919440 48940817 1479 45729609 48869120 236039 
162 53847859 48677004 54088280 48977452 560 54833621 49055340 197781 
163 46320948 49127595 46561912 48954591 638 47273119 49002490 225553 
164 55708953 49035799 55783173 48937143 1506 56654507 48881144 211280 
165 48724069 49108233 49338455 49113564 323 49693219 49242233 212748 
166 46195342 49393669 46345059 49192140 310 47159300 49160882 254229 
167 51250733 48988862 51570925 48824787 346 52233213 49350935 206167 
168 51496431 48541652 51775117 48893791 560 52442799 48441282 196728 
169 54620652 49126583 54788594 48429535 654 55558382 49260364 229010 
170 53984296 49368679 54152406 48860333 1174 54973634 48586635 255034 
171 46601629 48887741 46763580 48736679 323 47541677 48450222 202427 
172 45730519 48991236 45870243 49220888 629 46686654 48851902 219355 
173 45359633 48831710 45379536 48599443 567 46282337 48293426 202561 
174 51158971 48713895 51277633 48958343 314 52155243 48251069 199085 
175 53693625 49110715 53861039 48499637 312 54645636 49130784 228838 
176 50045162 48730227 50161680 48830984 605 50952424 48344182 200051 
177 53144031 48884967 53417751 49050980 313 54110583 49417108 203783 
178 44544374 49134174 44735123 49070595 642 45542753 49161386 232131 
179 56139881 49276874 56613025 49255416 348 57071266 49163305 240934 
180 48836268 48559611 49238549 48883847 841 49749125 47922840 196775 
181 52441295 49301230 52879645 49326772 313 53383499 48857022 251666 
182 58422950 49290715 58664272 49056276 373 59347482 49365645 251177 
183 46005064 49097341 46659341 48854346 309 46989976 48732396 226506 
184 53290335 49118471 53739115 49171971 804 54238197 49017462 222439 
185 46301795 49226666 46604222 49049346 314 47265872 48952156 232898 
186 52152495 49168378 52689925 49101365 314 53112584 49330209 228420 
187 45973102 48824359 46140066 48787854 608 46910018 48627054 200396 
188 43831188 49299044 44341429 49084334 693 44776975 48735441 237430 
189 54462434 49125808 54536122 49048023 639 55407459 49147418 220617 
190 47148832 49298357 47457242 48722030 1456 48087310 49264303 232343 
191 52460573 49231525 52580788 49374360 728 53401641 49202368 230212 
192 47748734 49321097 48030040 48641266 382 48718746 49258692 233385 
193 53827844 48814031 54311155 48825241 842 54795860 49329139 208655 
194 45735804 49385762 45807771 48871795 315 46688250 49407344 254188 
195 49266623 49232795 49443178 49400803 511 50201784 48998249 264744 
196 51648896 48790122 52274492 49206739 318 52618179 49327748 213841 
197 52880541 48901598 53003727 49190661 315 53843462 49071105 210002 
198 43164860 48505197 43666744 49301655 313 44124896 48996178 200753 
199 45160710 49110352 45301543 49029561 329 46116646 48832347 218409 
200 46144843 48929985 46831662 49041229 565 47078359 48299048 210688 
201 42913766 48832738 42938922 48430237 331 43869570 49273225 237642 
202 49789428 49171975 49810987 48982037 401 50775517 49201031 294153 
203 45536430 48842833 45545038 47972255 335 46473739 48756714 262743 
204 45216397 49065968 45788431 48918032 1430 46196269 49134621 243858 
205 49234707 49000324 49909961 49375414 533 50179584 49346185 224604 
206 46063521 49387989 46177277 49387973 636 47023532 49345395 248459 
207 48671901 49313597 48714321 49202824 580 49622074 48942228 242721 
208 50767750 49339786 50789892 49149553 313 51727689 49091908 243023 
209 50741420 49109803 51082439 48713210 633 51723741 48905570 261006 
210 54859235 49244710 55047857 49136970 473 55833839 49075368 237029 
211 47502497 48750160 47643103 48320025 636 48456935 48693442 195075 
212 47167250 48767834 47356076 49379361 579 48096365 48895223 199584 
213 43718752 48863840 44158612 48583200 315 44698004 49198222 199315 
214 52502328 49200134 52546071 48784791 657 53456404 49276709 229202 
215 42241205 49323905 42337148 48676409 322 43221532 49091662 232286 
216 54191996 48518144 54321248 48161301 317 55161613 48446226 194118 
217 55577056 49414652 55614246 48853206 316 56479883 48983919 269300 
218 49870384 48986406 50081204 48479509 961 50862932 49291995 209459 
219 41646111 49096751 42195564 49039462 841 42607810 49044822 209844 
220 52547368 49343801 52969840 49231949 523 53484187 49153110 251763 
221 54760948 49139564 55302520 48781075 707 55696861 48628798 218616 
222 51590335 49032624 52368835 48544052 777 52541250 49338674 211261 
223 51230930 49208179 51598921 48667908 1083 52200304 49419133 223370 
224 51587785 49184035 51947994 49217337 315 52566290 49360670 226854 
225 44244778 48983391 44327148 48459049 566 45191913 48432020 206568 
226 53052965 49297686 53240129 49305396 508 54002571 48760806 232044 
227 60352243 49378034 60552858 49217302 766 61298580 49400179 273056 
228 42539775 49411532 42837530 49198972 1120 43516101 48906793 258658 
229 49414552 49088224 49497258 48674179 904 50336903 49167285 234796 
230 42779329 49005490 43448602 48465299 402 43739023 48804123 218240 
231 47104650 48834799 47168151 49202546 1146 48057841 49222831 198623 
232 52629648 49290292 52853849 48876142 2333 53577351 49221107 248054 
233 47206394 49196786 48089659 48727970 1430 48157866 49389406 236802 
234 47892687 48968585 48316119 49212238 579 48797630 48041672 220291 
235 47982313 48813605 48218143 48449354 393 48919053 48247489 213314 
236 53097679 49350218 53275932 49270162 1635 54035899 49331725 265878 
237 59879425 49217284 60054953 48587228 345 60806412 49352365 241910 
238 57505415 49229952 57571867 48592407 1426 58438468 49047509 240490 
239 49639755 48945239 50184273 48715779 324 50593373 49111087 219576 
240 48125766 49402363 48431596 48780954 366 49062630 49407209 255894 
241 48133468 49296660 48613671 48473260 1431 49129794 48755190 247124 
242 58679103 48971474 59336319 48538671 1100 59653329 48542816 220913 
243 49742328 48949440 49828724 49414080 401 50635243 48889079 222377 
244 51789216 49181932 51917346 49206642 307 52751782 49296499 244433 
245 47401303 49056908 47644566 48645186 311 48361229 49331238 219510 
246 53723638 48875399 54015523 48748685 1060 54673856 48378267 210422 
247 52285908 49093339 52886808 48813289 557 53211050 48795095 228852 
248 43616866 48812117 44053290 48591949 306 44562258 48100748 203706 
249 46250006 49391690 46738023 48665182 313 47231266 49174298 290234 
250 43773658 49375186 43918724 49190739 1530 44748310 49062755 256379 
251 46324347 48891709 46450437 48370198 641 47258988 48713415 211792 
252 52834205 49123215 53178712 48801104 830 53822015 49362586 221341 
253 47982476 49417871 48182654 48701400 310 48941904 49168708 274645 
254 48101955 49313445 48161412 49279289 319 49063831 49284766 252208 
255 45823720 49256482 46005287 49054795 340 46771854 48286862 226702 
256 45971394 49234420 46029705 49057680 313 46935645 49168806 238460 
257 51694316 49223749 52019742 48487416 328 52647933 48767378 239381 
258 50206712 49195663 50633938 49149188 778 51161526 49102548 237472 
259 43375098 49295466 43404335 49093399 635 44338497 48723010 242464 
260 44153051 48750578 44779666 48909518 318 45119972 48142659 196140 
261 42444303 49000913 43055581 48822109 320 43400929 49349267 224221 
262 43304451 49210692 43384060 48746404 829 44282753 48287131 234497 
263 47022284 48910094 47662006 48824081 847 47945852 48989284 215863 
264 51274196 49365080 51841559 48975191 1338 52227474 49108521 279098 
265 49308078 48731169 49358152 48182021 627 50253798 49417174 230972 
266 47637009 48863062 47684935 48512926 330 48603882 49168825 216167 
267 51569981 49100983 51993812 48706262 758 52561315 48994981 279587 
268 42461404 49370321 42725631 49314563 570 43401084 49367900 306511 
269 48403134 49390043 48596332 49022428 900 49399633 49131049 328649 
270 44053683 49155477 44104394 48690106 1203 45019489 49354804 276923 
271 51359321 48955863 51888723 48575365 317 52323599 49206888 229095 
272 49332812 49213402 49655206 48416477 1344 50243251 48803568 246507 
273 55714100 49404580 55828399 48708886 770 56695655 49211732 283288 
274 49067011 48844556 49078426 49254422 640 50031897 48850424 209740 
275 51235409 49369552 51716354 49157719 642 52195091 49070891 256492 
276 57438245 49172973 58238723 49250426 309 58406651 49221528 227062 
277 45499760 49075623 45546364 48704881 757 46488560 48921074 213864 
278 48396474 48478153 48590025 49252244 321 49383818 48426670 195679 
279 48790511 49380255 48951403 49347690 2160 49750948 49308372 253049 
280 53815093 49408804 54336791 49347631 825 54767560 48844777 275936 
281 46765523 48616689 47279941 48420711 336 47744882 48727082 204877 
282 61744788 49120230 62355810 49255832 572 62675262 49096597 231013 
283 44903230 48838768 45201209 49290564 308 45868670 48851152 217967 
284 47976464 49184033 48205442 49147266 1253 48908111 48891367 243666 
285 45417499 49120885 45703044 49220967 326 46395463 48959712 226468 
286 42857117 49238579 43105573 48982984 556 43817778 48897473 227062 
287 45121031 49334276 45413172 49365714 752 46110455 48680335 228981 
288 55610330 49205240 55921846 48701516 1285 56590495 48956596 230030 
289 43066901 49170429 43165702 48714035 318 44015459 49118720 217176 
290 47604863 48874714 48255603 48771653 305 48560360 48567882 202835 
291 46210974 48981860 46584203 48918971 579 47153434 48556206 206621 
292 47909554 49088007 48242319 49088151 308 48883405 48858690 225974 
293 41778316 49065445 42260596 49128747 556 42749011 48935052 212370 
294 49882712 48771732 50305652 48725458 562 50806997 48435761 206078 
295 50648025 49284562 51109714 48529921 652 51576439 49325111 225639 
296 49898270 49399544 50136800 49379523 701 50859900 49412302 256293 
297 43048380 48884954 43319943 49102322 373 44017260 48764576 208835 
298 48873154 49398341 49000018 48567287 513 49860337 49132614 246050 
299 46008388 48616053 46092637 48433319 1433 46961040 48769473 204703 
300 45985714 49271235 46384092 49050140 700 46929605 49142202 241943 
301 42428151 49033347 43126574 49113200 950 43364884 48404559 213060 
302 52611873 49381059 52703710 49406422 1285 53560556 49112182 281110 
303 46396079 49019555 46830573 48826547 393 47372478 48259894 218575 
304 57288778 49319450 57385352 49365769 761 58205740 49313514 248398 
305 49761975 49291674 50488996 48729433 330 50728729 48532819 257988 
306 48342998 49236256 48719621 48692051 331 49285932 49000334 229866 
307 48122750 49294360 48255834 49074840 377 49075843 49406516 247262 
308 54044103 49226387 54862345 49015236 309 55023297 49111019 240703 
309 47484358 49335056 47562922 49355065 565 48408972 49276968 247633 
310 51145040 49403282 51174371 49205539 638 52123330 49111525 263369 
311 47063493 49355752 47149371 48943363 1419 48013706 48968345 251239 
312 53503992 49328191 54023848 48817071 561 54432034 48960477 238279 
313 49907395 49055390 50242051 49128815 677 50872720 48317376 218792 
314 49094222 48975352 49262870 49336051 305 50016969 49094215 244778 
315 48417330 49315326 48809389 48947136 416 49398204 49409953 322511 
316 49096435 49163490 49222637 48676441 989 49997370 48928096 313028 
317 49930890 49069873 49995769 49266431 572 50845300 49203503 320510 
318 54177189 48825733 54524809 48471393 571 55134386 49132976 203053 
319 58443539 49284456 58452421 49115963 1038 59416304 48965139 247715 
320 45786506 48534147 46216449 49284318 563 46771651 48377578 246198 
321 53542370 49167102 54157341 48998511 305 54443940 48505590 218838 
322 45872832 48756059 46482699 48261819 306 46829962 48656623 197055 
323 48235119 48780229 48669539 49028239 584 49189621 49403134 200840 
324 43971587 48915594 44012682 49124607 763 44907088 49125760 205422 
325 50144640 49378701 50528707 49402199 333 51131053 49318851 259066 
326 53817641 49090667 54397112 49062342 393 54722259 49319463 221753 
327 43989853 49405759 44166119 48738756 318 44919722 49304101 244139 
328 54114406 49323600 54131487 48959378 621 55035975 49202342 254832 
329 53475880 49418702 53767317 48945099 412 54393254 49127413 272876 
330 59523080 49106642 59702212 49203967 619 60503357 49387902 221513 
331 49625159 49410116 50492468 49264802 564 50551945 49344003 258995 
332 42431306 49346459 42517133 48847190 334 43374910 48915697 251256 
333 50337328 49368275 50676924 49212392 627 51223861 49298717 264880 
334 51834688 49219928 52148694 49191145 321 52813183 49303102 237519 
335 48317019 48953309 48584710 48544496 321 49182449 49272607 224910 
336 48356486 49189570 49243436 48627467 746 49273010 48627684 231214 
337 47783534 48672870 47826692 48933553 312 48759347 48438337 200493 
338 46503945 49177264 46890896 49384296 1150 47442199 48521031 225609 
339 44244100 48581764 44491586 48383988 380 45236452 48477053 204513 
340 48786056 49205359 49202482 49105685 309 49693193 49108969 242626 
341 50294668 49120033 50649989 48336142 372 51284906 49010709 259051 
342 51518611 49357050 52216709 49388911 645 52511233 48654024 288803 
343 50581512 49137029 51289910 48527208 362 51551119 48936905 268254 
344 42579071 49037975 42966202 48263854 842 43536896 48497263 241735 
345 50871517 49291274 50995842 49392434 703 51826051 49416806 282948 
346 50650314 49331486 50667975 49051143 955 51588613 49126790 274316 
347 51405183 49256001 51895933 49151520 418 52286204 49414045 269451 
348 45436778 48907961 45483742 48945327 316 46403801 48822361 208154 
349 48680341 48976628 48890942 49217004 795 49641994 49269906 220878 
350 45409015 49341524 45827205 49308323 1017 46371652 48478743 241357 
351 45597251 49381327 46113725 49343365 1152 46543714 49355499 259520 
352 47835090 49175377 48015183 48798149 311 48822159 48330785 230649 
353 53331192 49249926 53962031 49355979 562 54322866 49010037 242453 
354 56128603 49236137 56431390 49308915 989 57017714 49038856 249350 
355 53217567 49305939 53783221 49001261 626 54194999 49123966 249155 
356 44845621 49232175 44924591 48871590 1987 45810474 49085772 233841 
357 48364183 49133681 48943303 49253900 331 49315336 48789565 225739 
358 46390101 49417282 46551264 48821223 406 47331275 49387631 262787 
359 51988685 49174648 52720786 48335404 312 52982640 49318268 234576 
360 49047687 49026319 49467119 49261351 1207 49982872 48660737 220977 
361 52482089 48948538 52692412 48683377 757 53437104 48891924 213939 
362 50672434 48910356 50706359 49128138 314 51613899 48686333 218778 
363 49268153 48887304 49269944 49004998 564 50259264 48085914 209272 
364 47473097 49002108 47715201 48442847 319 48449036 49380144 213620 
365 52254436 48566887 52867468 47893031 1151 53224242 48234070 210681 
366 42487342 48881516 42881171 49055243 337 43435749 48371515 204861 
367 46185727 48682672 46699159 48544513 770 47127603 48813058 203445 
368 54814842 49124529 55007879 48951036 423 55763960 48957057 243089 
369 51933273 48697225 52190768 47973925 963 52867349 48076375 203018 
370 51855904 48810063 52235799 48880996 916 52758857 48655595 208142 
371 51787619 48829487 52731755 48475053 311 52780579 48280001 216638 
372 43757091 49146175 43802163 49284049 315 44737671 49240414 218019 
373 49830198 48868367 50019959 48815245 390 50801400 49092536 209987 
374 44894985 48791369 45589805 48493150 307 45875168 48372754 214633 
375 52878066 49067442 53309218 49372065 390 53864829 48665857 220994 
376 55109725 48761514 55526273 49203716 308 56054466 48615689 204964 
377 45969998 49419185 46122061 49275685 708 46908163 48749614 277890 
378 47518888 48479441 47549494 48242223 309 48496800 48919107 204905 
379 46593136 48630113 47285245 49188756 313 47555722 48239048 215821 
380 45209001 49361106 45965198 49146468 972 46134034 48883764 263605 
381 51393382 49242864 51394513 49147608 921 52323154 48880139 231611 
382 53527298 48871308 53570484 48558929 1183 54463373 48279967 208700 
383 52860841 49166396 53422335 49083754 305 53802206 49054951 240794 
384 48122201 49010108 48290644 49353033 333 49087207 49097206 216492 
385 49440729 49256126 49883038 48944240 1098 50416863 48735037 239154 
386 51923024 49407905 52171155 49346714 314 52876695 49196717 274846 
387 50750377 49201061 51145020 48955652 317 51698947 49300772 232855 
388 50300450 49385449 50529755 49365613 1406 51257958 49270598 283639 
389 44184289 49249693 44704452 48783384 382 45139296 48865682 243976 
390 51508873 49376040 51538254 49225215 332 52476914 49376797 257243 
391 43866228 49045279 44479170 49243174 594 44822979 49209745 223194 
392 51535114 49047858 51913595 48353529 448 52492851 48940186 222692 
393 53167269 49390059 53268160 49355546 443 54120593 49325395 274967 
394 48605658 49361349 48941342 49114356 331 49574429 48662272 247450 
395 44213583 49132607 44794062 48505584 642 45153897 49057941 226152 
396 43504880 49046865 43579730 49142184 310 44484396 48254068 225656 
397 50594855 48990786 50895675 48895570 562 51581523 49287746 218186 
398 61906754 48916916 62052492 49083753 336 62832271 48801210 217792 
399 51764289 49186856 52486560 48945091 647 52692770 48788257 241193 
400 51371038 48765458 51685852 48096956 406 52332041 48553475 203502 
401 53290653 49275482 53371176 49044679 1245 54222307 49050749 242606 
402 47169889 48911382 47474897 49088414 563 48149149 48871534 220472 
403 54189604 49322840 54430187 48971375 1602 55116021 48937096 251141 
404 47254720 49231032 47350555 49020424 648 48243128 49191444 238434 
405 47419782 49388319 47424605 49344633 1297 48308557 48910494 267207 
406 54261566 48959965 54276712 48692284 331 55254602 48733588 208547 
407 45046446 49065750 45539149 49065173 314 46027775 49271605 223711 
408 46670330 49276140 47161212 48970470 314 47591080 49419161 231086 
409 44937403 48952471 45354926 48373722 387 45916028 49130161 212551 
410 49586952 48763768 49879628 49294851 345 50542882 48776517 217206 
411 49267054 48812521 49472520 49152298 309 50239352 49137191 203621 
412 42784756 49396519 42825085 48869534 631 43705373 49089885 256870 
413 48762307 48843721 48851677 49206758 315 49696328 49346835 222780 
414 39423454 49187874 39553352 49135798 361 40349202 48997423 222922 
415 47756981 49369876 48057047 48791545 1459 48653427 49338767 257807 
416 49456131 48614154 49935223 48681194 775 50398784 48348709 212826 
417 47604095 48955623 47818991 48704119 605 48575659 49377365 211343 
418 51633737 48942870 51732569 48750969 442 52582809 49290430 211457 
419 44378170 49069617 44814518 49240399 377 45350571 48757968 226133 
420 42869262 49184293 43515135 49160342 306 43847390 49353293 221942 
421 44871477 48796274 45616214 49318224 1877 45842274 48958726 207258 
422 45303069 48650877 46028834 48814780 318 46274184 49092092 207139 
423 57542684 49340469 57637041 48957917 891 58428120 48970944 248152 
424 46759826 49252795 46965730 48985192 430 47736105 48594718 237235 
425 46506666 49308496 46994560 48936343 425 47480931 48632451 246414 
426 48944854 49235529 49147426 49079874 309 49910593 48603036 233778 
427 47629069 48922503 48068838 49261088 331 48589176 48911989 209633 
428 51544796 48864489 51975357 48621501 306 52524863 49000488 214319 
429 54847110 49100093 55187990 49290002 365 55791788 48807686 229100 
430 52685914 49275758 52913507 49208502 767 53642910 49186399 240602 
431 48118700 49061601 48344098 49300297 965 49064144 48541031 224090 
432 51819683 49026954 51937760 48459710 576 52796022 48779929 220197 
433 42732887 49043950 42795739 48666947 305 43689103 48702798 215847 
434 51311068 48768343 51386870 49085026 681 52262039 49015684 209573 
435 51875289 48826970 52039374 48709676 353 52829668 48960589 205249 
436 48174496 49404132 48907576 49130535 328 49161964 49116671 260975 
437 47996794 48733454 48519408 48152429 588 48987899 48417668 204672 
438 46461479 49239531 47197838 48906977 667 47451238 49401136 229238 
439 47423409 49345451 47721459 49301261 623 48407345 49252705 249739 
440 41554492 49311697 41909541 48553287 1426 42506738 49382300 237675 
441 42018007 49272321 42272742 48484533 449 42978989 48821599 228248 
442 51307112 49032235 51559088 48621959 378 52213675 49150669 215190 
443 45056900 48826268 45208860 48949212 380 45998226 49159266 204234 
444 41224793 48497679 41332880 47894432 306 42207211 48860252 201926 
445 47260715 49254344 47555719 49339729 375 48250668 49338494 233432 
446 51546104 48588226 51876712 48739588 314 52453562 48431990 197706 
447 48548261 48901429 48633968 48852976 618 49511719 48781058 210501 
448 48962883 49189617 49121363 49077575 840 49923788 48477112 234830 
449 49365214 49225218 49557840 49278650 670 50308432 48954055 243933 
450 50298827 48783947 50924885 48550763 646 51269306 48653075 200927 
451 47827593 49207380 48010362 48973098 308 48751815 49253165 224235 
452 51141816 49072801 51637329 48895981 305 52043282 48676097 224634 
453 47362940 48833244 48246342 49410575 656 48294473 49098856 203849 
454 48932038 49374083 49507082 48816525 962 49870082 48529777 244516 
455 48134993 48788114 48383240 48606444 344 49086795 49401583 204291 
456 51241430 48568224 51326975 48459235 1041 52177900 48596559 195759 
457 43281678 48707779 43927587 48966722 592 44246487 49008140 197291 
458 45071958 49237845 45384716 49362428 310 46039051 49086678 235308 
459 45352518 49146210 45512184 48824179 561 46325903 48538988 222079 
460 43359403 49351503 43957564 49286782 585 44265321 49372720 245899 
461 46008098 49023282 46784014 49081859 612 46978558 49200696 210236 
462 55993982 48582200 56131069 48427392 557 56928796 48240673 198424 
463 53327041 49341087 54260083 49208675 730 54276594 49417159 254583 
464 54714915 49150185 54848579 48962455 318 55589982 49170654 244396 
465 51172169 49067618 51516232 49141903 2082 52081813 49275014 227249 
466 49417948 49203578 49808699 48609430 1003 50401896 49169132 225668 
467 55682572 49036128 55743903 49071396 307 56599941 49108744 225157 
468 47524226 49012074 47609661 49210691 892 48480348 49270585 215747 
469 54504102 49244513 55165232 49231581 1260 55451359 48812257 238090 
470 47353517 48821285 47655920 48654238 317 48314231 48795187 215082 
471 43774737 48812514 44324317 48932587 636 44757469 49144665 202305 
472 50227893 48522713 50251837 48021182 599 51205660 48310474 204075 
473 55933634 49191398 56349561 49127287 342 56910909 49323765 240965 
474 56280032 49273895 56708589 49147059 554 57272834 48469872 243472 
475 44768187 49345196 44908107 48479889 767 45717580 49287510 245482 
476 45261922 49179661 45608419 49133563 374 46253570 49069724 243552 
477 46244002 49338642 46694694 49362560 953 47203687 48845292 240939 
478 43739782 48876749 44119527 49247537 358 44709541 48615639 209836 
479 46653106 49218882 46984374 49199466 1311 47650498 48673336 230280 
480 39232435 49115742 39704784 49340697 304 40206894 48798343 212844 
481 49921641 48948484 50463450 48958462 959 50884120 48152526 212276 
482 50754616 48788940 50819386 48326650 311 51679057 48330776 203391 
483 48296815 48851206 48724585 48412498 814 49237607 48470291 206498 
484 51209575 49307213 51883474 49279055 775 52161126 48951062 255036 
485 49397186 49103067 49862398 49391156 555 50355311 48534917 218869 
486 56231363 49306322 56277247 49371795 886 57157599 49375268 254559 
487 53521246 48997002 53531127 49244002 570 54465567 48398560 223178 
488 50767360 49174140 50876102 49371277 789 51680615 49161363 229699 
489 51200381 48798750 51323255 48810389 352 52185327 48720743 208114 
490 45704782 48765732 46449310 48906517 753 46702534 48503298 208065 
491 40738883 48626356 40912376 48239499 754 41727707 49031064 198529 
492 47186141 49405202 47829586 49171650 385 48131513 49039144 255334 
493 53075871 48918708 53089416 49024811 307 54049411 49161192 220846 
494 47039829 49283853 47058413 49001281 320 48018350 48896203 239009 
495 48867124 48892561 49360116 49114828 765 49788348 49093452 208050 
496 46787428 49282567 46807788 49352825 963 47750513 49186110 250038 
497 44178713 49186630 44581913 49211653 567 45163633 48959448 219703 
498 49280112 48960687 49298146 48988270 759 50221111 49083626 209816 
499 47906995 49053552 48351469 49191440 318 48862017 49022167 224734 
500 42952836 49194501 43016070 49283907 1220 43900332 48735255 218566 
501 49694661 48941888 49861499 48685406 311 50685319 48757779 209580 
502 49623260 49230490 50254805 48737650 322 50565297 48859799 242864 
503 47297930 49001855 48025111 48603255 326 48268091 48311192 209882 
504 59037951 48727889 59376849 48719275 335 60005199 48657134 208414 
505 42988939 49143271 43427798 48857669 635 43968380 49233148 227377 
506 50270149 49356180 50528929 48577071 520 51240948 49117361 257138 
507 47561249 48928046 47677920 48192158 326 48499136 49291940 209550 
508 56661997 49202871 56944461 48895756 740 57613924 48967344 244929 
509 52075249 48993149 52485197 48790951 1171 53060975 49100999 213316 
510 47830190 48957510 48360858 48697477 334 48795848 49280044 210370 
511 49161533 49005468 49578016 48085721 384 50136479 48338156 223499 
512 48215865 49042539 48232974 48823423 629 49165159 49241339 215524 
513 48589690 49399986 48799358 48555605 364 49549163 49111859 257587 
514 48501995 49260248 49003030 48949828 570 49499182 48681315 240426 
515 48448594 49388917 48535351 48955528 768 49427508 48957697 256484 
516 50817368 49183901 51231705 48875321 336 51776909 49163209 235691 
517 45313141 48705942 45350186 48639311 356 46283861 49158184 207391 
518 46983866 48858694 47052474 48962346 461 47944404 49414083 203098 
519 49994895 49244908 50211722 48885268 569 50951864 49342643 244459 
520 47044586 49357475 47106332 49351028 313 47992890 49355314 241074 
521 51003691 48998427 51397880 48380163 756 51993875 48812986 209313 
522 55115852 49283105 55873570 49384460 1366 56071650 49133381 257864 
523 50299638 49023022 50809404 48784783 975 51272857 49038916 215218 
524 46623416 49126470 46876067 48960865 634 47573200 48699627 217410 
525 39981580 49093069 40653505 48713720 329 40975247 48710555 229045 
526 51341560 49027415 51426016 48990939 341 52322298 49215510 283393 
527 56129020 49393592 56620377 49325512 403 57042223 49419214 273021 
528 49136614 49411031 49396828 49220065 1004 50122456 49280794 267452 
529 49755495 49272593 49940245 49129192 309 50704543 49277372 237332 
530 52682519 49263862 52924205 48785891 312 53634842 49301529 266059 
531 54370966 49334204 54426951 49375137 544 55361309 48675634 319068 
532 49751830 48859784 50114348 49271394 373 50729508 48837102 237139 
533 45994897 49157949 46538213 49408422 879 46878564 49213771 237768 
534 56712664 49166937 57589911 48528202 312 57674273 48541999 241556 
535 51892980 48666179 52559686 48527188 314 52824075 48644197 200288 
536 54014635 49190963 54056591 49081334 565 54930760 49139177 269637 
537 46398692 48660910 46689341 48577501 386 47329154 48372415 237832 
538 42252785 48919649 43067059 49120367 512 43208618 49038664 236509 
539 45880427 48963805 46520146 48434557 374 46854668 49195458 254797 
540 47722455 49329516 47878585 48819167 331 48692494 48804975 277229 
541 50826429 49353266 51550418 49107296 380 51814271 49023755 336947 
542 44960242 48891510 45103204 48719598 777 45910847 48782346 202480 
543 56089500 48913614 56396449 48319649 601 57084935 48598784 240720 
544 42192329 48525229 42340876 48107085 1150 43187746 49032230 266856 
545 45334288 49108246 45859296 48697922 462 46292929 49331419 300291 
546 45181069 49309336 45614217 48795541 374 46156028 49305602 310159 
547 54804736 49188293 55232329 49096665 684 55726653 49306249 248517 
548 47096983 49373445 47432564 49316127 337 48069792 48768294 281029 
549 47550648 49370727 48240191 48819586 840 48535422 49216750 316291 
550 50705853 49280085 51170125 49105142 313 51611535 48833731 232060 
551 50965303 49345946 51144705 49340128 331 51933576 49381200 259552 
552 49683349 49341275 50521216 49368464 1193 50641967 48560690 246237 
553 48699914 49066992 49462420 48635141 312 49667703 48872978 223078 
554 48308549 48882183 48848364 48759140 1268 49259343 48731613 204418 
555 53276195 48790617 53443627 48912314 319 54251246 48044501 218806 
556 54366401 48755946 55222388 49112617 622 55329041 49292456 201800 
557 54038899 49037789 54814821 48637635 579 55033277 48920346 209854 
558 43014958 49205241 43547252 49152376 645 43952602 48626649 241705 
559 53723555 48802549 53756757 49103113 622 54677130 49206546 200315 
560 52804786 48907968 53398156 48330709 384 53738105 48812528 209564 
561 46544626 49402573 47155211 49381996 404 47530391 49406872 267429 
562 48790334 48795349 48911749 49193442 1886 49754752 49021311 201898 
563 61984917 49002948 62199311 49139054 317 62902610 48835170 216257 
564 54969955 48557104 55398312 49012890 313 55963430 48857154 209704 
565 54384572 49320189 54644241 48781839 1739 55346230 49081131 253316 
566 44820571 48893452 44943053 49170379 620 45745115 48569878 206507 
567 53178087 49029704 53419049 49249057 752 54134902 48751033 224922 
568 43560519 49384148 43647758 49041376 325 44533221 49393961 250629 
569 51425120 49082336 51866773 48834902 413 52384458 49115992 223359 
570 49890074 48645347 50062607 48358439 570 50848979 48580116 206559 
571 47564542 49361377 48471384 48919243 771 48503809 49413671 291316 
572 48300950 49304654 48987079 48878662 1068 49247799 48958228 327821 
573 47497619 49095028 47672469 49324158 395 48459182 48457913 275101 
574 46065200 48724279 46078690 49270034 2197 47018590 47947510 243662 
575 41261744 48773851 41312289 48548031 309 42256461 48480039 204843 
576 54900164 48988981 54967560 49060975 750 55850368 49174415 210851 
577 56422413 49415191 56818317 48960359 466 57371701 48894121 360466 
578 41859733 49300279 42006169 49021290 2059 42805013 49090558 299024 
579 50580807 49394134 50635692 48998242 534 51565919 49293159 353420 
580 51658716 49310100 51971567 49019892 2657 52645110 48895762 324114 
581 47478509 48528007 47780875 48233096 1109 48426291 48487768 235799 
582 45915489 48957015 46178560 48539888 317 46904429 48899540 252940 
583 47987612 49007908 48670094 48672879 769 48953473 49217797 283142 
584 53725642 48884067 54428239 48459317 487 54665224 48182504 279653 
585 49979837 49232800 50042980 48684398 733 50908134 49218012 235413 
586 48295575 48584261 48745789 48365417 326 49273341 48243471 252336 
587 46257904 48778439 46449661 49061312 957 47246014 48847037 253162 
588 47601396 48874373 47677657 48534501 691 48555831 49071413 251107 
589 51673485 48804451 51780034 48706250 307 52619889 48805461 219731 
590 48583271 48804626 48699336 49386651 1364 49516401 48954318 313090 
591 43707288 49088201 43908983 48732948 1089 44668888 49043641 300134 
592 45351196 48963043 45890215 48873226 805 46295515 48634205 356665 
593 50452300 49322096 51259884 48577855 555 51424834 49355161 370378 
594 48494439 48673161 48783585 49105784 921 49435917 49008975 259648 
595 42269534 48769256 42396499 48933703 589 43188761 48691241 218756 
596 60299960 48580800 60587105 48858212 1164 61267576 48907328 207474 
597 46909638 49383521 47113778 49267008 315 47844002 48624505 267753 
598 53521684 49347325 53662466 49165911 1105 54424516 49032099 258436 
599 52766354 48857027 53009211 48296820 375 53733155 49215952 266060 
600 54356845 49357189 54779473 48452525 1109 55269205 49374747 265382 
601 49830632 48986615 50022936 48411983 489 50759143 48529839 209189 
602 46022559 48810521 46442858 48688342 332 46940414 49099193 207186 
603 58263826 49404872 59011998 49161302 413 59212699 49065955 267543 
604 45983424 49281742 46347356 49395889 833 46948527 48725203 231343 
605 49223661 49017645 49649106 48985963 327 50171579 49210665 216917 
606 51324738 49339604 51714624 49390897 307 52245240 48706596 241072 
607 49985596 49095796 50079532 49029956 760 50962478 48929649 227298 
608 48251769 49078164 48500203 49214568 305 49215911 49195269 211619 
609 45787050 48736120 45915626 48332681 306 46719099 48694511 237042 
610 46773200 49126913 47556772 48891841 903 47748118 49155552 238361 
611 53332232 49369335 53434441 49412369 312 54289380 49352233 310829 
612 49017726 49018527 49194064 48917633 1246 49980129 49150733 272705 
613 46471488 49363965 46516383 49216334 1654 47429545 49345993 334295 
614 50663157 48873345 50840674 49106249 496 51559230 49048525 215454 
615 48071013 49127046 48298320 48477990 305 49033180 48688459 275700 
616 51909972 48701407 52701699 47879897 492 52857666 48980318 260841 
617 46059508 49241361 46317886 48613297 565 47055840 49347476 318485 
618 44488922 48943725 44831577 49053432 389 45413588 49384108 290558 
619 52456536 49171382 52807103 48410256 394 53417229 49355419 274145 
620 49515483 49167206 49969831 49024707 516 50480004 49146453 274395 
621 49750807 48994900 49967210 48446750 494 50704033 48407912 228769 
622 51016753 49396317 51305020 49382840 415 52004174 48935174 287577 
623 48699531 48696837 49285261 48263650 613 49628082 48359059 237312 
624 47267376 48684505 48132573 49227754 976 48255415 48701312 215177 
625 44897402 49314259 45311339 49234472 455 45861061 49371349 254178 
626 46442179 48582086 47229280 49139926 306 47423830 48841195 206090 
627 48900169 48962457 49228251 48586941 555 49888389 49315705 212451 
628 45179237 49306360 45446594 48974765 818 46152582 48818535 244566 
629 55880636 49255662 56115765 49139575 479 56829267 48715677 243459 
630 46101300 48707266 46159370 48482451 751 47089830 48228080 205116 
631 50159508 49056610 50370617 49273758 848 51051686 48511301 283487 
632 47499784 48973350 47952683 48179536 596 48468998 49276504 282584 
633 49241827 48792282 49802118 48988638 413 50209854 49305380 277757 
634 47058257 48776712 47286926 48591577 372 48017243 48781824 223070 
635 55670544 49136157 56239775 48749462 429 56625890 49030068 227726 
636 51150810 49024405 51347013 49293635 313 52103977 49266642 221030 
637 46129080 49189184 46241522 48606274 730 47097611 49022927 226273 
638 46194213 49065722 46353827 49282844 343 47172396 48770673 217367 
639 45164743 48538582 45274937 48905730 306 46138876 47768398 205262 
640 51132958 49246248 51257862 49140745 553 52091038 49003465 229832 
641 48077786 48777769 48327122 49071980 1529 49065354 48589378 199293 
642 50086726 49266665 50823925 48579866 309 51025456 49180360 264466 
643 52738457 49165176 52979192 48951811 1062 53703036 49176715 240010 
644 46646204 48636083 47326830 49233974 1689 47616570 48440886 197764 
645 43056245 49145520 43932175 48938382 310 44036300 49161910 213068 
646 48641360 49364188 48826626 48802297 308 49609800 49130356 246509 
647 40514514 49298090 40820824 48562777 375 41470136 49189861 227620 
648 56906459 48690445 57035628 48564189 308 57896876 47924504 197629 
649 49832889 49185789 49870186 48593499 565 50803978 48799675 227070 
650 54675543 49301836 55101333 49401715 404 55618788 49013981 249285 
651 51732796 48695149 52465127 48511521 1255 52644569 48147830 204944 
652 48309447 49062953 48439098 49325583 315 49266538 49186327 210203 
653 48954665 49329028 49640366 49189846 850 49916715 48735985 247159 
654 46046814 49017943 46050432 48938983 305 46952073 49218706 211354 
655 49869605 49166599 50135891 48961844 624 50784098 48437928 227081 
656 41258359 48599477 41381333 48323784 796 42210760 49135517 265909 
657 46152285 49231003 47111410 48864651 1288 47134484 49283050 225156 
658 51438981 48810729 52107325 48514579 437 52366793 48010502 199678 
659 50947110 48938027 51325367 49059070 912 51860681 48000927 246995 
660 54194626 49023028 54569166 48912070 386 55165524 48907898 231485 
661 50998195 49064674 51882636 48535899 384 51971695 48586468 218233 
662 51731927 49288184 51736271 49039775 1153 52705582 49136128 240879 
663 52422475 48693016 52901064 48520995 333 53350930 48697738 204164 
664 43372990 48963496 44112713 49173067 354 44335658 49017591 204968 
665 48303300 48626540 48981805 48297192 327 49254454 48626246 199805 
666 44631994 49185746 45140155 48999296 315 45603205 48915355 220983 
667 55875073 49356723 56699591 49178163 1089 56757224 48792746 259940 
668 55434858 48715630 56117389 48513462 558 56350339 48711177 202727 
669 51327519 49061820 51450986 49297687 372 52293530 48966517 219271 
670 53522536 48475735 54227428 48444441 359 54489441 48927511 196026 
671 46753672 49215746 46888941 49168510 306 47735700 49235085 224431 
672 49983910 49281434 50196816 48963710 2246 50917915 48461052 231229 
673 43585966 49195152 44043476 49069443 305 44544360 49136763 218645 
674 53957573 49101811 54160347 48880504 624 54868784 49057188 218326 
675 55687033 49383659 56033980 49105023 371 56661552 48927299 264922 
676 48082167 49292597 48176246 49365967 632 49032094 49169436 241090 
677 50668688 49088174 51096698 48593581 440 51641203 49101022 223767 
678 54857668 49324990 55334086 48546523 326 55782757 48877432 301279 
679 45250809 49307763 45461016 49390623 1166 46224977 48685568 288439 
680 53439974 49009292 53787577 49102828 704 54398866 48150963 333628 
681 47221656 49396347 47893242 49249174 1233 48209180 48996197 400149 
682 47281122 48499557 48106119 48468496 1243 48198121 48243561 290404 
683 43040860 49214713 43484859 49406541 537 44033918 49133533 335767 
684 49381902 49259898 49744905 49065203 1057 50334840 49126026 394996 
685 49329135 49391429 49354423 49342039 1357 50278274 49228961 415654 
686 45926213 48917460 46091190 48969823 703 46854207 49023244 351802 
687 57778913 48957265 57788266 48566615 2413 58700527 48594359 341563 
688 45196503 48809716 45424023 48652701 857 46105148 48901171 304984 
689 54576471 48890145 54732330 49239000 1893 55505694 49118590 225994 
690 51022233 49348260 51296183 48842309 318 52003278 48948588 259438 
691 60358984 49262368 60508283 48770763 328 61322223 49306502 245971 
692 47014143 49320391 47968522 49337157 307 47947874 49115473 247785 
693 45387717 49284738 45968880 49341743 353 46359820 48798150 235998 
694 49007670 49384630 49239977 48926317 2547 50002303 49145151 259072 
695 52168953 48937902 52656196 49138372 620 53146415 48751533 211490 
696 45974200 48863281 46073414 48723406 318 46924223 48609620 201930 
697 52857810 49267247 52895206 49090243 627 53832497 48896593 233418 
698 48938801 49058345 49098959 48150169 330 49919005 49181707 219114 
699 46063236 48986569 46340277 49035344 305 47002231 48224822 205352 
700 49731359 48912379 50060789 49393349 374 50720337 49148420 206511 
701 48340531 48974679 48728657 49132449 314 49309809 48923934 211410 
702 49040654 48913059 49798601 49190451 351 49995363 48560762 208029 
703 49439765 49105011 49836131 49352236 1795 50392716 48659287 223573 
704 53985380 49080280 54399266 48638776 616 54936335 49124687 219315 
705 50832924 49115407 51447766 49339430 905 51818835 48752682 218230 
706 46902329 49218791 47021340 49264720 309 47851815 49347986 223730 
707 48698161 48855978 48796976 48169715 692 49653591 48096760 203179 
708 45010916 49333439 45307940 49195608 552 45992302 48890125 238566 
709 51684334 49151215 51955561 48705874 1120 52640607 48586065 223760 
710 54183848 49175321 54555514 49303091 371 55121291 48289636 226484 
711 48595337 48926898 49122604 48727704 594 49584951 48829481 209216 
712 49602103 49394121 49901554 48887549 623 50591035 49182789 257867 
713 37684036 48717977 37809425 48829348 569 38634880 49093618 200386 
714 53848204 49257386 54668787 49109802 1023 54793645 49235774 242192 
715 43577003 49181146 43816470 49329615 751 44531626 49166412 218151 
716 50964630 48727563 51005913 48658264 328 51936897 49111279 201521 
717 45373547 49252908 45921895 49093651 318 46322812 48862275 229102 
718 47290874 49230296 47444276 49102776 1030 48260257 48506589 229454 
719 52392802 49401311 52535748 49263410 393 53354802 49322269 261075 
720 53200848 49116637 53473702 48868283 305 54161416 49334554 221784 
721 43816578 49264068 44110079 48751056 552 44765116 48916360 228564 
722 50625273 49351866 51167797 49344028 843 51606561 49047254 245479 
723 48906616 49281504 49348488 49331526 305 49881816 48908894 233241 
724 46478297 49385171 46528860 48466416 849 47448774 49305837 259575 
725 46013937 49083558 46489410 48348800 318 46972131 49216558 210653 
726 56052380 48914488 56192956 49283033 330 56988741 49322182 204890 
727 41441617 49054132 41764970 49061628 310 42408831 49136025 212651 
728 50698438 48615594 50759896 48227405 557 51675479 47851400 196432 
729 50271134 49239579 50979948 49036220 305 51223625 49086829 237369 
730 54056611 49320284 54538130 49088085 509 55000066 49130558 248648 
731 58563680 49075814 58663225 48980335 625 59482334 49344671 219833 
732 47237752 49229965 47371871 49059844 391 48223600 49042577 224762 
733 48786458 49134042 49373856 49179056 587 49771343 49096723 220277 
734 54715028 48943863 55199908 48194197 694 55711774 49113054 209249 
735 56299613 49371797 56349263 49025049 769 57233466 48958965 259909 
736 44948968 48864091 45608999 48935168 329 45914984 48202902 201133 
737 55772431 49213004 56018564 48895983 383 56745178 49137704 230639 
738 43304831 48694063 43316869 48654394 306 44264908 48518715 204629 
739 47548647 49052255 47654118 48472802 329 48508220 49220823 219046 
740 60192558 49263342 60465492 49361229 310 61146766 48686545 245981 
741 55583746 48948091 56001449 49378766 310 56523812 49234516 209100 
742 51726929 49234185 51989007 48679320 794 52709821 49080366 234515 
743 50342209 49295899 50904659 49349360 777 51266471 48946728 235010 
744 50365830 49035920 50481952 48819973 853 51269166 49053373 215040 
745 46926401 49077350 47260606 49261623 558 47912908 49413179 214750 
746 54419279 48929147 54872278 49118054 304 55382894 49281887 218194 
747 46998491 48995056 47429246 48467098 618 47989608 49175620 295401 
748 54260537 49037954 54574051 48903360 1101 55199015 49350535 314610 
749 52367057 49182559 52469324 49154371 1337 53336150 49168747 345126 
750 48457450 48759947 48545310 48119029 518 49412044 48680587 258799 
751 53830105 49380057 53998013 48971491 306 54772483 48846801 263325 
752 48108906 49053053 48449969 48534770 620 49064430 48686550 211520 
753 53252098 49251435 53352673 48728527 1139 54218783 49208770 255867 
754 43825049 49196880 44153834 48869314 1403 44794912 48979027 223777 
755 44913695 48924348 44975770 48628590 305 45896125 48211542 201672 
756 46518117 49233935 46685215 49048020 565 47486076 48691630 222866 
757 59613762 48875890 59866320 49169202 1438 60579426 48557828 201770 
758 50417266 49254737 50473072 49097158 448 51386347 49022326 232007 
759 49039149 49035633 49045999 48575729 308 49986479 49388554 204156 
760 47159621 49387099 47189165 48969068 855 48131233 48481814 246007 
761 48373829 48994032 48745881 49343182 885 49355265 48220743 231882 
762 49744750 49171796 50387454 48962277 477 50671116 48841240 240862 
763 47473367 49266480 47728286 48459175 1146 48425776 49376877 236869 
764 50116620 48882504 50186875 49061168 338 51049553 49085214 204555 
765 50041996 49166955 50204676 49406130 313 51014153 49122021 223426 
766 55730310 49251473 56338667 49277900 509 56705260 49245004 239651 
767 46078725 48655829 46142143 48262640 600 47003170 48458603 221914 
768 46882399 49094417 47150060 48739592 332 47836487 49057932 221305 
769 52018336 49167270 52194552 49401335 405 53003106 49071299 222923 
770 55676670 49335197 55840180 49270657 309 56605987 49359139 262073 
771 42668223 48717248 43030703 49114749 1021 43623463 48568311 254059 
772 56973982 49367929 57412967 49078166 634 57940758 48579158 318501 
773 49282685 48728011 49291539 48458860 634 50262350 48600616 274968 
774 47115256 48841128 47129363 49201875 1299 48076012 49408090 224115 
775 49079514 49368258 49620174 48882191 418 50018926 48906972 266991 
776 51365172 49104866 52098244 48959507 708 52311718 49260177 225851 
777 46593042 49199146 47058622 48706048 634 47553620 49032157 219374 
778 48801324 48838390 49686746 48412398 751 49718786 49382550 207429 
779 47705996 49052918 48288207 49055961 387 48676154 48543013 213253 
780 52002463 49289143 52899228 49371867 627 52976223 48995856 237528 
781 55598985 49178932 55742412 48560790 498 56585759 48978660 226025 
782 45655156 49177111 45706324 48779893 621 46649235 48372160 225658 
783 48006326 49376434 48415123 49018153 338 48977818 48929878 245764 
784 59177097 49348181 59194210 49395346 311 60087319 49366487 254710 
785 48461378 49043333 48703428 49292800 607 49419574 48972244 208525 
786 47989620 49255040 48535053 49250072 377 48963132 48707207 229703 
787 45095995 49322560 45180048 48959852 304 46039903 49048694 224501 
788 55920584 49301885 56500732 49244783 771 56892909 49056544 244119 
789 49313321 49242030 49441658 49215197 1152 50256132 48807670 214886 
790 53410201 49297947 54313449 49328435 2370 54380345 49297289 240079 
791 63938366 49376985 64470884 49238779 893 64924178 49243388 274536 
792 52927326 49243514 53313996 48522891 766 53841201 48850867 230543 
793 51071871 49384867 51163784 49140406 459 51991201 48678775 255588 
794 38383585 48741033 39056956 48810865 752 39332585 48430796 196150 
795 44600715 48952167 44643864 49259807 372 45572808 49391688 204728 
796 46927502 49410692 46963227 49178309 643 47916032 48931506 261521 
797 46358563 49223840 46471566 48995582 377 47303966 49144296 226402 
798 48453317 49231993 48846138 48782467 309 49421163 49078031 232803 
799 47906968 49090870 48350896 48416069 375 48897403 48625936 210443 
800 53831886 49384452 54265908 48990511 1764 54779343 48871928 254609 
801 53731331 49356652 53959952 49408285 1022 54613074 49243016 252511 
802 56069721 49151621 56114540 49334297 313 57005479 49265186 219300 
803 54244786 48962619 54468582 48746470 559 55119010 49403566 202453 
804 44230064 48936997 44410390 48537946 1336 45150862 48429539 199075 
805 44563644 49129210 44776701 49252438 575 45516104 48623588 214437 
806 49313749 49243659 49405931 48619923 377 50266958 49204276 231410 
807 42585520 49316039 42660773 48780819 1353 43525996 49377693 233215 
808 46435564 48936094 46777910 49121930 767 47387988 48875284 204644 
809 48443463 48633296 48804686 48717877 304 49356208 48896299 194515 
810 50605477 49265895 50991385 49152366 305 51591391 49054602 229974 
811 54886962 49215882 55203731 49179118 498 55836560 48737622 223858 
812 47065121 49272147 47642413 49210777 311 48026857 48992615 226805 
813 53042236 49126950 53141855 49207226 558 53935030 49063404 220662 
814 54655623 49279814 54841980 49103062 893 55607446 49327978 233949 
815 48314215 49404391 48658321 49007122 976 49269044 49270185 250372 
816 46779532 49117007 47160776 48802274 749 47686526 48919005 217490 
817 45451376 48482933 45558582 48917966 317 46363033 48091475 193186 
818 48542355 49389486 49038722 49023125 821 49523710 48634540 256851 
819 53212953 49205174 53300435 49359309 373 54165782 48787077 226402 
820 47481301 49262746 48145309 48928313 622 48435475 49010489 226109 
821 50286418 49270360 50580896 49075941 824 51275252 48984656 236676 
822 43041176 49105452 43408178 48521592 1446 44000683 49254133 214040 
823 47375452 49066272 47814783 48742438 845 48357847 48883350 211411 
824 44718358 48774617 44930053 48570972 564 45667026 48623196 199009 
825 52817673 48972744 52831470 48796432 304 53802571 48441427 202958 
826 52912915 49135383 53020232 48707725 633 53885417 48942866 223583 
827 52550959 49398541 52885783 49053792 569 53464556 48863655 271444 
828 49505215 49136386 49692337 49161724 1126 50463276 48616551 214158 
829 43625006 49168994 44328840 49108389 572 44563121 48964814 217489 
830 52919569 49028016 53039761 48920977 627 53875870 49125009 207874 
831 44927620 49200017 44954080 48484759 638 45903355 49330178 224195 
832 48063783 49342747 48503509 49365251 306 49019417 49332065 241571 
833 50460946 49172538 50514011 49080824 625 51398293 48611398 225198 
834 46554234 48540506 47262457 48611996 355 47520093 48602001 213857 
835 44439719 49335508 44590100 49325463 339 45420581 49346496 267634 
836 44914043 49295436 45027909 49390769 636 45848656 48710910 280065 
837 49724387 49228122 50166366 48759229 446 50679762 49112330 273793 
838 55465650 49083009 55961109 48191763 1188 56438173 49392731 256097 
839 44253984 49387151 44428347 48669363 842 45186859 48894027 257119 
840 48307158 49404359 48756561 49221515 2692 49284711 49143690 267667 
841 52320534 49337545 52643173 48893276 642 53245071 48761356 249278 
842 52806045 48970275 52853111 48088690 307 53729976 48446703 208719 
843 50422028 48995769 50477660 48874656 900 51390345 48317398 206086 
844 46686187 49102802 47123890 49189454 305 47634332 48631571 210213 
845 48549045 49007954 48809052 48893856 557 49465450 49189546 207859 
846 46169833 49325402 46890639 48466587 2015 47124951 49281055 226761 
847 54268724 48792856 54341527 49371488 555 55251866 49334304 198061 
848 37520854 48533510 37603191 48143994 303 38473840 48289760 192411 
849 57447515 48522291 57661689 48013232 310 58380345 48761530 193619 
850 49005346 49211383 49127634 48794074 689 49972658 48870558 224388 
851 50011913 49394647 50382087 48813399 310 50975768 49141799 256706 
852 44745761 48862751 44923811 48374461 307 45661320 48879018 231619 
853 50939622 49235361 51601923 48577963 1045 51880685 49285152 219502 
854 52404380 49362393 52780539 49351166 311 53271543 48972984 252382 
855 55025496 49300440 55142777 49184462 309 55925542 49049302 237029 
856 60078454 49057166 60210485 49369378 815 61023099 49112822 212262 
857 48883382 49240554 49026542 48991736 345 49824289 48991448 229099 
858 36113281 48578183 37038862 48265103 304 37082138 48776216 193589 
859 57926196 49349870 57958567 49317481 770 58886111 49307677 249884 
860 54033073 48622624 54505064 48327959 304 54945067 48447782 194006 
861 48061328 49076488 48229917 48291985 371 49055871 48537002 212069 
862 54616040 49129608 54701049 48512453 974 55603368 49142265 215921 
863 44359321 49156910 44405654 48593910 316 45337609 49417076 218310 
864 51629795 48977949 52143482 49212537 1060 52599916 48824999 209402 
865 47382579 49394300 47883020 48946595 332 48362716 49140060 258265 
866 46309440 48892384 46981780 48942508 563 47257618 48670982 200920 
867 38571682 48548352 38700168 48894804 772 39552960 48458443 193054 
868 49922336 49143392 50340411 49377184 308 50866366 49044446 220932 
869 51751980 49124503 51875201 49218878 306 52708548 49027954 215980 
870 42519338 48669057 42844316 49365227 340 43478067 48652590 194067 
871 46175990 48975993 46257502 48913460 314 47117878 49025205 203401 
872 45261326 49072395 46130944 49068682 403 46215495 49355801 208381 
873 42811985 49355510 43186895 48936949 304 43795598 49212153 235542 
874 46446097 49314235 47187231 49038801 370 47417883 49188265 234184 
875 42903667 49356301 43148349 49376913 461 43875648 48465927 241689 
876 46819012 49135161 47063300 49078607 980 47777808 48884164 216887 
877 49611353 49198079 50170640 48719672 374 50546002 48849682 239546 
878 49319927 49367961 49636603 48534856 343 50300563 49314416 246355 
879 41863307 48761411 42197543 48313468 323 42837224 48546190 204138 
880 49056639 49145422 49066435 48682986 311 50001247 48744418 237693 
881 45704170 48513192 46384292 48721506 725 46661346 47930816 282038 
882 47994786 48957299 48220321 48998459 982 48964839 48775959 260139 
883 52247244 49057354 52491476 49103036 1113 53193706 48414598 255683 
884 49223257 48726242 49441768 48217806 405 50220415 48513981 213639 
885 47624156 48708873 48168852 48319337 391 48602149 48506044 213339 
886 44952948 48864455 45056665 48383572 368 45901158 49259530 216657 
887 46561516 48895844 46615392 48123720 389 47500583 48755409 215910 
888 51041528 48871732 51247070 48943664 319 52028600 49036606 211376 
889 49895991 48962131 50349793 48657035 1044 50843781 48598809 220613 
890 52400171 49225682 52967879 49163310 1088 53320685 49375200 256846 
891 47279535 49242155 47346212 48896376 707 48208769 49165675 223908 
892 46502934 49311405 46990786 48692436 1102 47437950 48970469 248159 
893 46056403 49320514 46079434 48525543 440 47005593 49047893 241619 
894 52045713 49165179 52507217 48443162 558 53016762 48899612 223779 
895 52694665 49073773 53386586 49199442 650 53672159 48979004 218598 
896 57104148 49135826 57599620 48977649 364 58002654 49095231 223235 
897 52898255 48866609 53503308 49082626 1026 53859174 48422093 205334 
898 48930153 48963118 48954346 48302851 312 49890037 48662509 216022 
899 54350055 49170557 55117810 49222814 320 55295577 49209838 224033 
900 45420091 48901953 45691381 48929335 560 46406375 49309740 200542 
901 50537850 48963359 51018036 48615173 553 51508440 48809339 205033 
902 48702746 49302924 48932252 48612161 455 49659612 49303036 247726 
903 56099580 48609208 56188965 48274449 342 57059695 49203986 194424 
904 52659524 49130450 53153055 48977415 313 53613436 48999449 222068 
905 55882328 49131977 56270791 49211330 305 56825962 49024513 217464 
906 46496361 49183877 47188735 48896793 552 47471414 49165275 217256 
907 48856617 48706345 49130377 48803710 308 49836561 48777296 196134 
908 46628078 48648771 47455244 48689406 551 47608611 48350900 204156 
909 52188618 48972519 52319821 48905339 323 53156292 49027141 214717 
910 56755322 49347473 56821569 48793933 374 57686590 49297113 258490 
911 53355502 49311748 54076218 49290893 1111 54295815 49411457 249026 
912 51006114 48974968 51155944 49102775 317 51927038 48258899 214626 
913 49021366 49218584 49493198 49037234 966 49933733 49266266 230013 
914 52760373 49227847 52840532 49289149 352 53733558 48794571 229956 
915 52080264 49041399 52270570 49199266 577 52999920 49413246 209056 
916 51544938 49344713 51789115 49267258 444 52500550 48567971 238835 
917 57736806 49204324 57953888 49327835 855 58670933 48610884 228560 
918 50425639 48781918 50570689 48634601 305 51376301 48871316 196797 
919 41182103 48733272 41440469 48381578 304 42155175 48421154 195063 
920 52347621 49375223 53063344 48883827 411 53304544 48807132 257906 
921 59408295 48999973 59633675 48989482 821 60343508 49108024 205052 
922 50668860 48837014 50741769 49193280 310 51651445 49189172 198174 
923 44198836 48592373 45107236 47800125 821 45178857 47879829 195005 
924 53826945 49322253 54157952 48656529 961 54806386 48777388 248652 
925 48568068 48684027 48704050 48964156 956 49526580 48619021 202752 
926 52198082 48959578 52519773 49035211 554 53126193 48718550 210977 
927 46195496 49046090 46211466 49218884 312 47121004 49025800 213215 
928 46214920 48599887 46650878 47966386 342 47167508 49190244 199251 
929 50639022 49063753 50725220 49013801 626 51556563 49109817 215821 
930 49210284 49034362 49476671 49054675 779 50150618 49344221 208055 
931 45885399 49261050 46237966 48746936 305 46872497 48879680 221381 
932 49493356 49133452 50311343 49033941 591 50464321 48742968 217107 
933 49038850 49266168 49208209 49142542 648 49956044 48920577 232069 
934 47039979 49088560 47576834 48891743 763 47992613 49211373 211199 
935 49848952 49286307 50437344 49187446 443 50770717 48597872 231267 
936 54789595 48848332 55465013 48793703 779 55743427 48239705 207322 
937 50188165 48881901 50413719 49144251 312 51168833 48078142 208844 
938 45600561 48656433 46015064 48924067 867 46564551 48657034 201531 
939 42302009 49084277 42664937 48917703 322 43267011 49255959 212240 
940 45382722 48849583 45488326 48503932 405 46290433 48179401 205368 
941 52644235 49214330 52825655 49034820 1025 53599076 49125425 237699 
942 51305657 49387444 51383326 48754760 475 52263907 48750021 257815 
943 51278378 49203535 51549309 48922616 1143 52241835 49317464 223475 
944 56983058 49401518 57880202 49068235 326 57966120 49175972 260041 
945 55240348 49080759 55932563 48754520 320 56146556 48763596 212627 
946 47086751 49415606 47675113 49190492 377 48077817 49278260 244899 
947 55715105 48838950 56581677 49095000 907 56679099 48483542 210991 
948 50396793 48883733 50660635 48798875 327 51382948 49091415 200924 
949 44892071 49034779 45061351 49040949 302 45857436 48945043 206392 
950 53172541 49246031 53559991 48912200 305 54119921 48308914 226413 
951 51616982 49204829 51673210 48831065 1360 52544219 49212066 225026 
952 49208004 49347743 49470227 49415626 631 50167508 49079033 237010 
953 51855862 49344721 52246729 48849502 579 52813378 49340530 248336 
954 51703269 49411253 52110307 48965322 504 52657558 49127193 266938 
955 46480010 49099756 47276628 48773193 333 47430859 48877608 211863 
956 44995487 48987315 45491514 49014338 313 45973138 49118349 206099 
957 49896879 49383878 50571014 49011884 307 50851213 49314411 257584 
958 48704364 49384102 48731794 48981262 590 49679595 48877155 264917 
959 52808849 49316595 53444850 49363996 447 53766922 49397446 239049 
960 39404566 48632953 39594518 48932356 320 40376158 48797452 198355 
961 45998362 49085598 46129760 48439915 379 46976425 49319049 205265 
962 56180152 49416776 56928657 48957422 553 57118627 49176151 275593 
963 41459387 48794493 42112842 49410416 620 42400595 48378516 203845 
964 48929189 49187370 49161401 49269521 326 49907537 49074626 226442 
965 48738895 49130989 48928782 48988640 696 49707561 49293936 223642 
966 54302070 49326624 55008276 48876367 308 55274165 49215583 257963 
967 52707039 48982318 52751148 48486854 379 53659853 48758620 221652 
968 48930473 49204336 48983567 49241009 486 49848734 48854412 250929 
969 50133656 48906520 50393333 49310087 318 51020031 48743435 217574 
970 53581849 48882072 54062302 48838867 306 54526580 48522220 207586 
971 53363261 49270273 53759115 48589469 1290 54338814 49145894 244997 
972 46896513 48718191 47182274 48741459 553 47856458 48331959 201748 
973 52144776 48617700 52471087 49338723 599 53126165 48495773 203553 
974 43757821 49353593 44340100 49407132 802 44735801 48820235 256755 
975 45744084 49389112 46073646 48778673 314 46703966 49110506 256679 
976 58382095 48920849 59091310 48304040 640 59315723 49282734 204633 
977 48894837 49376317 49461952 49312401 508 49762895 48437401 242995 
978 63255958 48871476 63341700 48976803 772 64147532 49069687 205433 
979 46291174 49310927 46664416 48642092 1295 47250476 48982395 235556 
980 45379408 48962515 45638520 49050982 609 46359228 48322036 212733 
981 54722880 49230995 54741205 49130643 621 55692816 49053313 228585 
982 50429603 49172096 50882128 49365479 308 51353004 49336878 224622 
983 42662968 48768482 42948009 48234590 324 43615294 48219954 196466 
984 38684776 48440765 38973843 48071248 552 39668934 48390783 192402 
985 46963016 48633328 47164477 49281850 564 47926015 48252278 194376 
986 43781158 48761782 44247246 47895706 1215 44746974 49384210 197851 
987 48885187 48857641 48969243 48905642 580 49826976 48977200 201096 
988 52616298 48725408 52959309 48879917 306 53578079 49084911 201176 
989 52215675 49249460 52515206 49141326 628 53184844 48624097 234956 
990 49862011 48728605 50562836 48908363 828 50816728 48282126 197894 
991 48020412 49027111 48032939 48775193 580 48998144 49076001 209497 
992 60635902 49205246 60680539 48858261 1862 61605742 49367543 227715 
993 53420477 48924169 53511944 49180162 335 54393499 48453404 204657 
994 45502903 49237247 45793666 48986272 303 46427424 48932159 223317 
995 49489952 49070240 49600057 48949866 1404 50445490 48558002 211843 
996 45041123 49186253 45203542 49216983 368 45995817 49298852 216776 
997 52891629 49186128 53060387 49265026 1365 53801361 48461230 226514 
998 55725410 49204723 55827186 49410808 894 56675677 48897812 223461 
999 51855179 48530718 52137272 49137359 557 52841751 49034349 192853 
