0 2037 2037 2231 2231 364 2231 2231 30743 
1 1643 2007 1861 2127 110 1965 2259 23197 
2 2231 2231 2231 2231 25071 2231 2231 18770 
3 2020 2146 2072 2212 76 2231 2231 14499 
4 1746 1746 1774 1886 28 2231 2231 13284 
5 1681 2003 1875 2197 15 1989 2185 15239 
6 1556 1766 1670 1754 30 2117 2243 12923 
7 1854 2092 1958 2224 62 2065 2177 16009 
8 1622 1902 1674 1968 60 2079 2247 13504 
9 1913 2193 1965 2259 114 2072 2212 15507 
10 1806 2240 1868 2162 87 1965 2259 16619 
11 1760 1816 1857 1913 89 2231 2231 13436 
12 1681 2003 1951 2189 14 1996 2220 15437 
13 1843 1843 1857 1913 67 2231 2231 13930 
14 1518 1770 1951 2189 19 2041 2251 12693 
15 1916 2014 1940 1940 32 2231 2231 14372 
16 2006 2076 2103 2173 51 2186 2200 16402 
17 1196 1518 1407 1603 16 1854 2092 13092 
18 1393 1533 1601 1797 48 2072 2212 12801 
19 1996 2220 2110 2208 53 2110 2208 18086 
20 2155 2239 2231 2231 1502 2231 2231 16120 
21 1975 2115 2041 2251 311 2231 2231 15292 
22 1729 1855 2096 2138 20 2193 2235 13071 
23 1660 1898 1722 1820 46 2110 2208 13668 
24 1334 1432 1843 1843 48 1940 1940 15539 
25 2003 2255 2065 2177 379 2072 2212 16609 
26 1823 2131 1875 2197 55 2079 2247 16401 
27 1393 1533 1587 1727 13 2065 2177 12604 
28 1532 1840 1740 2104 64 1996 2220 12996 
29 1553 1945 1657 2077 43 2003 2255 13771 
30 1490 1630 1649 1649 127 1940 1940 15324 
31 1878 2018 2231 2231 75 2231 2231 14092 
32 1871 1983 1975 2115 88 2231 2231 14081 
33 1864 1948 2006 2076 37 2186 2200 13642 
34 1913 2193 2027 2181 97 2079 2247 15489 
35 1584 1906 1726 2034 44 1996 2220 13715 
36 1649 1649 1843 1843 399 1940 1940 15259 
37 2134 2134 2231 2231 111 2231 2231 14611 
38 1899 2123 1923 2049 54 2117 2243 14355 
39 1823 2131 1920 2228 162 2034 2216 14257 
40 1930 2084 2034 2216 27 2155 2239 16142 
41 1605 2011 1761 2209 23 1927 2263 15384 
42 1646 1828 1999 2041 47 2096 2138 13935 
43 1601 1797 1653 1863 101 2117 2243 13352 
44 1968 2080 2065 2177 122 2231 2231 14517 
45 1681 2003 1944 2154 40 2041 2251 14368 
46 1428 1708 1719 1999 15 2041 2251 12590 
47 1508 1914 1664 2112 14 1958 2224 13009 
48 1542 1696 1854 2092 15 2072 2212 13448 
49 2117 2243 2155 2239 3492 2155 2239 18565 
50 1906 2158 2117 2243 51 2117 2243 15990 
51 1092 1386 1300 1650 38 1802 2026 13387 
52 1746 1746 1871 1983 123 2231 2231 13540 
53 2034 2216 2051 2107 87 2148 2204 17359 
54 1833 1987 1885 2053 13 2110 2208 14028 
55 1764 2030 1854 2092 34 2079 2247 14261 
56 2065 2177 2110 2208 242 2141 2169 17553 
57 1999 2041 2096 2138 25 2231 2231 14340 
58 1677 1789 1916 2014 18 2193 2235 12728 
59 2058 2142 2231 2231 199 2231 2231 15292 
60 1826 1952 1982 2150 84 2148 2204 13300 
61 1386 1498 1819 1917 55 2110 2208 12762 
62 1937 2119 2117 2243 62 2117 2243 16531 
63 1802 2026 1906 2158 42 2117 2243 14892 
64 1376 1642 1587 1727 17 1958 2224 13748 
65 1546 1910 1757 1995 97 1958 2224 13500 
66 1809 2061 2072 2212 161 2072 2212 13974 
67 1812 1882 1909 1979 187 2231 2231 13926 
68 1823 2131 2034 2216 46 2079 2247 15118 
69 1961 2045 2155 2239 114 2231 2231 13973 
70 2034 2216 2051 2107 886 2148 2204 16637 
71 1525 1805 1639 1793 19 2034 2216 12706 
72 2134 2134 2148 2204 13 2231 2231 15563 
73 1944 2154 2006 2076 49 2103 2173 16257 
74 1611 1653 1639 1793 57 2231 2231 12554 
75 1778 2100 1806 2240 71 2003 2255 14911 
76 1591 1941 1861 2127 16 2041 2251 13727 
77 2231 2231 2231 2231 15238 2231 2231 15370 
78 1591 1941 1681 2003 70 2041 2251 14016 
79 1456 1848 1532 1840 66 1958 2224 13155 
80 1570 1836 1622 1902 69 2027 2181 13347 
81 1996 2220 2020 2146 83 2117 2243 15493 
82 1992 2006 2096 2138 325 2231 2231 15303 
83 1764 2030 1958 2224 70 2117 2243 14631 
84 1636 1972 1667 1933 39 2003 2255 13263 
85 1982 2150 1996 2220 591 2141 2169 16691 
86 1310 1506 2079 2247 18 2079 2247 12171 
87 1605 2011 1629 1937 14 1965 2259 14570 
88 2013 2111 2065 2177 67 2186 2200 15330 
89 1383 1677 1615 1867 16 2041 2251 11951 
90 2027 2181 2034 2216 122 2141 2169 17664 
91 1788 1956 1833 1987 42 2103 2173 14651 
92 1649 1649 1843 1843 200 1940 1940 15335 
93 1729 1855 1819 1917 92 2148 2204 13155 
94 1992 2006 2058 2142 100 2231 2231 14082 
95 1646 1828 1750 1960 21 2117 2243 12842 
96 1726 2034 1882 2232 43 2041 2251 13649 
97 1992 2006 2089 2103 16 2231 2231 14161 
98 2027 2181 2072 2212 210 2117 2243 18169 
99 2231 2231 2231 2231 17234 2231 2231 16394 
100 1729 1855 1826 1952 44 2186 2200 13589 
101 1767 1851 1923 2049 32 2193 2235 12780 
102 1937 2119 2006 2076 206 2103 2173 14439 
103 1497 1665 1961 2045 12 2155 2239 12579 
104 1819 1917 1857 1913 36 2193 2235 13876 
105 1563 1801 1733 2069 57 2117 2243 13561 
106 1819 1917 1850 1878 63 2141 2169 14038 
107 1632 1758 2020 2146 37 2186 2200 12563 
108 2058 2142 2155 2239 175 2231 2231 14862 
109 1594 1762 1947 1975 114 2072 2212 14260 
110 1847 2057 1927 2263 35 2110 2208 14837 
111 1698 1894 1913 2193 35 2117 2243 13196 
112 1961 2045 2058 2142 105 2231 2231 14719 
113 1816 2096 1868 2162 67 2072 2212 15963 
114 2041 2251 2110 2208 91 2110 2208 16607 
115 1705 1929 1819 1917 38 2110 2208 14349 
116 1663 1719 2027 2181 42 2193 2235 13106 
117 1746 1746 2134 2134 27 2231 2231 13539 
118 1747 2139 1861 2127 67 1965 2259 15600 
119 2034 2216 2079 2247 460 2155 2239 20087 
120 1535 1661 1639 1793 19 2141 2169 12822 
121 1792 2170 1844 2236 71 1965 2259 14991 
122 1975 2115 2072 2212 290 2231 2231 14996 
123 1958 2224 2003 2255 404 2117 2243 17499 
124 1632 1758 1698 1894 14 2134 2134 13672 
125 1930 2084 1954 2010 90 2148 2204 14935 
126 1643 2007 1816 2096 18 2003 2255 14102 
127 1940 1940 2231 2231 49 2231 2231 14227 
128 1556 1766 1868 2162 57 2110 2208 12302 
129 1802 2026 2072 2212 110 2155 2239 13994 
130 1847 2057 1951 2189 50 2155 2239 14218 
131 1819 1917 1923 2049 69 2231 2231 14002 
132 1795 1991 1975 2115 14 2148 2204 13508 
133 1878 2018 1951 2189 42 2231 2231 14765 
134 1660 1898 1871 1983 13 2117 2243 14096 
135 1764 2030 1958 2224 55 2072 2212 14210 
136 1490 1630 2065 2177 20 2072 2212 12723 
137 1958 2224 1975 2115 178 2117 2243 14163 
138 1535 1661 1795 1991 17 2148 2204 12939 
139 1798 1812 2006 2076 78 2231 2231 13361 
140 1431 1529 1528 1626 13 2110 2208 12169 
141 1951 2189 2003 2255 38 2117 2243 15361 
142 1875 2197 2034 2216 336 2034 2216 16483 
143 1940 1940 2134 2134 34 2231 2231 13656 
144 2117 2243 2231 2231 723 2231 2231 15341 
145 1705 1929 1736 1890 13 2110 2208 13933 
146 1757 1995 1927 2263 155 2117 2243 13839 
147 1653 1863 1965 2259 29 2117 2243 13290 
148 2034 2216 2065 2177 962 2110 2208 17765 
149 1757 1995 1809 2061 42 2117 2243 14320 
150 1507 1521 2037 2037 42 2231 2231 11867 
151 1940 1940 1940 1940 15657 1940 1940 14690 
152 1857 1913 1954 2010 17 2231 2231 13466 
153 1996 2220 2065 2177 128 2065 2177 19521 
154 2027 2181 2079 2247 113 2148 2204 17667 
155 1975 2115 2134 2134 172 2231 2231 15670 
156 1864 1948 2231 2231 56 2231 2231 13923 
157 1473 1739 1629 1937 38 1989 2185 12528 
158 1930 2084 2027 2181 62 2141 2169 15334 
159 1622 1902 1639 1793 52 2027 2181 13288 
160 1726 2034 1761 2209 119 1996 2220 14188 
161 1830 2166 2041 2251 46 2041 2251 14415 
162 1965 2259 2003 2255 346 2079 2247 19989 
163 1847 2057 1892 2088 13 2117 2243 14316 
164 1556 1766 1632 1758 22 2117 2243 12953 
165 1587 1727 1878 2018 69 2072 2212 13928 
166 1930 2084 2103 2173 176 2155 2239 15203 
167 1677 1789 1885 2053 14 2155 2239 12965 
168 2034 2216 2103 2173 68 2103 2173 17016 
169 1438 1564 1490 1630 20 2110 2208 13654 
170 1746 1746 1843 1843 51 2231 2231 13314 
171 1726 2034 1816 2096 76 2079 2247 14339 
172 1781 1921 1961 2045 64 2155 2239 13614 
173 1906 2158 1920 2228 21 2117 2243 15288 
174 1826 1952 1982 2150 57 2186 2200 13532 
175 2096 2138 2193 2235 100 2193 2235 16063 
176 2072 2212 2231 2231 193 2231 2231 16061 
177 1365 1393 2134 2134 55 2231 2231 13433 
178 1958 2224 1965 2259 204 2117 2243 17055 
179 1951 2189 2065 2177 207 2117 2243 15918 
180 1923 2049 2079 2247 23 2193 2235 14746 
181 2034 2216 2110 2208 238 2110 2208 17593 
182 1466 1704 1570 1836 21 2041 2251 12491 
183 1816 2096 1837 2201 35 2072 2212 16315 
184 1587 1727 1913 2193 17 2141 2169 12628 
185 1982 2150 1989 2185 35 2141 2169 16408 
186 1802 2026 1913 2193 16 2110 2208 15579 
187 1781 1921 1816 2096 65 2231 2231 14015 
188 1958 2224 1996 2220 148 2027 2181 19133 
189 1951 2189 2027 2181 71 2034 2216 18303 
190 1982 2150 2044 2072 232 2141 2169 16027 
191 1802 2026 1996 2220 41 2110 2208 14623 
192 1968 2080 2231 2231 28 2231 2231 13958 
193 1552 1552 2231 2231 13 2231 2231 12779 
194 1757 1995 1819 1917 25 2110 2208 13878 
195 2003 2255 2117 2243 366 2117 2243 17735 
196 2027 2181 2103 2173 62 2103 2173 19031 
197 1490 1630 1594 1762 138 2065 2177 13804 
198 1511 1735 1584 1906 18 2117 2243 12499 
199 2027 2181 2072 2212 71 2193 2235 16018 
200 2193 2235 2231 2231 431 2231 2231 16999 
201 1563 1801 1684 1824 15 2072 2212 12593 
202 1895 1909 2051 2107 64 2231 2231 14776 
203 1625 1723 2148 2204 15 2193 2235 12800 
204 1608 1832 1802 2026 45 2065 2177 13523 
205 1847 2057 1958 2224 76 2103 2173 14962 
206 1331 1611 1549 1731 29 1989 2185 12696 
207 1705 1929 1861 2127 74 2117 2243 13183 
208 1393 1533 1705 1929 27 2155 2239 13292 
209 1733 2069 1830 2166 13 2041 2251 14922 
210 1518 1770 2020 2146 37 2020 2146 12471 
211 1649 1649 1746 1746 76 1843 1843 15129 
212 1594 1762 1670 1754 54 2155 2239 12816 
213 1906 2158 1989 2185 41 2079 2247 17548 
214 1809 2061 1913 2193 28 2079 2247 14478 
215 1774 1886 1885 2053 65 2231 2231 13365 
216 1906 2158 1982 2150 13 2079 2247 15214 
217 1746 1746 1940 1940 701 1940 1940 14932 
218 2003 2255 2065 2177 519 2072 2212 14946 
219 1764 2030 1861 2127 142 2072 2212 13847 
220 1497 1665 1601 1797 49 2117 2243 13296 
221 2079 2247 2141 2169 813 2141 2169 15610 
222 1736 1890 1930 2084 13 2141 2169 13344 
223 1456 1848 1480 1774 75 1965 2259 12982 
224 1940 1940 1940 1940 15442 1940 1940 15151 
225 1902 1944 1923 2049 27 2231 2231 13758 
226 1799 2205 1823 2131 269 1965 2259 20792 
227 1601 1797 1965 2259 13 2117 2243 12922 
228 1830 2166 1951 2189 101 1989 2185 14456 
229 1906 2158 1951 2189 32 2072 2212 16443 
230 1743 1925 1913 2193 37 2117 2243 14291 
231 1757 1995 2027 2181 73 2117 2243 14222 
232 2041 2251 2065 2177 116 2065 2177 16918 
233 1746 1746 1781 1921 18 2231 2231 12596 
234 1854 2092 1968 2080 74 2117 2243 14496 
235 1431 1529 1760 1816 20 2193 2235 12909 
236 1643 2007 1854 2092 84 2003 2255 13784 
237 1885 2053 1982 2150 79 2110 2208 15043 
238 2155 2239 2231 2231 111 2231 2231 15138 
239 2003 2255 2027 2181 743 2065 2177 16765 
240 1664 2112 1716 2178 43 1927 2263 17036 
241 1940 1940 2231 2231 117 2231 2231 13701 
242 1875 2197 1927 2263 69 2041 2251 15779 
243 1920 2228 2079 2247 278 2079 2247 15268 
244 1552 1552 1649 1649 247 1843 1843 14721 
245 2117 2243 2186 2200 553 2186 2200 17301 
246 1490 1630 1552 1552 66 1940 1940 15239 
247 1649 1649 1746 1746 811 1843 1843 19050 
248 1802 2026 1819 1917 14 2117 2243 13650 
249 2231 2231 2231 2231 16692 2231 2231 16484 
250 1362 1572 1653 1863 18 2041 2251 12020 
251 1483 1595 2065 2177 38 2110 2208 12570 
252 1843 1843 1878 2018 39 2231 2231 13708 
253 2020 2146 2117 2243 34 2186 2200 17124 
254 1826 1952 1968 2080 118 2186 2200 14562 
255 1771 2065 1823 2131 49 2034 2216 15545 
256 2072 2212 2134 2134 53 2231 2231 15518 
257 2072 2212 2186 2200 102 2186 2200 18428 
258 1982 2150 2006 2076 110 2110 2208 14744 
259 1746 1746 1940 1940 105 2231 2231 13428 
260 1289 1401 1393 1533 88 1843 1843 15455 
261 1940 1940 2231 2231 14 2231 2231 13068 
262 1906 2158 1937 2119 67 2117 2243 16658 
263 1826 1952 1843 1843 16 2231 2231 13021 
264 1508 1914 1622 1902 47 1965 2259 13152 
265 1968 2080 2110 2208 39 2186 2200 16221 
266 1722 1820 1819 1917 47 2231 2231 13686 
267 2006 2076 2103 2173 14 2186 2200 16157 
268 1542 1696 1750 1960 43 2148 2204 13640 
269 1954 2010 2051 2107 35 2231 2231 14230 
270 1632 1758 1684 1824 13 2141 2169 12845 
271 1823 2131 1882 2232 39 2079 2247 15532 
272 1951 2189 1958 2224 97 2072 2212 16393 
273 1778 2100 1785 2135 232 2034 2216 16134 
274 1695 2073 1747 2139 41 1951 2189 16000 
275 1674 1968 1996 2220 112 2034 2216 13588 
276 1677 1789 2134 2134 22 2231 2231 13340 
277 2089 2103 2186 2200 155 2231 2231 15435 
278 1833 1987 1975 2115 172 2193 2235 14541 
279 1563 1801 1757 1995 187 2072 2212 13425 
280 1379 1463 2058 2142 65 2155 2239 12541 
281 1958 2224 2072 2212 92 2117 2243 16276 
282 1958 2224 2072 2212 349 2072 2212 16519 
283 1975 2115 2072 2212 85 2231 2231 14694 
284 1833 1987 2003 2255 29 2148 2204 14550 
285 1196 1518 1646 1828 28 1965 2259 12775 
286 2027 2181 2117 2243 107 2193 2235 16532 
287 1674 1968 1830 2166 53 2079 2247 13719 
288 1508 1914 1560 1980 62 1920 2228 13521 
289 1556 1766 1916 2014 26 2110 2208 12881 
290 1421 1673 1639 1793 14 2041 2251 13088 
291 1819 1917 1916 2014 15 2231 2231 13775 
292 1445 1599 1601 1797 26 2155 2239 13431 
293 2117 2243 2141 2169 2866 2141 2169 16619 
294 1743 1925 1954 2010 15 2148 2204 13825 
295 1712 1964 1906 2158 14 2072 2212 13857 
296 1698 1894 1871 1983 16 2065 2177 13475 
297 1868 2162 1965 2259 235 2079 2247 15927 
298 1774 1886 2034 2216 39 2148 2204 13267 
299 1802 2026 1868 2162 22 2155 2239 13713 
300 1656 1684 1947 1975 48 2231 2231 12803 
301 1556 1766 1632 1758 47 2117 2243 13015 
302 2027 2181 2186 2200 356 2186 2200 16412 
303 2231 2231 2231 2231 14817 2231 2231 14203 
304 1920 2228 1982 2150 41 2079 2247 18215 
305 1930 2084 1965 2259 192 2141 2169 15005 
306 1445 1599 1490 1630 40 2072 2212 13714 
307 2231 2231 2231 2231 15054 2231 2231 14302 
308 1667 1933 1989 2185 13 1996 2220 13920 
309 2034 2216 2051 2107 449 2148 2204 17776 
310 1899 2123 1968 2080 14 2065 2177 14962 
311 1743 1925 1937 2119 13 2117 2243 13276 
312 1705 1929 1743 1925 28 2065 2177 13701 
313 2006 2076 2058 2142 13 2231 2231 15091 
314 2037 2037 2231 2231 49 2231 2231 14705 
315 1702 2108 1716 2178 136 1958 2224 14646 
316 1615 1867 2020 2146 14 2117 2243 13036 
317 1743 1925 2003 2255 35 2103 2173 13288 
318 1511 1735 1927 2263 73 2072 2212 13103 
319 1843 1843 1940 1940 214 1940 1940 15181 
320 1615 1867 1781 1921 45 2072 2212 13336 
321 1878 2018 1996 2220 13 2141 2169 15067 
322 1691 1859 2079 2247 14 2148 2204 13534 
323 1584 1906 1695 2073 34 2041 2251 13592 
324 1428 1708 1525 1805 15 2003 2255 12708 
325 2034 2216 2079 2247 274 2110 2208 16271 
326 1761 2209 1823 2131 72 1920 2228 16672 
327 1795 1991 1989 2185 84 2155 2239 14545 
328 1878 2018 2006 2076 78 2117 2243 15743 
329 1677 1789 1996 2220 53 2231 2231 12877 
330 1847 2057 1868 2162 127 2117 2243 14419 
331 2089 2103 2134 2134 737 2231 2231 14704 
332 1958 2224 2003 2255 103 2072 2212 16240 
333 1712 1964 1996 2220 42 2065 2177 14428 
334 1795 1991 1951 2189 76 2148 2204 14344 
335 1483 1595 1691 1859 44 2110 2208 12797 
336 1913 2193 1989 2185 158 2072 2212 16055 
337 1927 2263 2003 2255 156 2003 2255 18973 
338 1982 2150 2034 2216 110 2103 2173 16251 
339 2117 2243 2155 2239 1577 2155 2239 17081 
340 1092 1386 1248 1584 41 1958 2224 12794 
341 1705 1929 1809 2061 19 2065 2177 13716 
342 1847 2057 1899 2123 53 2103 2173 14449 
343 1861 2127 1927 2263 44 2117 2243 14360 
344 1649 1649 1940 1940 182 1940 1940 15342 
345 1982 2150 2020 2146 55 2193 2235 15733 
346 1996 2220 2065 2177 424 2065 2177 15836 
347 1854 2092 1958 2224 18 2110 2208 15752 
348 2231 2231 2231 2231 16952 2231 2231 16315 
349 1431 1529 1639 1793 15 2141 2169 12737 
350 1989 2185 2041 2251 130 2103 2173 18554 
351 1722 1820 1996 2220 48 2231 2231 13080 
352 1816 2096 1847 2057 103 2041 2251 14963 
353 2027 2181 2079 2247 207 2193 2235 15355 
354 2096 2138 2193 2235 210 2231 2231 15226 
355 2117 2243 2134 2134 261 2231 2231 16986 
356 1473 1739 1636 1972 26 1975 2115 13124 
357 1653 1863 1774 1886 16 2117 2243 13266 
358 1899 2123 1965 2259 34 2110 2208 16361 
359 1857 1913 1940 1940 45 2231 2231 14024 
360 2006 2076 2103 2173 42 2231 2231 17505 
361 2044 2072 2141 2169 105 2231 2231 15149 
362 1843 1843 2037 2037 62 2231 2231 13623 
363 1830 2166 1899 2123 49 2041 2251 16015 
364 1746 1746 1843 1843 922 1940 1940 15495 
365 2148 2204 2186 2200 266 2193 2235 17098 
366 1438 1564 1570 1836 27 2020 2146 13333 
367 1518 1770 1622 1902 14 2034 2216 12968 
368 1712 1964 1920 2228 19 2117 2243 13683 
369 1639 1793 2020 2146 38 2141 2169 13219 
370 1466 1704 1802 2026 39 2072 2212 12338 
371 1864 1948 1940 1940 26 2231 2231 13985 
372 1282 1366 1552 1552 15 1940 1940 15401 
373 1975 2115 2027 2181 125 2155 2239 14841 
374 1843 1843 1940 1940 761 1940 1940 15094 
375 2003 2255 2027 2181 955 2065 2177 17905 
376 1871 1983 2134 2134 13 2231 2231 13992 
377 1372 1428 1566 1622 28 2134 2134 13425 
378 1816 2096 2072 2212 128 2072 2212 14095 
379 1608 1832 2117 2243 94 2117 2243 12754 
380 1857 1913 2134 2134 14 2231 2231 13861 
381 1743 1925 2103 2173 45 2103 2173 13543 
382 1806 2240 1868 2162 42 1965 2259 19823 
383 1563 1801 2117 2243 56 2117 2243 12960 
384 1563 1801 1871 1983 86 2117 2243 12939 
385 1726 2034 1861 2127 14 2079 2247 14984 
386 1653 1863 2034 2216 27 2072 2212 13272 
387 1795 1991 2117 2243 75 2117 2243 13865 
388 1552 1552 1649 1649 103 1746 1746 15121 
389 1961 2045 2058 2142 50 2231 2231 14930 
390 1681 2003 1861 2127 65 2041 2251 14575 
391 1781 1921 2072 2212 20 2231 2231 14309 
392 1650 2042 1754 2174 16 2003 2255 15384 
393 2037 2037 2231 2231 69 2231 2231 14769 
394 1688 2038 1768 2244 40 2003 2255 13780 
395 1497 1665 1691 1859 60 2079 2247 12524 
396 2117 2243 2134 2134 567 2231 2231 14456 
397 2013 2111 2231 2231 91 2231 2231 15222 
398 1667 1933 1937 2119 16 2079 2247 13326 
399 2034 2216 2051 2107 580 2148 2204 18151 
400 1504 1700 1518 1770 58 2079 2247 11995 
401 1719 1999 1781 1921 85 2072 2212 13876 
402 1909 1979 2117 2243 204 2231 2231 14016 
403 1594 1762 1639 1793 37 2148 2204 12627 
404 1819 1917 2110 2208 16 2141 2169 13656 
405 1996 2220 2020 2146 143 2117 2243 18767 
406 2044 2072 2058 2142 127 2186 2200 17216 
407 2231 2231 2231 2231 14551 2231 2231 14536 
408 1636 1972 1688 2038 39 2003 2255 12922 
409 1754 2174 1913 2193 37 1920 2228 15936 
410 2117 2243 2231 2231 173 2231 2231 14223 
411 1636 1972 2003 2255 87 2003 2255 13700 
412 1930 2084 2096 2138 84 2193 2235 14304 
413 1844 2236 1861 2127 762 1958 2224 16652 
414 1705 1929 1809 2061 15 2072 2212 13973 
415 1857 1913 2065 2177 15 2193 2235 14175 
416 1982 2150 2065 2177 72 2148 2204 15738 
417 1746 1746 2037 2037 13 2231 2231 13471 
418 1947 1975 2044 2072 92 2231 2231 15004 
419 1989 2185 2041 2251 33 2117 2243 18354 
420 1826 1952 1940 1940 25 2231 2231 13415 
421 2034 2216 2148 2204 74 2148 2204 15474 
422 1404 1782 1428 1708 54 1958 2224 12878 
423 1927 2263 2003 2255 245 2003 2255 19892 
424 1698 1894 1722 1820 42 2110 2208 13772 
425 2231 2231 2231 2231 16346 2231 2231 15829 
426 1504 1700 1968 2080 30 2065 2177 13629 
427 1999 2041 2193 2235 167 2193 2235 14903 
428 1608 1832 1961 2045 66 2072 2212 12986 
429 1958 2224 2072 2212 45 2117 2243 15016 
430 1840 2022 1937 2119 19 2155 2239 14232 
431 1508 1914 1667 1933 64 1958 2224 13482 
432 1937 2119 1989 2185 38 2110 2208 15193 
433 1698 1894 1854 2092 37 2155 2239 13642 
434 1892 2088 1996 2220 85 2110 2208 15180 
435 1757 1995 1861 2127 43 2079 2247 14152 
436 2079 2247 2141 2169 1907 2141 2169 16575 
437 1999 2041 2193 2235 56 2231 2231 14166 
438 1438 1564 1729 1855 13 2110 2208 12591 
439 1826 1952 1989 2185 50 2193 2235 14081 
440 1601 1797 1809 2061 17 2155 2239 14105 
441 1996 2220 2020 2146 38 2117 2243 18467 
442 1746 1746 1940 1940 64 1940 1940 15197 
443 1747 2139 1785 2135 111 2003 2255 18520 
444 1958 2224 2027 2181 950 2079 2247 16075 
445 1601 1797 1975 2115 81 2072 2212 13722 
446 1850 1878 2058 2142 134 2231 2231 14672 
447 1937 2119 2155 2239 14 2155 2239 14646 
448 2134 2134 2231 2231 421 2231 2231 14622 
449 1937 2119 2041 2251 283 2155 2239 14201 
450 2041 2251 2110 2208 220 2110 2208 16746 
451 1850 1878 1947 1975 43 2186 2200 14607 
452 1923 2049 2037 2037 216 2231 2231 13334 
453 1937 2119 2034 2216 192 2193 2235 16011 
454 1570 1836 1622 1902 44 2079 2247 13326 
455 1989 2185 1996 2220 47 2103 2173 17003 
456 1930 2084 2027 2181 65 2155 2239 15894 
457 1958 2224 2079 2247 172 2079 2247 16259 
458 1816 2096 1875 2197 13 2079 2247 14634 
459 1660 1898 1712 1964 100 2117 2243 13390 
460 1618 1688 1746 1746 13 2231 2231 12945 
461 1740 2104 1861 2127 27 1996 2220 14554 
462 1341 1467 1393 1533 19 2117 2243 13656 
463 2034 2216 2103 2173 61 2103 2173 17682 
464 1757 1995 1913 2193 123 2110 2208 14057 
465 1916 2014 2020 2146 61 2231 2231 14155 
466 1390 1712 1650 2042 24 1913 2193 13199 
467 1605 2011 1799 2205 14 1965 2259 14126 
468 1719 1999 1747 2139 67 2072 2212 14603 
469 1549 1731 2079 2247 16 2155 2239 13479 
470 1809 2061 1861 2127 17 2117 2243 14143 
471 1352 1716 1802 2026 111 1913 2193 13569 
472 1552 1552 1649 1649 324 1843 1843 14986 
473 1923 2049 1940 1940 195 2231 2231 13903 
474 1587 1727 1649 1649 61 2072 2212 13497 
475 1656 1684 1864 1948 27 2231 2231 13822 
476 1268 1296 1528 1626 39 2141 2169 12350 
477 1781 1921 2041 2251 20 2193 2235 13170 
478 1480 1774 1844 2236 36 2041 2251 12531 
479 1296 1436 1518 1770 14 2072 2212 13147 
480 2037 2037 2051 2107 129 2231 2231 14879 
481 1740 2104 1764 2030 170 1996 2220 14995 
482 1698 1894 1854 2092 13 2110 2208 13754 
483 2134 2134 2231 2231 92 2231 2231 14892 
484 1826 1952 2037 2037 18 2231 2231 14127 
485 2072 2212 2141 2169 34 2141 2169 15872 
486 1560 1980 1716 2178 15 1965 2259 13183 
487 1404 1782 1584 1906 34 1920 2228 12503 
488 1386 1498 1490 1630 15 2155 2239 12623 
489 1819 1917 2231 2231 45 2231 2231 13901 
490 1386 1498 1843 1843 100 1940 1940 15519 
491 1632 1758 1843 1843 21 2134 2134 13058 
492 1220 1444 1636 1972 18 1989 2185 12615 
493 1982 2150 2058 2142 15 2155 2239 15754 
494 2155 2239 2231 2231 986 2231 2231 16341 
495 2058 2142 2155 2239 26 2231 2231 15439 
496 1608 1832 1899 2123 168 2117 2243 13255 
497 1982 2150 2079 2247 30 2117 2243 17004 
498 1899 2123 1996 2220 37 2117 2243 14590 
499 1899 2123 2013 2111 52 2117 2243 15125 
500 2186 2200 2231 2231 1226 2231 2231 16394 
501 1483 1595 1722 1820 46 2193 2235 11796 
502 1199 1339 1812 1882 16 1909 1979 13594 
503 1618 1688 1909 1979 82 2231 2231 13492 
504 1660 1898 1712 1964 58 2117 2243 13443 
505 1511 1735 1625 1723 37 2079 2247 12631 
506 1144 1452 1750 1960 13 1913 2193 12704 
507 2231 2231 2231 2231 15014 2231 2231 14708 
508 1885 2053 1982 2150 19 2117 2243 15297 
509 2155 2239 2193 2235 83 2193 2235 18236 
510 1940 1940 2134 2134 16 2231 2231 14934 
511 1518 1770 1785 2135 14 2072 2212 12980 
512 2193 2235 2193 2235 18019 2193 2235 16875 
513 1566 1622 1878 2018 75 2193 2235 13461 
514 1878 2018 2072 2212 47 2193 2235 13748 
515 1667 1933 1823 2131 49 2072 2212 13965 
516 1854 2092 2041 2251 32 2117 2243 17124 
517 2141 2169 2148 2204 72 2231 2231 17297 
518 1802 2026 1968 2080 49 2072 2212 14646 
519 1947 1975 2155 2239 19 2231 2231 14273 
520 1521 1591 1573 1657 20 2193 2235 13192 
521 1954 2010 2051 2107 90 2231 2231 14651 
522 1410 1424 1507 1521 14 2231 2231 12595 
523 1892 2088 2103 2173 80 2103 2173 14721 
524 1833 1987 1999 2041 17 2193 2235 14045 
525 1473 1739 2034 2216 24 2079 2247 12765 
526 1618 1688 1625 1723 25 2231 2231 12860 
527 1740 2104 1792 2170 171 2003 2255 13920 
528 1809 2061 1892 2088 39 2072 2212 16938 
529 1857 1913 2117 2243 58 2148 2204 13643 
530 2079 2247 2141 2169 527 2141 2169 15971 
531 1940 1940 2110 2208 90 2231 2231 14787 
532 1802 2026 2117 2243 40 2117 2243 13742 
533 1961 2045 2117 2243 37 2155 2239 15427 
534 1857 1913 2051 2107 89 2148 2204 13953 
535 2103 2173 2155 2239 40 2231 2231 15275 
536 1573 1657 1611 1653 48 2193 2235 13113 
537 1826 1952 2110 2208 13 2193 2235 13939 
538 1757 1995 1809 2061 15 2110 2208 13970 
539 2155 2239 2231 2231 1395 2231 2231 14474 
540 1833 1987 1840 2022 87 2155 2239 14664 
541 1390 1712 1546 1910 17 1965 2259 12447 
542 1913 2193 1975 2115 69 2072 2212 14524 
543 1716 2178 1830 2166 43 1927 2263 14979 
544 1615 1867 1712 1964 50 2117 2243 12751 
545 1937 2119 2034 2216 82 2148 2204 14716 
546 1816 2096 1920 2228 41 2072 2212 15717 
547 2117 2243 2186 2200 849 2186 2200 18073 
548 1327 1397 1805 1847 40 2193 2235 11799 
549 1726 2034 2041 2251 24 2041 2251 15045 
550 1490 1630 1746 1746 49 2072 2212 14400 
551 2110 2208 2231 2231 1689 2231 2231 15223 
552 1937 2119 2051 2107 68 2148 2204 14782 
553 1497 1665 1857 1913 26 2065 2177 13307 
554 1757 1995 1951 2189 46 2117 2243 14017 
555 1660 1898 2072 2212 39 2110 2208 13478 
556 1653 1863 1871 1983 63 2110 2208 21419 
557 2065 2177 2110 2208 510 2186 2200 28698 
558 2034 2216 2079 2247 635 2148 2204 29255 
559 1501 1879 1605 2011 24 2003 2255 22349 
560 1771 2065 1823 2131 187 2027 2181 21040 
561 1455 1455 1746 1746 98 2037 2037 13839 
562 1400 1568 1608 1832 41 2072 2212 12948 
563 1996 2220 2020 2146 30 2117 2243 17737 
564 1909 1979 2037 2037 53 2231 2231 14980 
565 1761 2209 1768 2244 103 1882 2232 21505 
566 1653 1863 1913 2193 29 2103 2173 14013 
567 2041 2251 2065 2177 3769 2110 2208 17610 
568 1404 1782 1913 2193 63 1913 2193 13482 
569 1753 1781 1850 1878 14 2231 2231 13526 
570 1698 1894 1854 2092 16 2117 2243 13336 
571 1404 1782 1508 1914 53 1958 2224 12626 
572 1920 2228 1958 2224 163 2079 2247 18555 
573 1982 2150 1996 2220 42 2148 2204 17078 
574 2155 2239 2231 2231 1017 2231 2231 15539 
575 1864 1948 2037 2037 51 2231 2231 14226 
576 1843 1843 1940 1940 15 1940 1940 14805 
577 1868 2162 2034 2216 86 2079 2247 15409 
578 1511 1735 1615 1867 15 2065 2177 12447 
579 1643 2007 1660 1898 48 2003 2255 13951 
580 1636 1972 1747 2139 67 2041 2251 14216 
581 1954 2010 2044 2072 107 2148 2204 15396 
582 1802 2026 1885 2053 89 2155 2239 15102 
583 2041 2251 2110 2208 194 2110 2208 19008 
584 1885 2053 2041 2251 18 2148 2204 15427 
585 1843 1843 1940 1940 91 1940 1940 15353 
586 1913 2193 1965 2259 205 2072 2212 16776 
587 1746 1746 1826 1952 40 2231 2231 13893 
588 1754 2174 1768 2244 83 1965 2259 15757 
589 1587 1727 1878 2018 16 2072 2212 14221 
590 1144 1452 1182 1448 50 1958 2224 12810 
591 1552 1552 1649 1649 115 1746 1746 15831 
592 1213 1409 1369 1607 49 1923 2049 13823 
593 1781 1921 2186 2200 17 2186 2200 14673 
594 2072 2212 2117 2243 14 2186 2200 15976 
595 1799 2205 1861 2127 176 1958 2224 16510 
596 2037 2037 2117 2243 115 2231 2231 14714 
597 1913 2193 1965 2259 128 2079 2247 19487 
598 1670 1754 1774 1886 13 2155 2239 12814 
599 1698 1894 1757 1995 70 2117 2243 13973 
600 2117 2243 2134 2134 1259 2231 2231 15774 
601 2134 2134 2148 2204 196 2231 2231 15605 
602 2058 2142 2079 2247 92 2231 2231 15074 
603 1560 1980 1837 2201 33 1965 2259 14210 
604 2003 2255 2065 2177 253 2072 2212 17069 
605 1947 1975 2141 2169 14 2231 2231 13946 
606 1958 2224 2079 2247 243 2079 2247 17079 
607 1674 1968 1792 2170 48 2041 2251 15051 
608 1549 1731 2117 2243 14 2117 2243 12963 
609 1885 2053 2044 2072 54 2141 2169 14733 
610 1830 2166 1882 2232 138 2041 2251 15715 
611 2103 2173 2193 2235 93 2193 2235 19321 
612 2034 2216 2193 2235 165 2193 2235 16034 
613 1040 1320 1459 1669 22 1958 2224 12827 
614 1937 2119 2041 2251 226 2148 2204 14432 
615 1584 1906 1688 2038 14 2003 2255 13366 
616 1913 2193 1944 2154 200 2041 2251 17284 
617 2231 2231 2231 2231 18628 2231 2231 17705 
618 2193 2235 2193 2235 18962 2193 2235 18074 
619 1587 1727 1639 1793 58 2117 2243 12779 
620 2041 2251 2079 2247 310 2110 2208 16690 
621 1542 1696 1916 2014 14 2148 2204 12660 
622 1660 1898 1674 1968 32 2079 2247 13863 
623 1480 1774 1792 2170 16 1965 2259 13574 
624 2013 2111 2058 2142 48 2193 2235 17256 
625 1535 1661 1601 1797 27 2117 2243 13569 
626 1947 1975 2155 2239 20 2231 2231 15136 
627 1930 2084 1982 2150 291 2141 2169 15493 
628 1587 1727 1809 2061 54 2072 2212 13830 
629 1757 1995 1802 2026 48 2110 2208 14150 
630 1840 2022 1871 1983 44 2103 2173 15030 
631 1878 2018 2037 2037 53 2231 2231 14190 
632 1747 2139 1809 2061 137 2003 2255 15570 
633 1937 2119 2034 2216 92 2148 2204 15112 
634 1854 2092 1965 2259 165 2079 2247 16543 
635 1975 2115 2079 2247 65 2141 2169 15298 
636 1778 2100 1806 2240 41 2041 2251 16909 
637 1736 1890 2027 2181 89 2148 2204 13842 
638 1882 2232 1951 2189 397 2041 2251 20743 
639 1729 1855 1937 2119 17 2186 2200 13869 
640 2058 2142 2231 2231 201 2231 2231 14895 
641 2058 2142 2155 2239 513 2231 2231 15353 
642 1875 2197 1996 2220 150 2041 2251 16160 
643 2155 2239 2231 2231 574 2231 2231 17355 
644 1902 1944 2110 2208 17 2231 2231 13960 
645 1601 1797 2117 2243 14 2117 2243 13557 
646 1930 2084 1975 2115 222 2155 2239 16028 
647 1348 1502 1660 1898 16 2117 2243 12071 
648 1885 2053 2044 2072 14 2141 2169 14548 
649 1871 1983 2134 2134 22 2231 2231 13983 
650 1684 1824 1975 2115 18 2134 2134 12986 
651 1757 1995 1951 2189 33 2079 2247 14931 
652 2003 2255 2065 2177 75 2065 2177 20419 
653 1899 2123 1975 2115 210 2155 2239 14640 
654 1251 1405 1656 1684 23 2117 2243 13325 
655 1823 2131 2079 2247 125 2079 2247 14905 
656 1809 2061 1861 2127 101 2079 2247 14672 
657 2186 2200 2231 2231 1891 2231 2231 16453 
658 1833 1987 2117 2243 33 2141 2169 15175 
659 2072 2212 2134 2134 220 2231 2231 15434 
660 2034 2216 2065 2177 568 2103 2173 16271 
661 1906 2158 1996 2220 40 2065 2177 16922 
662 1992 2006 1999 2041 19 2231 2231 15043 
663 1961 2045 2155 2239 67 2186 2200 16041 
664 1622 1902 1726 2034 19 2079 2247 13816 
665 1982 2150 2079 2247 56 2155 2239 16446 
666 1864 1948 2193 2235 44 2193 2235 13823 
667 1404 1782 1456 1848 65 1913 2193 13697 
668 1847 2057 2041 2251 52 2103 2173 14383 
669 1778 2100 1882 2232 85 2003 2255 14129 
670 2037 2037 2231 2231 14 2231 2231 15128 
671 1664 2112 1716 2178 14 1927 2263 15823 
672 2065 2177 2110 2208 275 2186 2200 16134 
673 1604 1618 1798 1812 42 2231 2231 14192 
674 1248 1584 1823 2131 15 1920 2228 12708 
675 1999 2041 2096 2138 53 2231 2231 14633 
676 1795 1991 1961 2045 109 2155 2239 14856 
677 1947 1975 2037 2037 75 2231 2231 14083 
678 2065 2177 2072 2212 240 2231 2231 16995 
679 1965 2259 2027 2181 81 2034 2216 16211 
680 1864 1948 1940 1940 133 2231 2231 14314 
681 1906 2158 2041 2251 16 2065 2177 15574 
682 1895 1909 1975 2115 61 2231 2231 13740 
683 1819 1917 1899 2123 23 2186 2200 13946 
684 1774 1886 1826 1952 59 2231 2231 13834 
685 1667 1933 1781 1921 14 2072 2212 13840 
686 1615 1867 1792 2170 15 2079 2247 13074 
687 1857 1913 2013 2111 14 2231 2231 14772 
688 1999 2041 2051 2107 222 2231 2231 14592 
689 1868 2162 1937 2119 423 2034 2216 16279 
690 2079 2247 2110 2208 4007 2110 2208 21274 
691 1826 1952 2020 2146 54 2231 2231 14294 
692 1760 1816 1982 2150 16 2231 2231 13327 
693 1996 2220 2003 2255 82 2155 2239 17213 
694 1230 1300 1594 1762 29 2096 2138 14024 
695 1701 1715 2186 2200 46 2231 2231 13447 
696 1798 1812 1902 1944 97 2231 2231 14764 
697 1843 1843 2037 2037 19 2231 2231 14148 
698 1698 1894 1750 1960 41 2155 2239 13600 
699 1833 1987 2003 2255 33 2117 2243 14974 
700 1317 1541 1352 1716 80 1975 2115 13368 
701 2006 2076 2079 2247 68 2186 2200 16287 
702 1774 1886 2134 2134 17 2231 2231 13836 
703 1899 2123 2065 2177 175 2065 2177 14610 
704 2134 2134 2231 2231 110 2231 2231 15370 
705 2155 2239 2186 2200 1832 2186 2200 18456 
706 1684 1824 2134 2134 20 2134 2134 13738 
707 1504 1700 1816 2096 68 2079 2247 12734 
708 2134 2134 2148 2204 95 2231 2231 15318 
709 1781 1921 2072 2212 13 2186 2200 13932 
710 1657 2077 1761 2209 69 1965 2259 14990 
711 1833 1987 1923 2049 102 2155 2239 14428 
712 1826 1952 1982 2150 66 2155 2239 14339 
713 1961 2045 2079 2247 14 2231 2231 14216 
714 1414 1638 2079 2247 16 2079 2247 12883 
715 1525 1805 2003 2255 20 2079 2247 12853 
716 2155 2239 2231 2231 220 2231 2231 16367 
717 1895 1909 2013 2111 13 2231 2231 14014 
718 1300 1650 1508 1914 79 1958 2224 13426 
719 1549 1731 1809 2061 13 2072 2212 13226 
720 1906 2158 1958 2224 212 2072 2212 14902 
721 1466 1704 1518 1770 170 2072 2212 13312 
722 2027 2181 2096 2138 185 2193 2235 15912 
723 1802 2026 2155 2239 263 2155 2239 14188 
724 1656 1684 1947 1975 15 2231 2231 13846 
725 1868 2162 1937 2119 144 2034 2216 16797 
726 1698 1894 1750 1960 44 2148 2204 14400 
727 1715 1785 2006 2076 15 2193 2235 12854 
728 1906 2158 2003 2255 53 2065 2177 16511 
729 1833 1987 1989 2185 48 2141 2169 14344 
730 1480 1774 1584 1906 109 1989 2185 13161 
731 1196 1518 1570 1836 23 1958 2224 13489 
732 1587 1727 2072 2212 20 2117 2243 12943 
733 1764 2030 2027 2181 46 2117 2243 14651 
734 2041 2251 2117 2243 256 2155 2239 18301 
735 2096 2138 2117 2243 65 2231 2231 16486 
736 1722 1820 1947 1975 83 2141 2169 13760 
737 1909 1979 2051 2107 32 2193 2235 14444 
738 1251 1405 1282 1366 13 2072 2212 12961 
739 2072 2212 2155 2239 395 2155 2239 16225 
740 1871 1983 2193 2235 73 2193 2235 14315 
741 1643 2007 1913 2193 17 1951 2189 14233 
742 1746 1746 1843 1843 232 1940 1940 15106 
743 1937 2119 2103 2173 52 2103 2173 14780 
744 1826 1952 2034 2216 98 2155 2239 14145 
745 1594 1762 1802 2026 15 2079 2247 13749 
746 1944 2154 1996 2220 26 2103 2173 16460 
747 1989 2185 2027 2181 206 2103 2173 19252 
748 1996 2220 2065 2177 737 2065 2177 16613 
749 1823 2131 1927 2263 26 2079 2247 14813 
750 1989 2185 2065 2177 522 2155 2239 16011 
751 1795 1991 2003 2255 16 2103 2173 14715 
752 1895 1909 2231 2231 14 2231 2231 13820 
753 1715 1785 2034 2216 18 2231 2231 13611 
754 1549 1731 1601 1797 16 2110 2208 13012 
755 2072 2212 2103 2173 647 2103 2173 15973 
756 1715 1785 1812 1882 46 2231 2231 13157 
757 1906 2158 1958 2224 96 2072 2212 14505 
758 1750 1960 1847 2057 14 2103 2173 13537 
759 1826 1952 1923 2049 33 2155 2239 14141 
760 1445 1599 1975 2115 14 2117 2243 13118 
761 1958 2224 2034 2216 85 2041 2251 19896 
762 1469 1525 1663 1719 48 2148 2204 12570 
763 1992 2006 1999 2041 64 2231 2231 15049 
764 2134 2134 2231 2231 43 2231 2231 15348 
765 1542 1696 1698 1894 28 2096 2138 13818 
766 1709 2143 1965 2259 15 1965 2259 15271 
767 1244 1370 1556 1766 15 2110 2208 12930 
768 1958 2224 2072 2212 350 2072 2212 16628 
769 1843 1843 1975 2115 138 2231 2231 14115 
770 2065 2177 2117 2243 36 2148 2204 18109 
771 1958 2224 1975 2115 51 2072 2212 16420 
772 1417 1459 1708 1750 14 2231 2231 13490 
773 1608 1832 1767 1851 13 2072 2212 13282 
774 1746 1746 1940 1940 13 2231 2231 14078 
775 1570 1836 1830 2166 19 2041 2251 13206 
776 1899 2123 2020 2146 101 2117 2243 14287 
777 1698 1894 1802 2026 16 2072 2212 13896 
778 1805 1847 2193 2235 56 2231 2231 13556 
779 1750 1960 1802 2026 13 2155 2239 15213 
780 1844 2236 1882 2232 249 1958 2224 21810 
781 1612 2046 1681 2003 58 1965 2259 14697 
782 1719 1999 1875 2197 69 2027 2181 15504 
783 1649 1649 1843 1843 26 1843 1843 15417 
784 1379 1463 1601 1797 52 2155 2239 12122 
785 1456 1848 1508 1914 30 1965 2259 13968 
786 1795 1991 1951 2189 42 2155 2239 14940 
787 1556 1766 1646 1828 40 2110 2208 13266 
788 1826 1952 1982 2150 13 2193 2235 14418 
789 1965 2259 1989 2185 1478 2034 2216 19251 
790 1601 1797 1833 1987 92 2155 2239 12959 
791 1843 1843 1940 1940 758 1940 1940 15411 
792 1393 1533 1438 1564 50 2117 2243 14231 
793 1875 2197 2034 2216 145 2034 2216 17007 
794 1854 2092 1958 2224 111 2072 2212 15889 
795 1750 1960 1968 2080 101 2110 2208 14460 
796 2041 2251 2058 2142 32 2155 2239 16783 
797 1757 1995 1847 2057 24 2079 2247 14769 
798 1452 1634 1473 1739 24 2117 2243 12399 
799 1958 2224 2003 2255 230 2117 2243 19680 
800 1248 1584 1293 1615 13 1958 2224 13237 
801 2141 2169 2231 2231 241 2231 2231 16247 
802 1902 1944 2058 2142 51 2231 2231 15021 
803 1968 2080 2044 2072 139 2155 2239 18226 
804 1826 1952 2037 2037 162 2231 2231 19180 
805 1348 1502 1764 2030 73 2117 2243 15209 
806 1404 1782 1809 2061 53 1958 2224 14751 
807 1968 2080 2065 2177 371 2231 2231 15328 
808 1833 1987 1930 2084 95 2148 2204 15345 
809 2231 2231 2231 2231 18228 2231 2231 17966 
810 1930 2084 2117 2243 97 2117 2243 17222 
811 2003 2255 2065 2177 231 2065 2177 22575 
812 1740 2104 1816 2096 50 1996 2220 17540 
813 2079 2247 2141 2169 261 2141 2169 20722 
814 2079 2247 2110 2208 1023 2110 2208 20387 
815 2027 2181 2079 2247 101 2155 2239 17527 
816 1840 2022 1937 2119 34 2103 2173 15972 
817 2231 2231 2231 2231 19740 2231 2231 19622 
818 1632 1758 2117 2243 58 2134 2134 14897 
819 1646 1828 1802 2026 45 2155 2239 15535 
820 2072 2212 2134 2134 670 2231 2231 21233 
821 1816 2096 1868 2162 50 2072 2212 17612 
822 1722 1820 1878 2018 61 2141 2169 14832 
823 2037 2037 2044 2072 171 2231 2231 17294 
824 1757 1995 1944 2154 49 2041 2251 17049 
825 1622 1902 1830 2166 24 2034 2216 14426 
826 1774 1886 1916 2014 85 2186 2200 15163 
827 1809 2061 1906 2158 69 2079 2247 16181 
828 1878 2018 2037 2037 45 2231 2231 15488 
829 1757 1995 1965 2259 72 2079 2247 16410 
830 1632 1758 1940 1940 19 2134 2134 14845 
831 1830 2166 1854 2092 18 2003 2255 17505 
832 1400 1568 1452 1634 14 2065 2177 15743 
833 1754 2174 1913 2193 19 1920 2228 17075 
834 1892 2088 1996 2220 13 2117 2243 16880 
835 1802 2026 1823 2131 39 2155 2239 16280 
836 1982 2150 2079 2247 204 2148 2204 17457 
837 1830 2166 1882 2232 178 2041 2251 17800 
838 1611 1653 1805 1847 105 2231 2231 13948 
839 1944 2154 1961 2045 166 2155 2239 18198 
840 1487 1809 1868 2162 14 2041 2251 14369 
841 1404 1782 1712 1964 14 1958 2224 14979 
842 2079 2247 2148 2204 2032 2148 2204 19652 
843 1816 2096 1868 2162 54 2041 2251 17539 
844 1667 1933 1837 2201 61 2117 2243 14814 
845 1996 2220 2003 2255 712 2065 2177 19004 
846 1951 2189 2013 2111 619 2110 2208 16312 
847 1913 2193 1975 2115 15 2079 2247 16633 
848 1532 1840 1809 2061 14 2003 2255 14679 
849 2193 2235 2231 2231 2076 2231 2231 17556 
850 1601 1797 1819 1917 25 2110 2208 14712 
851 1885 2053 1899 2123 37 2110 2208 16077 
852 1996 2220 2027 2181 390 2041 2251 21062 
853 2072 2212 2134 2134 236 2231 2231 16014 
854 1861 2127 2003 2255 195 2117 2243 15096 
855 1161 1343 1431 1529 58 1819 1917 14788 
856 1428 1708 1636 1972 68 2041 2251 14180 
857 1871 1983 2079 2247 17 2155 2239 15575 
858 1404 1782 1584 1906 25 1958 2224 14310 
859 1598 1976 1695 2073 66 1958 2224 14839 
860 1414 1638 1778 2100 51 2041 2251 12671 
861 1844 2236 1927 2263 538 2003 2255 19046 
862 2006 2076 2103 2173 139 2193 2235 17300 
863 1327 1397 1618 1688 16 2103 2173 13450 
864 1840 2022 1920 2228 68 2148 2204 14685 
865 1681 2003 1778 2100 75 2034 2216 14837 
866 1213 1409 1265 1475 55 1871 1983 14059 
867 1615 1867 1667 1933 14 2065 2177 14230 
868 1940 1940 2231 2231 89 2231 2231 15129 
869 1940 1940 2072 2212 39 2231 2231 14351 
870 1449 1813 1480 1774 52 2003 2255 14772 
871 1920 2228 1958 2224 237 1989 2185 21737 
872 1390 1712 1546 1910 14 1996 2220 13641 
873 1712 1964 1920 2228 66 2065 2177 15484 
874 1469 1525 2148 2204 14 2148 2204 13462 
875 1313 1327 1729 1855 37 2231 2231 14823 
876 1677 1789 1729 1855 76 2231 2231 14927 
877 2072 2212 2117 2243 278 2148 2204 20363 
878 1781 1921 1809 2061 93 2186 2200 15369 
879 1674 1968 1868 2162 14 2034 2216 15402 
880 1916 2014 2110 2208 19 2231 2231 16218 
881 2072 2212 2079 2247 48 2148 2204 23556 
882 1445 1599 1639 1793 80 2155 2239 14242 
883 1040 1320 1199 1339 70 1802 2026 14981 
884 1871 1983 2058 2142 36 2155 2239 16072 
885 1944 2154 1996 2220 144 2103 2173 16754 
886 2065 2177 2134 2134 181 2231 2231 16032 
887 1857 1913 2065 2177 91 2193 2235 15073 
888 1705 1929 1871 1983 14 2065 2177 15500 
889 1760 1816 2231 2231 63 2231 2231 13853 
890 1774 1886 1906 2158 70 2231 2231 14061 
891 2027 2181 2193 2235 16 2193 2235 17731 
892 1809 2061 2027 2181 23 2065 2177 14855 
893 1573 1657 1625 1723 25 2231 2231 13369 
894 1892 2088 1916 2014 46 2110 2208 15229 
895 1937 2119 2041 2251 39 2155 2239 15994 
896 2134 2134 2231 2231 428 2231 2231 16780 
897 1768 2244 1830 2166 18 1927 2263 17259 
898 1528 1626 1684 1824 25 2134 2134 13711 
899 1657 2077 1716 2178 13 1927 2263 15222 
900 1875 2197 1989 2185 99 2041 2251 14751 
901 1511 1735 1677 1789 49 2065 2177 13001 
902 1975 2115 2072 2212 215 2231 2231 15598 
903 1864 1948 2058 2142 14 2193 2235 14817 
904 1369 1607 1629 1937 56 2041 2251 12265 
905 1594 1762 1947 1975 63 2072 2212 14223 
906 1230 1300 1358 1358 13 1940 1940 13462 
907 2155 2239 2231 2231 1680 2231 2231 15021 
908 2155 2239 2231 2231 1257 2231 2231 15429 
909 1719 1999 1913 2193 51 2027 2181 14778 
910 1930 2084 2027 2181 123 2110 2208 15751 
911 1802 2026 1854 2092 70 2155 2239 14377 
912 1830 2166 1892 2088 37 2003 2255 15456 
913 1480 1774 1844 2236 34 2034 2216 12973 
914 1913 2193 1951 2189 27 2041 2251 18317 
915 1875 2197 1944 2154 35 2041 2251 18401 
916 1466 1704 1622 1902 105 2072 2212 13909 
917 2110 2208 2231 2231 377 2231 2231 15543 
918 1809 2061 1965 2259 18 2072 2212 15525 
919 1982 2150 2003 2255 34 2155 2239 17487 
920 2065 2177 2117 2243 680 2186 2200 15722 
921 2110 2208 2134 2134 233 2231 2231 16266 
922 1757 1995 1854 2092 98 2079 2247 14024 
923 1937 2119 2003 2255 104 2117 2243 18579 
924 1677 1789 2231 2231 15 2231 2231 14028 
925 1705 1929 2058 2142 30 2155 2239 13942 
926 1632 1758 2096 2138 29 2193 2235 12740 
927 1383 1677 1612 2046 34 1965 2259 12663 
928 1916 2014 2134 2134 228 2231 2231 13829 
929 1490 1630 1878 2018 18 2072 2212 13499 
930 2193 2235 2231 2231 1406 2231 2231 16117 
931 1705 1929 1899 2123 49 2155 2239 14305 
932 1518 1770 1622 1902 20 2027 2181 13474 
933 1660 1898 1695 2073 14 2110 2208 13523 
934 1265 1475 1580 1692 89 1871 1983 14025 
935 1653 1863 1750 1960 73 2103 2173 13511 
936 1857 1913 2148 2204 42 2231 2231 13697 
937 2134 2134 2231 2231 212 2231 2231 14099 
938 2006 2076 2134 2134 358 2231 2231 15308 
939 1598 1976 1660 1898 13 2003 2255 14685 
940 1927 2263 2041 2251 25 2041 2251 18450 
941 1740 2104 1844 2236 50 1958 2224 17176 
942 1906 2158 1958 2224 14 2117 2243 16441 
943 1992 2006 2044 2072 16 2231 2231 14420 
944 1487 1809 1539 1875 42 2003 2255 13110 
945 1698 1894 2103 2173 64 2103 2173 14642 
946 1927 2263 2003 2255 425 2003 2255 19217 
947 1958 2224 2072 2212 203 2072 2212 17654 
948 1885 2053 1937 2119 105 2117 2243 15022 
949 1854 2092 1906 2158 48 2117 2243 15537 
950 1927 2263 2041 2251 972 2041 2251 18671 
951 2148 2204 2186 2200 473 2193 2235 16692 
952 2231 2231 2231 2231 16636 2231 2231 16349 
953 1705 1929 1892 2088 42 2065 2177 14094 
954 1352 1716 1508 1914 41 1913 2193 13769 
955 1248 1584 1456 1848 49 1913 2193 14259 
956 1289 1401 1455 1455 27 1843 1843 15677 
957 1951 2189 2013 2111 141 2110 2208 16645 
958 1847 2057 1951 2189 220 2117 2243 14830 
959 1303 1471 1622 1902 22 2079 2247 12705 
960 1930 2084 2034 2216 33 2148 2204 15743 
961 1649 1649 1746 1746 62 1843 1843 15251 
962 1830 2166 1892 2088 189 1989 2185 16946 
963 1882 2232 1927 2263 80 1951 2189 17163 
964 2051 2107 2148 2204 98 2231 2231 16191 
965 1885 2053 2041 2251 32 2110 2208 14371 
966 1975 2115 2037 2037 435 2231 2231 14638 
967 1906 2158 1958 2224 98 2079 2247 15916 
968 1705 1929 1802 2026 88 2155 2239 13810 
969 1663 1719 2231 2231 41 2231 2231 13936 
970 2006 2076 2110 2208 83 2193 2235 15374 
971 1781 1921 1895 1909 77 2186 2200 13970 
972 1774 1886 1826 1952 25 2231 2231 13961 
973 1653 1863 1677 1789 14 2110 2208 14364 
974 1681 2003 1754 2174 37 2034 2216 14558 
975 2186 2200 2231 2231 556 2231 2231 17248 
976 1556 1766 2065 2177 61 2110 2208 13687 
977 2037 2037 2103 2173 195 2231 2231 14590 
978 1982 2150 2072 2212 76 2117 2243 20070 
979 1483 1595 1774 1886 15 2037 2037 13544 
980 1965 2259 1989 2185 208 2079 2247 19249 
981 2065 2177 2117 2243 89 2148 2204 16266 
982 1646 1828 2110 2208 27 2155 2239 13161 
983 1961 2045 2096 2138 50 2193 2235 14987 
984 1781 1921 1826 1952 18 2186 2200 14587 
985 1514 1556 1746 1746 19 2231 2231 13821 
986 1992 2006 2089 2103 41 2231 2231 14773 
987 1511 1735 1771 2065 42 2027 2181 12999 
988 1698 1894 1722 1820 37 2110 2208 14086 
989 1788 1956 1840 2022 17 2148 2204 13765 
990 2148 2204 2193 2235 387 2193 2235 17589 
991 1940 1940 1975 2115 15 2231 2231 14363 
992 1664 2112 1681 2003 37 1882 2232 14418 
993 1944 2154 1996 2220 162 2117 2243 16491 
994 1352 1716 1771 2065 15 1965 2259 13586 
995 1989 2185 2155 2239 51 2155 2239 17511 
996 1861 2127 1944 2154 118 2072 2212 14837 
997 1913 2193 1965 2259 228 2079 2247 16902 
998 1716 2178 1768 2244 28 1927 2263 14693 
999 1771 2065 1823 2131 49 2079 2247 14443 
