0 50466142 49332092 50637774 49415488 4908 51464663 49344970 1.00927e+06 51465953 49380306 884725
1 50538596 49140472 51443890 49168994 480 51537117 49153350 473651 51538407 49188686 1.21584e+06
2 52914676 48634391 53265094 48751489 388 53914632 49011361 303278 53914661 49390594 2.01463e+06
3 56178616 49297627 56665194 49406801 3800 57178427 49345841 855577 57178427 49345841 953646
4 41685734 48614280 42080785 48921281 364 42685545 48662494 288651 42685719 49370483 1.86782e+06
5 54216696 49195722 54622115 49212568 792 55216312 49320171 601127 55216507 49243936 1.12445e+06
6 45860416 48551451 45977389 49354965 455 46859822 49307945 292754 46860401 49307654 1.92041e+06
7 47963535 49319507 48525537 49356136 1919 48962656 49393267 970669 48963346 49367721 964538
8 55629230 49219108 56076652 49241049 994 56627751 49231986 578778 56629041 49267322 1.12247e+06
9 47588267 49415970 48422307 49416431 49963 48581786 49418258 7.36664e+06 48581786 49418258 813127
10 44180617 49308087 44274517 49410680 658 45180428 49356301 958650 45180428 49356301 942280
11 50829592 49157439 51362620 49341289 1756 51829403 49205653 462181 51829403 49205653 1.15621e+06
12 45738206 48624357 45974348 48890510 349 46737327 48698117 319936 46738191 49380560 2.08065e+06
13 41428438 48927810 41670667 48978995 498 42428394 49304780 372284 42428394 49304780 1.51378e+06
14 57687218 48551766 57969031 49200148 365 58686956 49055657 287789 58687203 49307969 2.11949e+06
15 54400825 49387408 55323603 49414189 1412 55399346 49400286 2.16533e+06 55399346 49400286 830236
16 48636561 48977511 48875257 49367030 576 49636517 49354481 388385 49636517 49354481 1.43071e+06
17 53250596 48870405 53854129 49014527 344 54249848 49201684 332883 54250552 49247375 1.58927e+06
18 46499837 49309201 47479283 49318437 365 47499648 49357415 888984 47499648 49357415 985772
19 54459727 48770123 55399889 49224739 511 55458935 49375853 325581 55459683 49147093 1.85557e+06
20 39027767 49114055 39250540 49175090 1140 40023959 49217675 499610 40027578 49162269 1.22874e+06
21 50970965 49273385 51364324 49364268 363 51970086 49347145 713810 51970776 49321599 1.04186e+06
22 49048320 48750850 49703848 49131156 1206 50048058 49254741 317685 50048276 49127820 1.74436e+06
23 49726896 49350409 50375645 49417004 828 50726707 49398623 1.22028e+06 50726707 49398623 876419
24 50746206 48778741 51176564 49133149 351 51745647 49337112 316194 51746162 49155711 1.73404e+06
25 44458032 48841280 44657047 49204276 400 45457843 48889494 339751 45457988 49218250 1.67905e+06
26 46947500 49018608 46964653 49170341 405 47947456 49395578 434443 47947456 49395578 1.36594e+06
27 52126616 48873557 53098034 49268876 575 53125737 48947317 317073 53126572 49250527 1.50104e+06
28 55214402 48770176 55822640 49139977 310 56214018 48894625 315662 56214358 49147146 1.66102e+06
29 50149311 48894191 50528604 48899688 851 51149049 49398082 338084 51149267 49271161 1.52444e+06
30 45804743 48866643 46294898 48936552 328 46803995 49197922 345989 46804699 49243613 1.54446e+06
31 49094781 49268914 49390917 49388836 1303 50094397 49393363 702663 50094592 49317128 977823
32 45774813 49316023 46160069 49363506 1940 46774624 49364237 959535 46774624 49364237 997238
33 45423405 49284080 45817350 49384885 465 46423216 49332294 764608 46423216 49332294 971026
34 48041544 49286686 49023614 49396484 328 49040665 49360446 779327 49041355 49334900 1.00098e+06
35 51957312 49330310 52007126 49353903 768 52957123 49378524 1.07676e+06 52957123 49378524 1.0076e+06
36 48751059 48890342 49077017 49025258 491 49751015 49267312 343430 49751015 49267312 1.53965e+06
37 44713314 48896141 45448288 49235175 322 45712930 49020590 350578 45713270 49273111 1.50272e+06
38 45448303 49067580 46297696 49085630 374 46447919 49192029 398299 46448114 49115794 1.28184e+06
39 44175444 49145477 44630595 49255795 412 45175060 49269926 472748 45175255 49193691 1.1937e+06
40 47022479 48677024 47425848 49311762 356 48022095 48801473 313059 48022435 49053994 1.85863e+06
41 41081330 48831584 41832458 49172460 546 42079643 49181770 304049 42081286 49208554 1.5173e+06
42 52811663 49067368 53596164 49388680 453 53810784 49141128 408238 53811474 49115582 1.28863e+06
43 46759794 48865811 47068151 48988206 662 47759750 49242781 367246 47759750 49242781 1.51478e+06
44 47786959 49169832 47907929 49209208 388 48785650 49300766 524654 48786770 49218046 1.18559e+06
45 51321731 49372573 51343929 49397046 7228 52311144 49377573 1.80885e+06 52320252 49385451 827796
46 55315948 48937403 55619738 49246322 382 56315904 49314373 346656 56315904 49314373 1.47458e+06
47 47739745 49118465 47940545 49321847 789 48734828 49351285 505387 48739556 49166679 1.26917e+06
48 46946465 49252348 47282259 49381155 514 47946276 49300562 717898 47946276 49300562 1.08755e+06
49 50348267 49153740 50510865 49378752 976 51347595 49333003 535509 51348078 49201954 1.23739e+06
50 50912962 48580591 50915350 49264181 336 51912290 48759854 265378 51912947 49336794 2.02837e+06
51 54355688 49228152 54434461 49376992 598 55355304 49352601 655730 55355499 49276366 1.10478e+06
52 49833660 49096073 50182790 49273772 441 50833471 49144287 471570 50833471 49144287 1.21465e+06
53 52212241 49285631 52551742 49286047 1972 53211857 49410080 784872 53212052 49333845 975606
54 45826738 49081889 46410470 49308173 1178 46825859 49155649 428363 46826549 49130103 1.29348e+06
55 46681964 49379719 47006701 49390004 935 47680485 49392597 1.85688e+06 47680485 49392597 878936
56 58022024 49095607 58674029 49146989 768 59021145 49169367 443459 59021835 49143821 1.27071e+06
57 53650776 49325305 53944881 49339911 1682 54650587 49373519 986948 54650587 49373519 949508
58 53109079 49347586 53382506 49374759 842 54108890 49395800 1.16229e+06 54108890 49395800 945832
59 55588135 48778024 55868716 49073003 407 56587256 48851784 327196 56588091 49154994 1.82424e+06
60 51403252 49160204 51618009 49185349 967 52402868 49284653 479330 52403063 49208418 1.1608e+06
61 48891465 49303014 49845116 49367262 595 49891276 49351228 941747 49891276 49351228 1.04878e+06
62 46830676 49331731 47725533 49362719 534 47830487 49379945 1.08625e+06 47830487 49379945 927810
63 50408792 48906707 51286534 49136746 536 51408748 49283677 320487 51408748 49283677 1.61335e+06
64 43919723 49200982 44500156 49223478 346 44919534 49249196 593372 44919534 49249196 1.14347e+06
65 52329499 49392074 52692656 49400853 1255 53328020 49404952 2.66053e+06 53328020 49404952 818965
66 54673351 48799577 55625441 48841538 365 55673307 49176547 352892 55673307 49176547 1.81465e+06
67 48768480 48842769 49724139 49108298 569 49764672 48946389 371588 49768436 49219739 1.74957e+06
68 57214314 49154249 57891783 49256212 1021 58213930 49278698 458184 58214125 49202463 1.19639e+06
69 52409754 49034587 52870271 49358248 459 53409006 49365866 423159 53409710 49411557 1.43126e+06
70 45206383 48792339 45615688 48931452 529 46206339 49169309 315286 46206339 49169309 1.66584e+06
71 44533731 48720993 44615923 48762993 428 45533172 49279364 363684 45533687 49097963 1.84335e+06
72 45367350 48877182 45416516 49149168 382 46367161 48925396 332153 46367306 49254152 1.56926e+06
73 47644656 48599998 48435734 48967682 364 48641123 48932735 316763 48644641 49356201 2.00844e+06
74 43629503 48913079 44436409 49122095 1302 44629119 49037528 343456 44629459 49290049 1.57102e+06
75 50592147 49211577 50744908 49215364 838 51591958 49259791 627771 51591958 49259791 1.1641e+06
76 47724268 49116353 47934525 49188582 530 48715046 49174417 491039 48724079 49164567 1.2785e+06
77 49901905 49343403 49947103 49409800 392 50901026 49417163 1.25597e+06 50901716 49391617 989054
78 48930090 48627326 49929418 48806589 331 49929531 49185697 297268 49930075 49383529 1.81411e+06
79 50551470 49357556 51197455 49411588 5891 51551281 49405770 1.35457e+06 51551281 49405770 862079
80 48732271 48662376 49348366 49297287 450 49732256 49418579 291146 49732256 49418579 1.87072e+06
81 53480510 48714002 53807128 48963465 365 54476702 48817622 298422 54480466 49090972 1.76348e+06
82 48364193 49417933 49162587 49418563 25156 49295884 49418290 7.87756e+06 49295884 49418290 810179
83 54174599 49169903 54179102 49219941 466 55174410 49218117 491409 55174410 49218117 1.10818e+06
84 45826922 49306923 46006922 49320779 583 46826733 49355137 837871 46826733 49355137 897886
85 56258305 49339281 56942599 49367952 831 57258116 49387495 1.02953e+06 57258116 49387495 886528
86 47109881 48559694 47153044 48663331 568 48109287 49316188 272202 48109866 49315897 1.92732e+06
87 46642883 49193500 47265508 49386536 454 47642694 49241714 522942 47642694 49241714 1.15783e+06
88 49573080 48828510 50499407 49151704 359 50573036 49205480 350643 50573036 49205480 1.60913e+06
89 43272817 49283357 43888238 49393490 1368 44272628 49331571 821210 44272628 49331571 1.0633e+06
90 48478591 49229742 49161037 49248958 695 49474783 49333362 657120 49478402 49277956 1.08822e+06
91 44940809 49067146 45045161 49216701 1365 45940620 49115360 471991 45940620 49115360 1.36369e+06
92 52340472 48729287 52410669 48785835 369 53335802 49025697 319290 53340428 49106257 1.89986e+06
93 51314478 49099619 52087746 49166769 415 52314094 49224068 498636 52314289 49147833 1.28624e+06
94 45682380 48717542 46001981 48782598 349 46681632 49048821 329788 46682336 49094512 1.83432e+06
95 57924352 48884834 58345922 48970982 622 58924090 49388725 330718 58924308 49261804 1.60708e+06
96 51748288 48646334 52695786 48963318 786 52748099 48694548 311838 52748273 49402537 1.85708e+06
97 46450263 49207683 47102268 49259065 380 47450074 49255897 631334 47450074 49255897 1.20297e+06
98 46817646 48505890 47487895 49385208 534 47817602 48882860 270204 47817631 49262093 1.97883e+06
99 44585305 49347355 45285001 49403294 2021 45578824 49349643 1.22638e+06 45585116 49395569 963830
100 46532597 49344888 46722708 49392440 994 47532408 49393102 1.29195e+06 47532408 49393102 951513
101 52625729 49394429 52852579 49398019 2976 53624250 49407307 2.46839e+06 53624250 49407307 799323
102 42558100 49142812 42934872 49399714 1218 43557221 49216572 508224 43557911 49191026 1.21058e+06
103 44329382 49347176 44386296 49389057 859 45322901 49349464 1.21631e+06 45329193 49395390 972415
104 46064576 48573680 46285923 49378167 327 47064561 49329883 279519 47064561 49329883 2.0017e+06
105 44971723 49226531 45447942 49367976 1270 45971534 49274745 630405 45971534 49274745 1.09455e+06
106 48863048 49030945 48880009 49227243 359 49861739 49161879 382045 49863004 49407915 1.34509e+06
107 49719499 49128331 50718141 49382339 677 50718827 49307594 478482 50719310 49176545 1.19341e+06
108 45344857 49174192 45792422 49400036 730 46343978 49247952 495872 46344668 49222406 1.09524e+06
109 50345842 49280749 50652022 49401140 1178 51344963 49354509 806771 51345653 49328963 1.03528e+06
110 48623337 49043518 48662050 49257836 770 49622458 49117278 426103 49623148 49091732 1.29794e+06
111 48143926 48931202 48394606 49200449 360 49142568 49185210 326353 49143882 49308172 1.47632e+06
112 51730536 49405981 51792149 49407410 21671 52729057 49418859 3.57014e+06 52729057 49418859 763811
113 49292114 48893078 50052801 49048588 362 50291925 48941292 336100 50292070 49270048 1.49524e+06
114 47135796 49313399 48111954 49351852 1923 48135607 49361613 993731 48135607 49361613 1.0034e+06
115 43342210 49080606 43385373 49184243 583 44342021 49128820 459916 44342021 49128820 1.29931e+06
116 47471793 49038608 47600845 49249358 384 48470435 49292616 381114 48471749 49415578 1.37396e+06
117 51335570 49250172 52006413 49279406 750 52334261 49381106 702121 52335381 49298386 988446
118 49873670 48543744 50464043 48774341 508 50873111 49102115 273435 50873655 49299947 2.00122e+06
119 48238626 49330700 48261597 49356221 796 49238437 49378914 1.07489e+06 49238437 49378914 960163
120 50213064 48859884 50968923 49278585 383 51212802 49363775 332350 51213020 49236854 1.63688e+06
121 54137959 49149541 54271644 49417937 382 55137287 49328804 515614 55137770 49197755 1.22579e+06
122 55480886 49087838 56340716 49151224 1988 56480697 49136052 432823 56480697 49136052 1.28362e+06
123 51628858 49284494 51907981 49333601 1435 52628669 49332708 787547 52628669 49332708 1.10213e+06
124 52555100 49239551 53028852 49408916 1000 53554911 49287765 660439 53554911 49287765 1.0437e+06
125 54011881 49350883 54216514 49359986 1354 55011692 49399097 1.26651e+06 55011692 49399097 913048
126 50334755 48933546 50820836 49291782 1099 51334566 48981760 397160 51334711 49310516 1.51563e+06
127 46117250 48975232 46832099 49369478 382 47115941 49106166 413687 47117206 49352202 1.55152e+06
128 49079938 49318242 49493599 49419159 664 50078459 49331120 974440 50079749 49366456 974846
129 57018294 48671889 57413345 48978890 374 58018250 49048859 336583 58018250 49048859 1.87545e+06
130 52943740 48887462 53169597 49289843 370 53943478 49391353 330722 53943696 49264432 1.54111e+06
131 54861802 49079996 55757427 49103308 372 55859687 49383770 438587 55861613 49128210 1.27374e+06
132 52931715 49161613 53396400 49289055 657 53931526 49209827 491245 53931526 49209827 1.15888e+06
133 56957535 48879404 57116727 49081177 337 57957273 49383295 353827 57957491 49256374 1.64064e+06
134 52886287 49310169 53194166 49367819 460 53886098 49358383 908689 53886098 49358383 1.01686e+06
135 49004460 49096171 49016441 49283144 631 50003581 49169931 481069 50004271 49144385 1.3223e+06
136 53642256 49006258 54484905 49240170 372 54641872 49130707 395713 54642212 49383228 1.36387e+06
137 43090617 48939361 43381886 49327550 363 44090428 48987575 373057 44090573 49316331 1.60538e+06
138 47520875 49093903 48206415 49113762 1524 48519396 49106781 469781 48520686 49142117 1.22446e+06
139 49216078 49212027 49621497 49228873 1090 50215694 49336476 553809 50215889 49260241 1.05032e+06
140 57289640 49160340 57866295 49401011 1919 58289256 49284789 521215 58289451 49208554 1.12426e+06
141 51551774 49108313 52366202 49229445 368 52551102 49287576 409109 52551585 49156527 1.25816e+06
142 48573082 48813131 48682698 49082443 331 49572893 48861345 355930 49573038 49190101 1.67676e+06
143 48058059 49338241 48614650 49344601 1975 49057870 49386455 1.04522e+06 49057870 49386455 937091
144 53652629 49056686 53886464 49174789 471 54650627 49397466 437647 54652440 49104900 1.34651e+06
145 43579594 48812535 43694958 49308082 410 44575481 49276474 342984 44579550 49189505 1.71143e+06
146 59221582 49270029 59415073 49280329 572 60220703 49343789 765327 60221393 49318243 1.07279e+06
147 51351795 49313833 51670553 49316096 461 52351606 49362047 930733 52351606 49362047 1.00047e+06
148 37644680 49244745 38429957 49382929 950 38643371 49375679 668178 38644491 49292959 1.10829e+06
149 45519389 49261237 45812280 49365596 1837 46519005 49385686 729056 46519200 49309451 1.01628e+06
150 45630414 49139817 45870534 49269268 512 46630225 49188031 498167 46630225 49188031 1.26066e+06
151 58431263 49283327 59411896 49321177 741 59429954 49414261 820263 59431074 49331541 1.03017e+06
152 49827264 48909591 50741957 49137227 603 50827075 48957805 364446 50827220 49286561 1.58993e+06
153 45299438 48876012 45425438 49392787 399 46299394 49252982 345005 46299394 49252982 1.55613e+06
154 45928588 49125848 45934780 49395490 541 46928204 49250297 526586 46928399 49174062 1.24373e+06
155 50221796 48782018 50279799 49147122 2239 51221058 49293416 325763 51221752 49158988 1.66971e+06
156 49276430 48995749 50127509 49374464 534 50275682 49327028 402875 50276386 49372719 1.43662e+06
157 46293554 48684208 46737976 48886906 318 47292806 49015487 272003 47293510 49061178 1.82676e+06
158 47522451 49305626 47840542 49313735 1013 48521572 49379386 870958 48522262 49353840 947768
159 47859338 49071493 48776295 49370398 418 48859149 49119707 458803 48859149 49119707 1.36544e+06
160 48842238 49329564 49818396 49368017 2134 49841359 49403324 1.05727e+06 49842049 49377778 978561
161 49557297 49150836 49940519 49372686 580 50552016 49358263 529061 50557108 49199050 1.17672e+06
162 48432576 49211084 48777258 49352251 384 49423315 49406620 585825 49432387 49259298 1.17676e+06
163 49144745 49381727 49595317 49384621 522 50143266 49394605 1.96555e+06 50143266 49394605 818447
164 46565170 49216702 47146994 49268941 470 47564498 49395965 606407 47564981 49264916 1.15107e+06
165 47603979 49260953 47961072 49314680 609 48603790 49309167 747526 48603790 49309167 1.08862e+06
166 48509941 48882257 48927676 48976605 416 49506408 49214994 341923 49509897 49259227 1.51674e+06
167 49042915 48808160 50018701 48872707 573 50039931 49395073 359830 50042726 48856374 1.73055e+06
168 46223311 49286278 47101976 49408661 605 47222002 49417212 818523 47223122 49334492 1.04821e+06
169 49847876 48900444 50198294 49017542 1480 50847832 49277414 356220 50847832 49277414 1.52233e+06
170 44894949 49206230 45191400 49299866 696 45894070 49279990 590018 45894760 49254444 1.09881e+06
171 49404077 48878364 50286784 49207489 530 50402598 48891242 332979 50404033 49255334 1.57114e+06
172 49848261 48788753 50733779 49049170 1329 50846574 49138939 315934 50848217 49165723 1.64893e+06
173 56675120 48839269 57519893 49161416 383 57675076 49216239 357599 57675076 49216239 1.71906e+06
174 54315870 49114312 54402971 49275037 1224 55315486 49238761 496231 55315681 49162526 1.2705e+06
175 43790286 49212676 43884186 49315269 363 44789902 49337125 574725 44790097 49260890 1.10958e+06
176 50066360 48608420 50415550 49193578 1315 51065051 48739354 306492 51066345 49364623 1.93574e+06
177 45874420 49350802 46536036 49400985 1871 46874231 49399016 1.24164e+06 46874231 49399016 900292
178 45479410 48629332 45799644 49223897 462 46478052 48883340 278604 46479395 49385535 1.86123e+06
179 51833348 49002886 51885945 49309579 580 52833304 49379856 369931 52833304 49379856 1.43859e+06
180 47844774 49263863 48719361 49358061 805 48843465 49394797 723911 48844585 49312077 1.01358e+06
181 49308069 49047996 49721194 49226836 783 50307321 49379275 393875 50307880 49096210 1.33625e+06
182 51457331 48932648 51536296 49187741 546 52456583 49263927 377180 52457287 49309618 1.49392e+06
183 52704304 48590890 53582010 48701311 405 53703566 49102288 276078 53704289 49347093 1.92553e+06
184 49985285 49295671 50040875 49323570 487 50985096 49343885 897566 50985096 49343885 1.07781e+06
185 43659111 49318454 43962828 49339372 1145 44658922 49366668 999810 44658922 49366668 964111
186 48068428 49369549 49034026 49393509 1588 49068239 49417763 1.60227e+06 49068239 49417763 916904
187 45562200 49267862 45648731 49337459 511 46561816 49392311 709336 46562011 49316076 1.04764e+06
188 49478158 49163331 50477279 49237091 1167 50477774 49287780 525092 50477969 49211545 1.21249e+06
189 51422650 48747708 51823719 49116146 342 52422388 49251599 300008 52422606 49124678 1.72156e+06
190 46078233 48557445 46959852 48993498 2135 47078218 49313648 323793 47078218 49313648 2.13306e+06
191 48505436 48879600 48729361 49349614 440 49505247 48927814 359213 49505392 49256570 1.55069e+06
192 47704049 49288589 48250420 49305930 373 48702570 49301467 790845 48703860 49336803 1.00034e+06
193 45919329 49252427 46200911 49290974 564 46918020 49383361 640597 46919140 49300641 1.03057e+06
194 47080202 48838685 47509394 48878280 619 48078893 48969619 363508 48080158 49215655 1.70586e+06
195 54229082 49368903 54857486 49382967 2295 55222601 49371191 1.5554e+06 55228893 49417117 873013
196 49214617 48962307 49649376 49334050 1660 50213869 49293586 361007 50214573 49339277 1.5005e+06
197 43296895 49407998 43595809 49411431 920 44290414 49410286 4.6213e+06 44290414 49410286 779306
198 46932612 49291514 47873893 49395324 3149 47932228 49415963 777434 47932423 49339728 996685
199 54536617 49199754 54986853 49370779 872 55532809 49303374 554032 55536428 49247968 1.12315e+06
200 53910153 48936095 54504000 49344192 504 54908795 49190103 365568 54910109 49313065 1.55538e+06
201 47228814 49059345 47719407 49125243 1506 48227456 49313353 415314 48228625 49107559 1.2685e+06
202 46536274 49289403 46781329 49332516 689 47536085 49337617 752651 47536085 49337617 1.01432e+06
203 53093722 49003128 53601345 49371448 444 54092364 49257136 395745 54093678 49380098 1.45696e+06
204 55818160 49206224 56744936 49283030 515 56817971 49254438 637810 56817971 49254438 1.08917e+06
205 45445175 49057705 46377699 49078719 2023 46444427 49388984 430274 46444986 49105919 1.29972e+06
206 46967972 49400302 47152382 49405774 2420 47966493 49413180 3.28211e+06 47966493 49413180 837448
207 56003834 48867562 56515334 49050856 457 57003572 49371453 332550 57003790 49244532 1.55473e+06
208 47048464 49390118 47766970 49405773 968 48046985 49402996 2.08581e+06 48046985 49402996 856080
209 45136455 49058737 45314379 49389306 372 46136266 49106951 449990 46136266 49106951 1.45617e+06
210 51550258 48614964 51599525 48945151 361 52549466 49220694 302786 52550243 49371167 1.90699e+06
211 42320208 49010634 43115717 49366042 744 43319329 49084394 373038 43320164 49387604 1.35573e+06
212 43141076 48684036 43964689 49282425 400 44140404 48863299 317241 44141032 49061006 1.83128e+06
213 49567496 49183094 50466700 49273068 1030 50566187 49314028 543885 50567307 49231308 1.13825e+06
214 47621420 49278201 48535095 49317225 457 48614939 49280489 736992 48621231 49326415 1.01971e+06
215 53407658 49289692 54094061 49360169 499 54407274 49414141 842389 54407469 49337906 1.05886e+06
216 53532224 49298735 53736555 49332998 2445 54531345 49372495 893712 54532035 49346949 946038
217 49962062 49185538 49999637 49290171 466 50961390 49364801 517710 50961873 49233752 1.0931e+06
218 59715559 49349954 60199298 49359041 4280 60715370 49398168 1.27748e+06 60715370 49398168 874478
219 51724300 49207659 51901681 49278957 520 52724111 49255873 635657 52724111 49255873 1.06352e+06
220 59483127 49233452 60013990 49388348 987 60476646 49235740 641445 60482938 49281666 1.0684e+06
221 43562750 49095597 43727835 49114512 442 44562561 49143811 425878 44562561 49143811 1.27904e+06
222 46384681 49267850 47129744 49354125 484 47384492 49316064 772013 47384492 49316064 1.02884e+06
223 57408564 49167302 58076294 49169017 514 58407255 49298236 510328 58408375 49215516 1.17018e+06
224 52845331 48836103 53511128 49209403 352 53844022 48967037 345654 53845287 49213073 1.63737e+06
225 60953421 49035360 61271773 49066732 482 61952673 49366639 402262 61953377 49412330 1.31986e+06
226 48505761 48606025 48563840 49319342 546 49505746 49362228 302754 49505746 49362228 1.87949e+06
227 43242744 49311746 44062336 49351556 1857 44242555 49359960 899075 44242555 49359960 997532
228 51238718 48999557 52100009 49016847 565 52238334 49124006 379428 52238674 49376527 1.3869e+06
229 49444634 49234163 49922945 49411462 1041 50443962 49413426 659192 50444445 49282377 1.07388e+06
230 53485267 49153533 54200837 49378211 367 54485078 49201747 465194 54485078 49201747 1.16025e+06
231 54217145 49184935 54237797 49278290 1168 55216473 49364198 548460 55216956 49233149 1.15611e+06
232 50244020 48697514 50670857 49295224 385 51243976 49074484 302439 51243976 49074484 1.7547e+06
233 43393342 49017011 44362749 49234891 363 44393153 49065225 383186 44393298 49393981 1.38556e+06
234 50305993 48542462 50656907 48663605 365 51305804 48590676 292754 51305978 49298665 2.13538e+06
235 49557466 49096153 50211217 49154489 1298 50557277 49144367 449223 50557277 49144367 1.28451e+06
236 50965362 48769873 51771873 48985380 379 51963675 49120059 327262 51965318 49146843 1.74353e+06
237 46144630 49013697 46949716 49147231 457 47144246 49138146 410366 47144586 49390667 1.41463e+06
238 44891213 49417770 45736682 49417782 18964 45822904 49418127 7.65862e+06 45822904 49418127 766877
239 47916232 48897793 47991721 48920533 354 48915484 49229072 346467 48916188 49274763 1.43232e+06
240 53898604 49179109 54681605 49319283 454 54897932 49358372 543816 54898415 49227323 1.15566e+06
241 47897383 49231087 48324979 49280426 582 48897194 49279301 684822 48897194 49279301 1.11636e+06
242 54794243 49310544 55009000 49335689 684 55785482 49377350 939856 55794054 49358758 983560
243 49854728 48884597 50064878 49247268 1154 50852613 49188371 351065 50854684 49261567 1.50002e+06
244 47775356 48921329 48464102 49188040 1076 48774972 49045778 363941 48775312 49298299 1.51177e+06
245 50850278 48956618 50937379 49117343 342 51850234 49333588 351116 51850234 49333588 1.42652e+06
246 59895726 48930473 60499851 49167278 444 60894978 49261752 357525 60895682 49307443 1.51256e+06
247 50608641 49118550 50799504 49179832 1038 51607969 49297813 453140 51608452 49166764 1.2413e+06
248 54432584 48557807 54957430 49308469 355 55431846 49069205 317694 55432569 49314010 1.93218e+06
249 50302054 49418545 50641555 49418961 55271 51233745 49418902 8.37072e+06 51233745 49418902 825875
250 56310160 49161498 56576445 49225461 520 57309971 49209712 465539 57309971 49209712 1.14136e+06
251 55220847 49337797 55589233 49410184 529 56220658 49386011 1.18528e+06 56220658 49386011 944607
252 59018662 49385347 59583211 49414255 4026 60017183 49398225 2.17658e+06 60017183 49398225 829982
253 45787558 49372057 46696305 49409686 6172 46786079 49384935 1.62768e+06 46786079 49384935 832520
254 55492117 49240381 55497132 49252669 448 56490808 49371315 627371 56491928 49288595 1.07437e+06
255 46630712 48904955 47562080 49052472 3202 47629833 48978715 331769 47630668 49281925 1.53732e+06
256 44709015 49280647 45343874 49408497 1029 45708631 49405096 722962 45708826 49328861 974815
257 52221690 48492464 52973708 49218714 405 53221501 48540678 265704 53221675 49248667 2.03313e+06
258 54326885 48747303 54919465 49393779 647 55326501 48871752 293236 55326841 49124273 1.75934e+06
259 50763047 49165591 51699852 49296964 438 51762858 49213805 572846 51762858 49213805 1.22458e+06
260 50426965 49357370 51065028 49384573 7975 51426776 49405584 1.49399e+06 51426776 49405584 953163
261 47379053 49323922 48042825 49367026 1661 48378864 49372136 1.07292e+06 48378864 49372136 1.01423e+06
262 49768068 48890766 49993347 49056270 321 50768024 49267736 340532 50768024 49267736 1.52532e+06
263 50368549 49405801 51169507 49413297 11353 51367070 49418679 3.88153e+06 51367070 49418679 861267
264 53390551 48900898 53953485 49059729 596 54390167 49025347 366460 54390507 49277868 1.58906e+06
265 48360272 49295802 48430419 49369071 1210 49356464 49399422 820418 49360083 49344016 1.09119e+06
266 48461477 49215911 48904060 49298170 766 49461093 49340360 598416 49461288 49264125 1.10734e+06
267 49844634 49127930 50723545 49208949 472 50840826 49231550 491411 50844445 49176144 1.29478e+06
268 50417997 49332624 51398630 49370474 2848 51417808 49380838 1.12888e+06 51417808 49380838 974242
269 55270511 49151364 56189766 49182596 434 56269839 49330627 534896 56270322 49199578 1.19579e+06
270 50922299 49139107 51262314 49229268 369 51918491 49242727 496065 51922110 49187321 1.24471e+06
271 54425145 49161111 54554197 49371861 326 55424956 49209325 512109 55424956 49209325 1.47358e+06
272 53929834 49322169 54029849 49375642 5603 54929645 49370383 1.56121e+06 54929645 49370383 1.24474e+06
273 55985071 49134094 56552654 49309387 811 56984192 49207854 508567 56984882 49182308 1.33576e+06
274 44125046 49112263 44706486 49296219 482 45123688 49366271 459622 45124857 49160477 1.2724e+06
275 51048615 49129536 51398899 49246835 664 52040334 49225439 553885 52048426 49177750 1.46256e+06
276 49051730 49183029 49847051 49332640 794 50051541 49231243 665222 50051541 49231243 1.22278e+06
277 52940586 49291459 53083383 49339929 708 53940202 49415908 915513 53940397 49339673 1.27774e+06
278 50223063 49084514 50806749 49406516 1505 51222874 49132728 680314 51222874 49132728 1.37302e+06
279 50217070 49013980 50366499 49344955 526 51216686 49138429 395690 51217026 49390950 1.42152e+06
280 41052964 49232633 41982831 49410202 1886 42052775 49280847 648639 42052775 49280847 1.05339e+06
281 43202324 49274888 43458901 49360421 1661 44202135 49323102 713042 44202135 49323102 1.02782e+06
282 52406245 48801411 53005999 49087197 3093 53403628 49171663 305430 53406201 49178381 1.66062e+06
283 52051638 49133021 52536089 49207608 734 53051449 49181235 508461 53051449 49181235 1.24048e+06
284 55906486 49208217 56460076 49262589 1207 56905814 49387480 629500 56906297 49256431 1.07877e+06
285 46451366 48921070 47321492 48955746 379 47450487 48994830 342586 47451322 49298040 1.45182e+06
286 47909728 48821905 47914863 49110185 362 48908980 49153184 317455 48909684 49198875 1.69828e+06
287 42276412 49395719 43010915 49405148 3997 43274933 49408597 2.79776e+06 43274933 49408597 882721
288 45431324 49260483 45784193 49287343 674 46430015 49391417 710311 46431135 49308697 1.00341e+06
289 53838009 49246973 54776991 49383390 507 54834201 49350593 658506 54837820 49295187 1.0434e+06
290 47345204 48957351 48163586 49324307 379 48344820 49081800 394130 48345160 49334321 1.44345e+06
291 50523573 49395765 51292010 49403741 3652 51522094 49408643 2.88499e+06 51522094 49408643 800353
292 49079305 48931554 49338408 49256611 524 50079261 49308524 377221 50079261 49308524 1.5167e+06
293 48432249 49036600 48761892 49240441 644 49430562 49386786 439105 49432205 49413570 1.37924e+06
294 45150356 49255987 45606137 49373722 969 46150167 49304201 738425 46150167 49304201 1.05362e+06
295 49653319 49225680 50336727 49262288 1687 50652440 49299440 637013 50653130 49273894 1.1517e+06
296 39702841 48553386 40014023 49190637 419 40702579 49057277 284353 40702826 49309589 2.00453e+06
297 56513719 49327858 56772953 49409866 645 57513530 49376072 1.08693e+06 57513530 49376072 970062
298 48797250 48700940 49180545 49168012 413 49797061 48749154 296667 49797206 49077910 1.83114e+06
299 44495604 48991356 44539181 49273000 400 45494725 49065116 416466 45495560 49368326 1.43048e+06
300 44917023 48848735 45069104 48990707 374 45916979 49225705 348982 45916979 49225705 1.56656e+06
301 47555753 48840807 47704532 49419338 379 48555564 48889021 321120 48555709 49217777 1.67955e+06
302 46935312 49292180 47375878 49348636 1326 47934928 49416629 809666 47935123 49340394 1.01192e+06
303 53665456 48999400 54136203 49244103 305 54664784 49178663 401816 54665412 49376370 1.53235e+06
304 50985984 49152173 51422903 49320124 768 51985795 49200387 520955 51985795 49200387 1.1376e+06
305 51736684 49399490 52043016 49411867 7545 52735205 49412368 2.91685e+06 52735205 49412368 825891
306 58164481 49094779 58439874 49348767 390 59152197 49411913 473142 59164292 49142993 1.28338e+06
307 50014032 49267308 50337724 49386708 1017 51013648 49391757 695263 51013843 49315522 1.06661e+06
308 50108699 48774152 50657709 49067876 392 51107390 48905086 317099 51108655 49151122 1.75663e+06
309 45962926 48887729 46916851 48957564 863 46962737 48935943 347851 46962882 49264699 1.57441e+06
310 55591424 48444950 55864516 48752790 683 56591409 49201153 257415 56591409 49201153 2.12987e+06
311 55211935 49383171 55908590 49416032 2949 56210456 49396049 1.88209e+06 56210456 49396049 840001
312 53162506 49405493 53389356 49409083 1625 54161027 49418371 3.89281e+06 54161027 49418371 824007
313 54342307 48992035 54598884 49077568 384 55342263 49369005 394944 55342263 49369005 1.44168e+06
314 54717585 49331019 55050893 49347438 976 55716706 49404779 1.0839e+06 55717396 49379233 1.00158e+06
315 53469451 48756927 54276949 49257354 926 54469407 49133897 323358 54469407 49133897 1.7557e+06
316 50429280 49043360 51138951 49113947 492 51428401 49117120 435882 51429091 49091574 1.29092e+06
317 50837384 49200556 51646131 49331062 764 51830185 49378389 557150 51837195 49248770 1.14714e+06
318 50229174 49227787 50455278 49284764 1820 51227865 49358721 652840 51228985 49276001 1.06087e+06
319 49304576 49053347 49446405 49204599 978 50303218 49307355 393192 50304387 49101561 1.43878e+06
320 44606090 48961053 45454546 49006181 390 45604732 49215061 403706 45606046 49338023 1.42748e+06
321 46402489 49238357 46815533 49382208 1066 47402105 49362806 684767 47402300 49286571 1.07629e+06
322 50404852 49342791 50986676 49395030 683 51404663 49391005 1.10265e+06 51404663 49391005 942595
323 47203789 49056393 47357431 49096242 1761 48202310 49069271 435387 48203600 49104607 1.36498e+06
324 47144428 49265631 47655068 49382385 403 48144239 49313845 663965 48144239 49313845 1.01548e+06
325 44049349 49290640 44919253 49419015 1291 45049160 49338854 776957 45049160 49338854 987273
326 49952918 49045879 50801803 49137724 1268 50952246 49225142 399936 50952729 49094093 1.31848e+06
327 53347269 48927607 53777627 49282015 705 54346885 49052056 371229 54347225 49304577 1.49835e+06
328 45298723 49402337 45837212 49414967 2810 46292242 49404625 3.4062e+06 46297244 49415215 807547
329 41539933 49208522 42135948 49326784 698 42539549 49332971 594787 42539744 49256736 1.10507e+06
330 53523551 49244586 54185998 49267772 541 54523362 49292800 695324 54523362 49292800 1.05818e+06
331 52600879 48592483 52977058 49028981 372 53598764 48896257 282671 53600864 49348686 2.02128e+06
332 50507668 49275772 50647594 49342978 627 51506359 49406706 822912 51507479 49323986 1.02499e+06
333 47815990 49068465 48615576 49096539 583 48815606 49192914 430779 48815801 49116679 1.26875e+06
334 48418540 49253861 49089386 49314847 3370 49418156 49378310 632187 49418351 49302075 1.04254e+06
335 50990948 49275915 50997115 49318141 1810 51990759 49324129 765783 51990759 49324129 1.08293e+06
336 49596814 48995662 49705805 49038118 398 50596066 49326941 393314 50596770 49372632 1.42151e+06
337 49094661 49113902 49367756 49245406 1305 50090853 49217522 438839 50094472 49162116 1.19915e+06
338 46880464 48636773 47422250 48670482 1304 47878777 48986959 304809 47880449 49392976 1.85573e+06
339 53251336 48746789 53809017 49229006 350 54250457 48820549 301964 54251292 49123759 1.73239e+06
340 44040018 49349616 44164281 49372872 1433 45039829 49397830 1.21352e+06 45039829 49397830 865360
341 53683104 48844514 54351002 48922138 606 54682915 48892728 336872 54683060 49221484 1.66132e+06
342 47792097 48945690 48072386 49108419 338 48792053 49322660 386393 48792053 49322660 1.59093e+06
343 50728612 48798029 51034889 48838235 826 51728568 49174999 322821 51728568 49174999 1.71642e+06
344 46352383 49079903 46890194 49364317 489 47351711 49259166 433320 47352194 49128117 1.27895e+06
345 43970696 49098639 44587821 49178538 442 44970312 49223088 437157 44970507 49146853 1.23659e+06
346 46430037 49169930 47008170 49372778 567 47429653 49294379 493683 47429848 49218144 1.1062e+06
347 53646615 49017725 54280659 49021541 410 54645736 49091485 367500 54646571 49394695 1.35442e+06
348 50457003 49042260 50897569 49098716 444 51456331 49221523 457670 51456959 49419230 1.38839e+06
349 44882270 48686289 45529105 49270006 318 45881711 49244660 331975 45882226 49063259 1.93834e+06
350 57011509 48895086 57531071 49376928 441 58010837 49074349 349473 58011465 49272056 1.47605e+06
351 44533872 49242440 44939684 49367246 433 45532393 49255318 612121 45533683 49290654 1.05322e+06
352 44592363 49239006 45360349 49239515 716 45591484 49312766 661885 45592174 49287220 1.13813e+06
353 49163148 48826344 49246459 49395184 445 50163104 49203314 379106 50163104 49203314 1.6443e+06
354 46059999 48893365 46947146 49033902 522 47059251 49224644 373531 47059955 49270335 1.6076e+06
355 60629844 49177402 60703484 49203253 984 61629172 49356665 519521 61629655 49225616 1.10883e+06
356 52266339 48794585 52546595 48841442 774 53266295 49171555 321142 53266295 49171555 1.71347e+06
357 47705911 49365241 48473897 49365750 3803 48705722 49413455 1.58503e+06 48705722 49413455 907280
358 53264109 49318729 53371446 49337919 1571 54263230 49392489 963046 54263920 49366943 933845
359 47142087 48978518 47363733 49315393 439 48141898 49026732 375067 48142043 49355488 1.41207e+06
360 46020593 49357551 46427951 49380014 551 47020404 49405765 1.39603e+06 47020404 49405765 884468
361 51060246 48786149 51185110 48818745 546 52060202 49163119 342726 52060202 49163119 1.72648e+06
362 49418190 49366282 50245368 49373417 3231 50418001 49414496 1.51025e+06 50418001 49414496 880783
363 45518372 48788142 45579985 48789571 641 46518328 49165112 311985 46518328 49165112 1.60245e+06
364 50442951 48763409 51178218 49060947 1346 51442762 48811623 319184 51442907 49140379 1.73693e+06
365 50348927 49203618 50801309 49217723 926 51348255 49382881 550598 51348738 49251832 1.06366e+06
366 49376984 49273599 49837087 49368188 387 50376600 49398048 769750 50376795 49321813 1.08303e+06
367 48200702 48709882 48391911 48742215 1561 49200143 49268253 296933 49200658 49086852 1.78554e+06
368 55060087 49362063 55244853 49383592 1014 56059898 49410277 1.4243e+06 56059898 49410277 877779
369 49775413 48646897 49873886 49055026 457 50774675 49158295 295758 50775398 49403100 1.78701e+06
370 43586193 49153068 44131879 49393266 1713 44581276 49385888 500556 44586004 49201282 1.24862e+06
371 51822976 49337202 52592685 49359475 1060 52822787 49385416 1.16189e+06 52822787 49385416 934902
372 46699499 49171211 47478151 49256467 1095 47699310 49219425 535073 47699310 49219425 1.139e+06
373 51376329 49335624 51578482 49398824 2968 52374850 49348502 1.1174e+06 52376140 49383838 899241
374 50446503 48963149 50619441 48984529 991 51446314 49011363 372711 51446459 49340119 1.41044e+06
375 48427864 49352539 48570661 49401009 650 49427675 49400753 1.36125e+06 49427675 49400753 1.00265e+06
376 47692599 49262476 48437602 49319150 367 48691290 49393410 718106 48692410 49310690 1.15666e+06
377 50867020 48608961 51004879 48994235 603 51866141 48682721 348022 51867005 49365164 2.23931e+06
378 49768508 48635833 50109058 48908828 376 50767760 48967112 388392 50768493 49392036 1.679e+06
379 55541584 49305548 55988431 49348747 2260 56541395 49353762 769608 56541395 49353762 956891
380 44390117 49019748 44726791 49122111 633 45389928 49067962 348009 45390073 49396718 1.2736e+06
381 51886451 48977867 52004700 49104772 474 52882918 49310604 349531 52886407 49354837 1.3776e+06
382 51936854 49080413 52679451 49279991 871 52936665 49128627 404055 52936665 49128627 1.22968e+06
383 54985719 49079552 55170900 49360640 328 55984240 49092430 403897 55985530 49127766 1.2033e+06
384 50742210 49276554 51731623 49281554 1200 51741826 49401003 724965 51742021 49324768 969255
385 47858372 49358358 48117057 49368280 481 48858183 49406572 1.48613e+06 48858183 49406572 903123
386 41912042 48891173 42604947 49128560 522 42911998 49268143 360902 42911998 49268143 1.51728e+06
387 49271990 49269826 49699586 49319165 522 50271606 49394275 716370 50271801 49318040 1.04666e+06
388 52236753 49142947 52663268 49250138 490 53236081 49322210 437273 53236564 49191161 1.13764e+06
389 46868948 48707545 47294588 48801594 464 47867261 49057731 290220 47868904 49084515 1.74124e+06
390 47618959 49359805 48417353 49360435 857 48618770 49408019 1.37892e+06 48618770 49408019 846545
391 47309509 49099276 47971786 49402219 438 48309320 49147490 431280 48309320 49147490 1.21893e+06
392 57518775 49098170 57893073 49170851 673 58518586 49146384 415692 58518586 49146384 1.21819e+06
393 43173483 49176122 43924335 49337523 839 44173294 49224336 512253 44173294 49224336 1.11906e+06
394 46396535 49310210 46996173 49359571 421 47395656 49383970 868618 47396346 49358424 944821
395 51492902 49338864 51625321 49406285 883 52492713 49387078 1.07702e+06 52492713 49387078 886475
396 55331697 49219859 55756124 49346179 518 56331508 49268073 597092 56331508 49268073 1.05046e+06
397 45597316 48575607 46593783 48908344 1554 46597054 49079498 277684 46597301 49331810 1.88279e+06
398 48420263 49218657 49270076 49411503 1149 49419879 49343106 562061 49420074 49266871 1.10642e+06
399 53612699 48946428 54544067 49093945 516 54612315 49070877 377486 54612655 49323398 1.56378e+06
400 45859849 49108376 46324230 49289759 358 46859660 49156590 481759 46859660 49156590 1.33064e+06
401 50419165 48763838 50534154 49078770 370 51416486 49139342 328669 51419121 49140808 1.84364e+06
402 45863090 48922265 45998818 49144237 360 46862706 49046714 385940 46863046 49299235 1.62058e+06
403 39623110 49279870 39921260 49381971 706 40622921 49328084 748102 40622921 49328084 990720
404 49362405 49348838 49849462 49369430 2010 50360926 49361716 1.33832e+06 50362216 49397052 912557
405 44978734 48732496 45814222 49161210 1485 45978350 48856945 320187 45978690 49109466 1.84643e+06
406 49725476 48480185 50434433 48873627 316 50725461 49236388 248961 50725461 49236388 2.00585e+06
407 55791614 49342992 56508386 49361723 1080 56791425 49391206 1.06661e+06 56791425 49391206 858884
408 56578528 48790753 56610654 49067268 385 57578144 48915202 300289 57578484 49167723 1.57267e+06
409 45256704 48832667 46104717 49297719 601 46256660 49209637 316087 46256660 49209637 1.54295e+06
410 52195948 48623620 52331679 49229797 501 53195354 49380114 272557 53195933 49379823 1.78642e+06
411 49273007 49229760 49610048 49375037 507 50269199 49333380 524641 50272818 49277974 1.00538e+06
412 48083278 49176773 48333281 49373930 395 49079470 49280393 488487 49083089 49224987 1.08528e+06
413 44788769 48990407 45378022 49136768 641 45783852 49223227 372870 45788725 49367377 1.30923e+06
414 47817642 49136867 48078990 49366730 459 48816284 49390875 438611 48817453 49185081 1.16546e+06
415 50686736 49080251 50691751 49092539 1005 51686352 49204700 489382 51686547 49128465 1.38442e+06
416 46314207 49315586 46428054 49394367 799 47312728 49328464 999367 47314018 49363800 1.01591e+06
417 43051441 49215735 43765286 49296114 586 44051057 49340184 605046 44051252 49263949 1.20481e+06
418 50557626 49162159 50839108 49361137 436 51556747 49235919 571923 51557437 49210373 1.30872e+06
419 48054342 48706923 48494500 49312111 364 49052398 49419196 319574 49054298 49083893 1.90128e+06
420 53806170 48944126 53938875 49215666 448 54806126 49321096 379271 54806126 49321096 1.60441e+06
421 49873515 49052107 50072991 49140635 390 50872636 49125867 471021 50873326 49100321 1.47634e+06
422 49537782 49027375 50475359 49333028 407 50537398 49151824 445502 50537738 49404345 1.56633e+06
423 50399585 49385297 50531141 49413042 1347 51398106 49398175 1.89132e+06 51398106 49398175 706370
424 50119475 49015443 50697857 49023125 769 51119431 49392413 310059 51119431 49392413 1.15088e+06
425 54136923 49296127 54498270 49357988 842 55133115 49399747 625929 55136734 49344341 822534
426 49395844 49419035 49625536 49419269 142281 50241313 49419047 6.49305e+06 50241313 49419047 638569
427 44964071 49205732 45359677 49356494 884 45963882 49253946 450345 45963882 49253946 887797
428 47442202 48679706 48330423 48876296 329 48439408 49365249 234022 48442158 49056676 1.53517e+06
429 48198362 49237849 48333101 49404348 320 49197053 49368783 536361 49198173 49286063 874596
430 45642033 48815340 46179019 48877705 308 46641844 48863554 260290 46641989 49192310 1.37399e+06
431 46216410 49047418 46370263 49347728 586 47216221 49095632 319681 47216221 49095632 1.08215e+06
432 42639267 48826253 42696230 49216147 420 43638708 49384624 249349 43639223 49203223 1.36599e+06
433 51819297 49161818 51837410 49337941 1081 52818625 49341081 389124 52819108 49210032 940409
434 46131414 49148047 46909887 49402071 558 47126497 49380867 393325 47131225 49196261 972055
435 50802749 48757926 51069087 49334444 335 51801062 49108112 239358 51802705 49134896 1.40704e+06
436 50051412 49198913 50997104 49356583 503 51050740 49378176 483347 51051223 49247127 915085
437 49360816 49310130 50115575 49316727 1512 50359937 49383890 693234 50360627 49358344 809220
438 51446896 49042010 52164752 49314318 338 52445538 49296018 328228 52446852 49418980 1.12563e+06
439 44454784 49266793 44784164 49304558 573 45453905 49340553 560903 45454595 49315007 1.14934e+06
440 44986954 49080732 45296504 49395182 410 45983421 49413469 528903 45986765 49128946 1.25938e+06
441 53182051 48867798 53510937 49147278 541 54181379 49047061 359452 54182007 49244768 1.85886e+06
442 48063304 48788195 48826424 48882364 399 49062920 48912644 358815 49063260 49165165 1.83091e+06
443 52127281 49282393 53041565 49371143 696 53123473 49386013 796272 53127092 49330607 1.01874e+06
444 49366025 48767638 49442445 49366095 489 50365981 49144608 350328 50365981 49144608 1.83318e+06
445 52012663 49368288 52689641 49378894 677 53012474 49416502 1.58814e+06 53012474 49416502 850475
446 47773386 48835793 48760545 48901545 390 48772714 49015056 330920 48773342 49212763 1.58367e+06
447 52369242 49364225 52679027 49377709 2395 53367763 49377103 1.46156e+06 53367763 49377103 932641
448 43419009 48550144 43893635 49313073 367 44418820 48598358 294766 44418994 49306347 2.04866e+06
449 45232332 49317999 46215355 49326188 1832 46230853 49330877 961837 46232143 49366213 1.00617e+06
450 44233805 49286981 44347652 49365762 2574 45232496 49417915 843440 45233616 49335195 1.04182e+06
451 54308524 49064145 54333153 49396105 415 55308140 49188594 421567 55308335 49112359 1.60152e+06
452 52534360 49315097 52816802 49345876 341 53533481 49388857 1.10836e+06 53534171 49363311 1.10939e+06
453 43188951 49329424 43856975 49345864 3827 44188762 49377638 1.15989e+06 44188762 49377638 905658
454 52041240 48775284 52740485 49239343 365 53037127 49239223 398978 53041196 49152254 1.71471e+06
455 44875150 48993737 45574038 49417403 361 45874271 49067497 373990 45875106 49370707 1.47791e+06
456 41237798 48938779 41426202 49137692 472 42237754 49315749 401758 42237754 49315749 1.51418e+06
457 50510413 49410039 50609192 49416877 9231 51503932 49412327 4.21628e+06 51503932 49412327 835786
458 46380989 48501382 47314134 48606646 443 47380800 48549596 278775 47380974 49257585 2.11787e+06
459 52936229 49285903 53302978 49363210 340 53936040 49334117 742972 53936040 49334117 999539
460 44919088 48946055 45085109 49194405 401 45918416 49125318 371902 45919044 49323025 1.44403e+06
461 45372229 49089188 45424826 49395881 1126 46371845 49213637 434380 46372040 49137402 1.2856e+06
462 49977651 49154679 50511717 49308838 755 50977462 49202893 533133 50977462 49202893 1.26232e+06
463 52291467 49041675 52301286 49165974 388 53291278 49089889 459558 53291423 49418645 1.46128e+06
464 58670171 49083910 59601547 49235700 621 59669292 49157670 452491 59669982 49132124 1.37001e+06
465 53902005 49413502 54220763 49415765 3550 54895524 49415790 5.55812e+06 54895524 49415790 848758
466 47225742 49264795 47287713 49413395 3450 48225358 49389244 760241 48225553 49313009 972443
467 53990244 48991165 54399727 49178172 370 54989572 49170428 378751 54990200 49368135 1.35451e+06
468 53416601 48700027 53719228 49360238 357 54416339 49203918 292405 54416557 49076997 1.85955e+06
469 46045144 49226571 46357120 49289637 2140 47044955 49274785 631740 47044955 49274785 1.11933e+06
470 40790843 49133784 40828822 49253229 1014 41790171 49313047 497225 41790654 49181998 1.23157e+06
471 47929357 49150789 48072154 49199259 2885 48928685 49330052 477597 48929168 49199003 1.15274e+06
472 50060421 49022738 50920453 49256179 316 51059542 49096498 400615 51060377 49399708 1.35762e+06
473 50012607 48735138 50488487 48780477 687 51012223 48859587 347149 51012563 49112108 1.85828e+06
474 44646024 49317340 44716435 49336884 1460 45645835 49365554 898782 45645835 49365554 946601
475 51348067 49154297 51554397 49334332 782 52347395 49333560 496416 52347878 49202511 1.19402e+06
476 49234249 49368838 50089482 49415061 876 50232770 49381716 1.5357e+06 50234060 49417052 906639
477 49435522 48703736 49525327 49349373 907 50431833 49376586 338757 50435478 49080706 1.88435e+06
478 45273156 48722503 46205400 48794656 654 46272894 49226394 328419 46273112 49099473 1.72646e+06
479 54450519 49344290 54467004 49378891 436 55450330 49392504 1.15238e+06 55450330 49392504 915663
480 45926207 48987713 46320152 49088518 565 46926163 49364683 390938 46926163 49364683 1.47838e+06
481 47554384 49384979 47921421 49392829 3247 48552905 49397857 2.10894e+06 48552905 49397857 880587
482 44569562 48950193 45274718 48989158 576 45568683 49023953 373012 45569518 49327163 1.58222e+06
483 51094624 48580003 52077817 49082379 650 52094362 49083894 305677 52094609 49336206 2.07061e+06
484 51479508 49083909 51639245 49246300 2049 52478150 49337917 448194 52479319 49132123 1.25461e+06
485 45420404 48908254 45732791 49222772 594 46420215 48956468 353194 46420360 49285224 1.45393e+06
486 43675945 49084631 44180683 49272765 457 44675561 49209080 440886 44675756 49132845 1.34231e+06
487 53247109 48822608 53935134 48910125 390 54246361 49153887 314327 54247065 49199578 1.74467e+06
488 44941849 49372553 45488220 49389894 1061 45935368 49374841 1.77656e+06 45940370 49385431 959301
489 50115001 48934757 50597726 49330563 2202 51114957 49311727 393947 51114957 49311727 1.56139e+06
490 56828801 49104746 56983317 49406787 2113 57828612 49152960 465512 57828612 49152960 1.22936e+06
491 51949432 48884014 52112364 49277491 513 52948760 49063277 365922 52949388 49260984 1.6027e+06
492 48646924 48835883 48825832 49052427 356 49646176 49167162 339111 49646880 49212853 1.66694e+06
493 54379598 48689862 55147692 48878680 474 55378719 48763622 305400 55379554 49066832 1.85297e+06
494 45357238 49335791 46079627 49396291 1737 46357049 49384005 1.12862e+06 46357049 49384005 934572
495 60808572 48837879 61783438 49098391 440 61801286 49305296 348934 61808528 49214849 1.62109e+06
496 44681280 48479153 45244214 48643078 463 45681145 49349869 293091 45681265 49235356 2.10247e+06
497 47727135 49332572 48511384 49395695 2068 48726946 49380786 1.04359e+06 48726946 49380786 951175
498 45599905 48853032 45979636 49170313 735 46599716 48901246 339065 46599861 49230002 1.56898e+06
499 49260551 48665031 49849081 49336649 431 50256743 48768651 294315 50260507 49042001 1.89846e+06
500 49028856 49193509 49583858 49282046 2397 50028667 49241723 606097 50028667 49241723 1.11142e+06
501 51004261 49154776 52000453 49258396 374 52004072 49202990 480007 52004072 49202990 1.16241e+06
502 54192853 48879480 54979876 49025082 770 55192469 49003929 337468 55192809 49256450 1.52634e+06
503 46174655 49288891 46536044 49364404 842 47173776 49362651 760699 47174466 49337105 1.0425e+06
504 48908023 49213894 49756025 49359318 551 49907834 49262108 641168 49907834 49262108 1.10968e+06
505 54075117 49265930 54617284 49359081 379 55074928 49314144 720387 55074928 49314144 1.01189e+06
506 51225213 49178640 51505502 49341369 683 52223904 49309574 551621 52225024 49226854 1.17038e+06
507 45076996 49138210 45491935 49150823 740 46075687 49269144 487499 46076807 49186424 1.18431e+06
508 44681485 49258224 45517619 49338157 588 45681296 49306438 728672 45681296 49306438 1.04578e+06
509 54342553 48849349 54342687 49231941 480 55342509 49226319 350122 55342509 49226319 1.67729e+06
510 51052521 49007988 51517981 49386466 559 52051642 49081748 431307 52052332 49056202 1.46856e+06
511 54459580 49300786 54826931 49378962 1085 55458701 49374546 960574 55459391 49349000 960077
512 47473832 48862519 48130351 49293004 380 48473643 48910733 347182 48473643 48910733 1.59561e+06
513 54979659 49352411 55644629 49383767 498 55979470 49400625 1.40002e+06 55979470 49400625 1.07992e+06
514 45960989 49129565 46484481 49418073 2418 46960800 49177779 535098 46960800 49177779 1.2156e+06
515 49314224 48544126 49867894 48826883 352 50313962 49048017 231640 50314209 49300329 1.92499e+06
516 51058366 49167435 51624191 49344675 1717 52051885 49169723 478258 52058177 49215649 1.05688e+06
517 54321251 49093266 55084871 49096349 403 55320867 49217715 426431 55321062 49141480 1.16967e+06
518 49622603 49407885 50520406 49414011 6643 50616122 49410173 3.56426e+06 50616122 49410173 749942
519 52046481 49033602 53023383 49393412 513 53046292 49081816 374317 53046437 49410572 1.23338e+06
520 49274656 49122872 50177959 49319673 596 50273777 49196632 422001 50274467 49171086 1.26959e+06
521 51697770 48482433 51851846 48789753 384 52697176 49238927 319427 52697755 49238636 2.09938e+06
522 50372305 48847261 51032328 48967947 519 51368485 49330108 312234 51372261 49224231 1.57868e+06
523 50774943 49156811 51738552 49208196 824 51774559 49281260 456099 51774754 49205025 1.13169e+06
524 54771191 49214071 55517513 49303385 626 55771002 49262285 512336 55771002 49262285 1.04033e+06
525 49590666 49294861 50129671 49365482 390 50589187 49307739 857784 50590477 49343075 1.02916e+06
526 43356413 48717675 43573684 49383249 566 44356029 48842124 324231 44356369 49094645 1.83052e+06
527 48189490 49401810 49121181 49402167 3433 49188011 49414688 3.4799e+06 49188011 49414688 776980
528 45259672 49394508 46105141 49394520 6924 46258193 49407386 2.57001e+06 46258193 49407386 792638
529 54955740 48755818 55475096 48915917 471 55955068 48935081 292514 55955696 49132788 1.64088e+06
530 44724310 49338217 45655895 49350933 1146 45723431 49411977 1.00028e+06 45724121 49386431 858727
531 51771656 49108071 52462617 49186375 456 52770984 49287334 416128 52771467 49156285 1.15129e+06
532 44927950 48498866 45773242 48984068 384 45927566 48623315 253345 45927935 49255069 1.92738e+06
533 57135837 48850145 57969420 48874901 1484 58135453 48974594 306454 58135793 49227115 1.51417e+06
534 47300275 49056409 48296467 49160029 329 48299603 49235672 397285 48300086 49104623 1.2288e+06
535 50033368 48833326 50266901 49367306 390 51027436 49416713 317220 51033324 49210296 1.56107e+06
536 56819804 49242360 56920224 49315014 2791 57819615 49290574 658499 57819615 49290574 1.0737e+06
537 52563081 49014085 52998427 49020806 420 53563037 49391055 384090 53563037 49391055 1.34568e+06
538 51306713 49355250 52224503 49405277 3775 52306524 49403464 1.22269e+06 52306524 49403464 856574
539 47964044 49401805 48727664 49404888 770 48962565 49414683 2.92738e+06 48962565 49414683 727301
540 48981542 49377899 49427447 49405247 5736 49980063 49390777 1.62743e+06 49980063 49390777 780216
541 42966441 49388018 43748275 49409859 4106 43964962 49400896 1.90662e+06 43964962 49400896 738633
542 54283805 49393678 54563915 49409357 387 55282326 49406556 2.14052e+06 55282326 49406556 677317
543 45024892 49259758 45793329 49267734 866 46024508 49384207 577474 46024703 49307972 841411
544 54035611 48706782 54234207 48828364 359 55034873 49218180 242407 55035567 49083752 1.51843e+06
545 47003708 49375859 47224558 49416865 1760 48002229 49388737 1.45169e+06 48002229 49388737 713499
546 44253525 49257317 44625579 49418650 817 45253336 49305531 605229 45253336 49305531 989269
547 51597882 48617857 51794402 49278458 477 52597323 49176228 308729 52597867 49374060 1.9668e+06
548 53268986 49214177 53350818 49335552 472 54268797 49262391 484835 54268797 49262391 933216
549 48170419 49047270 48566478 49371688 802 49169110 49178204 334019 49170230 49095484 1.3296e+06
550 48116657 49085785 48938546 49309389 716 49114542 49389559 457181 49116468 49133999 1.21872e+06
551 54644934 49257146 55073651 49360989 1506 55644745 49305360 668418 55644745 49305360 1.02372e+06
552 56545109 49122747 57440924 49149090 398 57543751 49376755 480184 57544920 49170961 1.22324e+06
553 50530564 48962209 51243409 48963296 412 51529255 49093143 350550 51530520 49339179 1.4386e+06
554 49961280 48842825 50661736 49274067 348 50957472 48946445 337517 50961236 49219795 1.7044e+06
555 48732749 49190999 49050840 49199108 1617 49731270 49203877 570919 49732365 49315448 1.1457e+06
556 47207296 49146068 47462941 49147426 837 48207107 49194282 463393 48207107 49194282 1.16184e+06
557 40088326 49157695 40356583 49267157 490 41088137 49205909 484176 41088137 49205909 1.22186e+06
558 52399440 48640631 52574949 49407447 371 53399178 49144522 325144 53399425 49396834 1.96243e+06
559 57247500 49128169 57713205 49184894 422 58241019 49130457 501619 58247311 49176383 1.19229e+06
560 47417226 49166345 47834794 49244705 709 48416842 49290794 524903 48417037 49214559 1.20898e+06
561 51389301 48633602 51507840 48953259 365 52388422 48707362 282267 52389286 49389805 1.80197e+06
562 50649500 48959845 51387431 49029261 513 51649456 49336815 352235 51649456 49336815 1.45696e+06
563 55138944 49294730 55598337 49399628 2285 56138755 49342944 819497 56138755 49342944 1.05679e+06
564 48451202 49090397 49287057 49359967 399 49450818 49214846 409811 49451013 49138611 1.26052e+06
565 46224088 49053103 46910885 49331879 520 47222779 49184037 385119 47223899 49101317 1.2816e+06
566 47514518 48614974 48114272 48900760 331 48514256 49118865 346158 48514503 49371177 1.94363e+06
567 46249933 49193141 46700423 49410679 986 47249744 49241355 701108 47249744 49241355 1.04892e+06
568 54187758 49189045 55071549 49338611 586 55187569 49237259 466667 55187569 49237259 971195
569 52664484 48792676 53306202 48860089 395 53664295 48840890 275489 53664440 49169646 1.63564e+06
570 47737476 48797385 48025298 48826280 749 48736728 49128664 299955 48737432 49174355 1.57314e+06
571 53963885 49282014 54101776 49407414 997 54963696 49330228 702486 54963696 49330228 928501
572 48101839 49283970 48389188 49358696 2090 49101455 49408419 709523 49101650 49332184 938395
573 54141709 49238710 54552847 49391636 369 55141520 49286924 607227 55141520 49286924 1.02548e+06
574 48488684 48629721 49131343 49003583 328 49488090 49386215 264840 49488669 49385924 1.73828e+06
575 43366709 49310153 44305878 49400520 431 44365830 49383913 1.00038e+06 44366520 49358367 921467
576 52107776 49128171 52408807 49386337 1547 53106467 49259105 435283 53107587 49176385 1.14459e+06
577 48488964 48998073 49284181 49067755 435 49488775 49046287 365423 49488920 49375043 1.31759e+06
578 47405614 49128455 47539943 49395962 380 48404942 49307718 449204 48405425 49176669 1.16643e+06
579 46738252 49312792 46832152 49415385 1909 47736773 49325670 859937 47738063 49361006 915186
580 50678909 49351053 51277169 49396328 332 51678720 49399267 1.17361e+06 51678720 49399267 836994
581 52916161 49133819 53207998 49194944 719 53915972 49182033 431528 53915972 49182033 1.11664e+06
582 48667565 48616851 49423488 48907914 317 49666207 48870859 270704 49667550 49373054 1.7817e+06
583 54357614 49349205 54831561 49402279 923 55351133 49351493 1.13583e+06 55357425 49397419 840726
584 48760185 49237850 49355256 49376554 1331 49759996 49286064 599550 49759996 49286064 1.17582e+06
585 51227381 48886388 52190724 49145449 383 52226709 49065651 343146 52227337 49263358 1.51651e+06
586 42346074 49017058 42807401 49083217 397 43345402 49196321 428933 43346030 49394028 1.29001e+06
587 51343981 49360392 51882693 49366401 4612 52343792 49408606 1.44398e+06 52343792 49408606 966549
588 49980736 48993779 50575807 49132483 475 50980547 49041993 367699 50980692 49370749 1.3916e+06
589 55058084 49161115 55646883 49174432 470 56057700 49285564 521369 56057895 49209329 1.1535e+06
590 45940559 49337418 46475765 49413595 372 46940370 49385632 1.15042e+06 46940370 49385632 907954
591 50832428 49216209 51195046 49395452 1111 51832239 49264423 583348 51832239 49264423 1.06132e+06
592 44993954 48973346 45012067 49149469 428 45993570 49097795 355368 45993910 49350316 1.3775e+06
593 48139092 49107703 48410055 49342711 534 49138903 49155917 426526 49138903 49155917 1.21086e+06
594 52871626 49300292 53710428 49364243 1177 53870147 49313170 831502 53871437 49348506 954081
595 44004987 48808510 44386144 49352373 331 45004315 48987773 325807 45004943 49185480 1.59275e+06
596 53773611 49068207 54673799 49176010 790 54773227 49192656 405139 54773422 49116421 1.25479e+06
597 47942357 49007879 48474734 49344605 323 48942313 49384849 369792 48942313 49384849 1.30109e+06
598 49374629 49291942 50003857 49409700 667 50374440 49340156 738365 50374440 49340156 948157
599 52701940 49356281 53372783 49385515 900 53701751 49404495 1.29362e+06 53701751 49404495 855424
600 51414892 49184823 51550280 49409453 400 52414703 49233037 511763 52414703 49233037 1.08866e+06
601 49263924 49243583 49914877 49263565 544 50263540 49368032 605840 50263735 49291797 1.00967e+06
602 49644640 49004917 50414792 49096547 329 50643968 49184180 357176 50644596 49381887 1.28476e+06
603 54507502 48903282 55372498 49071198 326 55506764 49414680 319575 55507458 49280252 1.42228e+06
604 44794594 49178640 45562596 49412540 567 45794405 49226854 492715 45794405 49226854 1.06434e+06
605 48401015 49011770 48680695 49236930 1147 49400136 49085530 364670 49400971 49388740 1.27426e+06
606 49039020 49333639 49916852 49342402 1628 50037541 49346517 1.01255e+06 50038831 49381853 767142
607 52603676 49328424 53536389 49417840 639 53602797 49402184 819925 53603487 49376638 828526
608 44839094 49400234 45751263 49403875 6060 45837615 49413112 2.72356e+06 45837615 49413112 694858
609 46093192 49180825 46990995 49186951 597 47092313 49254585 461264 47093003 49229039 1.06594e+06
610 46629065 49209542 47393568 49300656 397 47628876 49257756 532905 47628876 49257756 1.00089e+06
611 51281288 49118392 51955060 49220709 1300 52279930 49372400 396563 52281099 49166606 1.02375e+06
612 50120566 49199546 50452141 49344668 481 51120377 49247760 427058 51120377 49247760 953934
613 45824554 49249566 46112376 49278461 609 46823675 49323326 535664 46824365 49297780 847405
614 60766539 49256351 61242404 49268829 788 61766350 49304565 654310 61766350 49304565 925786
615 47505432 48569658 48110097 49325103 342 48503953 48582536 258290 48505417 49325861 1.82039e+06
616 49966076 49118469 50005294 49139488 316 50964597 49131347 402035 50965887 49166683 1.09682e+06
617 47186691 49018207 47605201 49211563 504 48185382 49149141 328411 48186647 49395177 1.13804e+06
618 44091057 49405345 44271057 49419201 19195 45089578 49418223 3.03598e+06 45089578 49418223 665417
619 55046480 49278953 55922374 49297690 344 56046291 49327167 572983 56046291 49327167 913252
620 53304389 49113963 53367501 49328304 1416 54304005 49238412 411203 54304200 49162177 1.06028e+06
621 48531319 49165460 49084076 49404483 1308 49531130 49213674 454685 49531130 49213674 1.01171e+06
622 50388444 48867077 50833067 49193542 414 51387135 48998011 260655 51388400 49244047 1.44174e+06
623 49248967 48660448 49342644 48879795 450 50248952 49416651 249239 50248952 49416651 1.61376e+06
624 59102744 49205362 59345738 49361950 544 60101265 49218240 494910 60102555 49253576 942727
625 52050268 49267468 52255483 49384357 800 53049884 49391917 577583 53050079 49315682 931423
626 52987895 49361549 53529681 49395258 461 53987706 49409763 1.16475e+06 53987706 49409763 757312
627 47161027 49305672 47216094 49329296 785 48160148 49379432 759054 48160838 49353886 769034
628 55288989 49135693 56251632 49309122 669 56288800 49183907 508074 56288800 49183907 1.29529e+06
629 47251959 49172680 47691178 49387597 783 48251575 49297129 595985 48251770 49220894 1.50721e+06
630 46752456 49167485 47659914 49206044 926 47752072 49291934 727071 47752267 49215699 1.56353e+06
631 46940553 49007974 47505676 49185018 485 47939881 49187237 544503 47940509 49384944 1.84929e+06
632 48243821 49031781 49139561 49367889 396 49243632 49079995 555914 49243777 49408751 1.78468e+06
633 50562959 49130907 51363766 49347038 1868 51562770 49179121 591192 51562770 49179121 1.5078e+06
634 49391402 49417932 49944260 49418717 80648 50323093 49418289 9.4401e+06 50323093 49418289 804830
635 49520070 48883879 50403009 49123590 1773 50519191 48957639 370920 50520026 49260849 1.74164e+06
636 47889861 48935965 48230391 49113542 370 48889672 48984179 458814 48889817 49312935 1.75258e+06
637 53430918 48875051 54363631 48964467 549 54430534 48999500 496275 54430874 49252021 1.9108e+06
638 45553084 48788852 46235062 49032768 403 46552822 49292743 247144 46553040 49165822 1.47307e+06
639 55914253 48992919 56006004 49373404 803 56913869 49117368 448000 56914209 49369889 1.34214e+06
640 46172064 49182710 47023061 49319658 370 47171875 49230924 555038 47171875 49230924 1.04614e+06
641 54502943 48796582 55271429 49311697 313 55499959 49383495 291586 55502899 49173552 1.50079e+06
642 43210322 49217563 43222303 49404536 403 44210133 49265777 515799 44210133 49265777 976316
643 52340028 48511626 52448859 49151162 334 53340013 49267829 252803 53340013 49267829 1.85974e+06
644 49545541 49017336 49982182 49146630 394 50545497 49394306 362660 50545497 49394306 1.25967e+06
645 51389225 48657179 51605133 49237276 375 52387110 48960953 265749 52389210 49413382 1.70461e+06
646 50333174 49057558 50408206 49348749 547 51332295 49131318 368627 51332985 49105772 1.1907e+06
647 47351141 49054981 47459068 49333864 713 48350952 49103195 470268 48350952 49103195 1.25315e+06
648 48421949 49003268 48932589 49120022 377 49421565 49127717 369783 49421905 49380238 1.38846e+06
649 49788695 49190005 49849940 49309541 739 50788023 49369268 513770 50788506 49238219 1.11945e+06
650 47537578 49415807 47873051 49417871 2433 48531097 49418095 5.88319e+06 48531097 49418095 680331
651 56103936 48942575 56422288 48973947 413 57103892 49319545 318266 57103892 49319545 1.25522e+06
652 46796938 48996137 47683981 49220878 395 47794321 49366389 321849 47796894 49373107 1.18045e+06
653 45633589 49329280 46595596 49403162 1478 46633400 49377494 820496 46633400 49377494 811803
654 50963694 49347938 51570654 49355784 407 51963505 49396152 1.01937e+06 51963505 49396152 776566
655 41242057 48937496 41503749 49053428 351 42241868 48985710 290966 42242013 49314466 1.27292e+06
656 64233693 48672733 64660844 48928903 360 65232335 48926741 258414 65233649 49049703 1.61462e+06
657 47328853 49366185 47959566 49401329 1795 48327374 49379063 1.34889e+06 48328664 49414399 759987
658 43485458 49356645 44225057 49368153 1838 44485269 49404859 1.06698e+06 44485269 49404859 727962
659 52417857 48487292 53093786 48976796 421 53417298 49045663 211083 53417842 49243495 1.67781e+06
660 43176908 48629459 43671274 49037745 330 44176719 48677673 220086 44176893 49385662 1.50853e+06
661 54294816 49173562 55263091 49186070 470 55294144 49352825 402408 55294627 49221776 909920
662 47208648 49132109 47413840 49413155 533 48208264 49256558 348847 48208459 49180323 958064
663 48480143 49200802 49179151 49227179 546 49479471 49380065 414429 49479954 49249016 883089
664 46728482 49094920 47421108 49346619 544 47727603 49168680 339264 47728293 49143134 998115
665 48674114 49335905 49199751 49398240 932 49667633 49338193 814150 49673925 49384119 769752
666 46204704 48632394 46227869 48713411 423 47204032 48811657 222611 47204689 49388597 1.51836e+06
667 43393859 49298311 43430630 49411980 580 44390051 49401931 654900 44393670 49346525 769183
668 53435117 49366568 53864309 49406163 718 54433638 49379446 1.20732e+06 54434928 49414782 693405
669 49050056 49099179 49931480 49268063 724 50049384 49278442 339534 50049867 49147393 1.00401e+06
670 48843145 49340609 49085847 49348655 533 49842956 49388823 856065 49842956 49388823 728169
671 49292923 49304066 50123025 49370041 760 50286442 49306354 674596 50292734 49352280 852064
672 49477121 49182769 50456567 49192005 839 50476449 49362032 448820 50476932 49230983 972323
673 46219142 49000138 46494262 49264044 454 47218953 49048352 301107 47219098 49377108 1.28245e+06
674 54951392 49313542 55016930 49408777 2404 55951203 49361756 756276 55951203 49361756 872872
675 47129273 48943694 47959375 49009669 362 48128525 49274973 294251 48129229 49320664 1.21906e+06
676 48297737 48910753 49188224 49329407 370 49297475 49414644 273782 49297693 49287723 1.2526e+06
677 52545167 49149575 53264221 49269479 810 53544978 49197789 394537 53544978 49197789 1.01089e+06
678 51332916 48954091 51799909 49316762 358 52332872 49331061 294529 52332872 49331061 1.1851e+06
679 52282031 49285920 52508448 49314208 1327 53281647 49410369 634475 53281842 49334134 807223
680 48247106 49057513 48252436 49401638 415 49246917 49105727 321915 49246917 49105727 1.09119e+06
681 46005687 48790490 46738020 48924566 371 47004939 49121769 254027 47005643 49167460 1.39806e+06
682 48880018 49252284 49393478 49332395 342 49879634 49376733 564005 49879829 49300498 893897
683 54116374 49134225 54529446 49148439 407 55115702 49313488 405657 55116185 49182439 1.04357e+06
684 50892511 49070460 51045938 49258847 395 51892127 49194909 345406 51892322 49118674 1.08829e+06
685 48467416 48833178 48628980 49120996 371 49466857 49391549 259379 49467372 49210148 1.41507e+06
686 50168017 48491020 51085657 49125331 384 51165033 49077933 244050 51168002 49247223 1.74671e+06
687 55311411 49156459 56244124 49245875 306 56311222 49204673 449740 56311222 49204673 1.01671e+06
688 53089332 49414715 53321509 49414974 40549 54082851 49417003 4.36134e+06 54082851 49417003 690891
689 47642713 49002296 48009933 49198683 334 48642669 49379266 305240 48642669 49379266 1.13247e+06
690 46441754 49367713 46744280 49395072 1135 47441565 49415927 1.24645e+06 47441565 49415927 706909
691 50206959 49101524 51067441 49392732 467 51205601 49355532 378931 51206770 49149738 1.08039e+06
692 48610255 49376285 48671341 49398201 1756 49608776 49389163 1.445e+06 49608776 49389163 726258
693 47441522 49266682 48282499 49380045 507 48441138 49391131 573345 48441333 49314896 839801
694 54855288 48663813 55542463 49264054 380 55855026 49167704 252625 55855244 49040783 1.59527e+06
695 48441871 49326892 49160377 49342547 3678 49440392 49339770 791216 49441682 49375106 809508
696 47078877 49318309 47694326 49340010 420 48078688 49366523 802539 48078688 49366523 809858
697 55581227 49228345 56285426 49359625 763 56580843 49352794 514329 56581038 49276559 932079
698 48091326 49366303 48299100 49381939 573 49078318 49403374 1.30601e+06 49091137 49414517 750799
699 46801135 49315177 47193823 49363312 3664 47800946 49363391 801319 47800946 49363391 807784
700 45712310 49316614 46117745 49360303 455 46711431 49390374 758162 46712121 49364828 784038
701 48830501 49248350 48911480 49356217 1017 49830117 49372799 565922 49830312 49296564 860248
702 53889320 48730270 54556203 48965985 466 54888761 49288641 241966 54889276 49107240 1.45463e+06
703 50347907 49129278 50649975 49133128 317 51347235 49308541 382237 51347718 49177492 1.05835e+06
704 49186581 49405844 49287745 49408666 18177 50185102 49418722 3.18212e+06 50185102 49418722 728257
705 45374187 49076092 45912450 49157420 507 46372878 49207026 323551 46373998 49124306 1.06647e+06
706 49940822 49115469 49979786 49181850 437 50940633 49163683 360681 50940633 49163683 1.00884e+06
707 50807280 48627187 51458937 49416926 332 51807265 49383390 238756 51807265 49383390 1.58014e+06
708 49708834 49172873 49711223 49334596 431 50699581 49403746 417928 50708645 49221087 949068
709 59600595 48949164 59826322 49141134 375 60600211 49073613 293492 60600551 49326134 1.20028e+06
710 58067629 49417714 58230885 49418484 22569 58999320 49418071 5.43288e+06 58999320 49418071 651195
711 55360850 49081102 56210243 49099152 384 56360178 49260365 337083 56360661 49129316 1.05517e+06
712 48161853 49110049 48384569 49133029 1509 49161181 49289312 365688 49161664 49158263 1.04173e+06
713 47498195 49222927 48476694 49344393 420 48497523 49402190 473292 48498006 49271141 888581
714 52998293 48929910 53699395 49041316 444 53997909 49054359 304237 53998249 49306880 1.2328e+06
715 53660866 48650081 54078470 48982384 326 54660307 49208452 271029 54660851 49406284 1.71523e+06
716 49337035 48821669 49814106 48885689 492 50336991 49198639 327608 50336991 49198639 1.67886e+06
717 43568885 48721962 44133841 49109844 1676 44567484 49345491 291997 44568841 49098932 1.60336e+06
718 50704329 49300051 51669927 49324011 351 51700521 49403671 791935 51704140 49348265 860492
719 45910928 49075294 46200641 49249690 421 46909619 49206228 382127 46910544 49199743 1.14343e+06
720 40924102 49340874 41240476 49391461 846 41923913 49389088 1.07918e+06 41923913 49389088 870453
721 49710006 48845834 50683874 49083320 400 50709622 48970283 285383 50709962 49222804 1.44063e+06
722 48064287 48672198 48392681 49160334 320 49062285 49012978 271694 49064243 49049168 1.63508e+06
723 49863906 49205070 50029180 49410281 546 50862427 49217948 477971 50863522 49329519 960326
724 55312091 49167348 55775578 49211923 662 56311707 49291797 462807 56311902 49215562 1.00276e+06
725 46518184 49108516 47305389 49165211 327 47517512 49287779 386221 47517995 49156730 1.0567e+06
726 47119231 49286827 47427110 49344477 451 48119042 49335041 670774 48119042 49335041 884036
727 51434911 49046265 51578604 49098419 429 52434527 49170714 363781 52434722 49094479 1.19791e+06
728 55483329 49112282 55698477 49161969 523 56482020 49243216 384359 56483140 49160496 1.0833e+06
729 48004736 49222267 48772590 49288133 783 49004547 49270481 524961 49004547 49270481 933392
730 49001894 48997451 49865677 49071961 531 50001510 49121900 334730 50001850 49374421 1.21015e+06
731 46286183 48758358 46533899 48852011 401 47285511 48937621 276910 47286139 49135328 1.51102e+06
732 46712479 48636980 47040082 49000514 330 47709770 49394730 245017 47712464 49393183 1.6143e+06
733 43838293 49105639 44689856 49196662 440 44838104 49153853 378797 44838104 49153853 1.08006e+06
734 46294796 48617382 47224576 49253479 327 47294607 48665596 266116 47294781 49373585 1.71465e+06
735 44780404 48741183 44793093 49152969 455 45780360 49118153 259149 45780360 49118153 1.55589e+06
736 41178531 49382678 41946517 49383187 375 42177052 49395556 1.72279e+06 42177052 49395556 747242
737 47893070 49387650 48457619 49416558 567 48891591 49400528 1.91851e+06 48891591 49400528 678071
738 49194813 49256248 49545727 49377391 504 50193334 49269126 519083 50194624 49304462 843853
739 49655091 49271196 49895050 49322714 1393 50648610 49273484 567970 50654902 49319410 817809
740 53449741 49097513 54059004 49232296 441 54448383 49351521 338218 54449552 49145727 1.01257e+06
741 45097927 49358392 45800193 49367528 3112 46096448 49371270 1.11526e+06 46097738 49406606 755872
742 50821780 48671069 51090790 49104731 382 51820988 49276799 233175 51821736 49048039 1.52485e+06
743 50986905 48787666 51579599 49262333 329 51986643 49291557 249678 51986861 49164636 1.37946e+06
744 50706606 49271537 51377197 49413508 645 51706417 49319751 569042 51706417 49319751 814166
745 51981198 49417333 52144454 49418103 28833 52912889 49417690 5.96906e+06 52912889 49417690 668326
746 45206191 49119751 46055076 49211596 1343 46206002 49167965 358610 46206002 49167965 1.00592e+06
747 51085756 48780208 51948515 48853506 332 52085008 49111487 249166 52085712 49157178 1.41539e+06
748 45901317 49328519 46533629 49393618 574 46899838 49341397 796942 46901128 49376733 763524
749 55066664 48485496 55453659 48799356 450 56066620 48862466 213370 56066649 49241699 1.73739e+06
750 49574359 49057072 50056380 49389804 332 50574170 49105286 363595 50574170 49105286 1.10996e+06
751 51283661 49383040 51333475 49406633 448 52282182 49395918 1.54901e+06 52282182 49395918 692510
752 54175908 48814289 54733589 49296506 546 55175524 48938738 258254 55175864 49191259 1.41577e+06
753 46266949 48567810 47227479 49018147 398 47265005 49280083 233634 47266934 49324013 1.63664e+06
754 42535531 48956266 43484465 49340833 342 43534859 49135529 301893 43535487 49333236 1.26996e+06
755 53550977 49410484 54040321 49415446 22078 54544496 49412772 3.72645e+06 54544496 49412772 763783
756 50047920 48933584 50262505 49249912 621 51047536 49058033 339058 51047876 49310554 1.4147e+06
757 48355947 48804162 48561670 49172543 381 49355563 48928611 307950 49355903 49181132 1.60065e+06
758 46436568 48620016 47253578 49285247 544 47436184 48744465 278983 47436553 49376219 1.87444e+06
759 40714455 49171790 40855355 49172874 1429 41713146 49302724 513166 41714266 49220004 1.1425e+06
760 45108935 49156175 45706763 49267555 431 46096993 49408103 499400 46108746 49204389 1.16973e+06
761 52226106 49037784 52946053 49211569 415 53225722 49162233 437465 53226062 49414754 1.18904e+06
762 49763853 48765079 50237134 49281985 495 50763061 49370809 257936 50763809 49142049 1.41479e+06
763 54460723 49350480 54957430 49396200 1746 55460534 49398694 987797 55460534 49398694 726129
764 48624506 49345466 49592781 49357974 353 49623627 49419226 928075 49624317 49393680 733546
765 40905977 48674311 41905788 48722525 580 41905418 49232682 229986 41905933 49051281 1.48644e+06
766 54479113 48833769 54723525 49084075 326 55478924 48881983 277034 55479069 49210739 1.33208e+06
767 49756539 49354344 49837754 49411860 2129 50756350 49402558 1.17149e+06 50756350 49402558 800099
768 45189167 49176765 46138744 49325583 811 46188288 49250525 555003 46188978 49224979 1.18065e+06
769 44346970 48908981 44408096 49125189 380 45346926 49285951 297409 45346926 49285951 1.31794e+06
770 54220657 48850989 54801090 48873485 393 55220098 49409360 283109 55220613 49227959 1.44626e+06
771 53425999 49070821 53746424 49173786 583 54425120 49144581 393496 54425810 49119035 1.16342e+06
772 45567414 49113756 45616840 49331116 367 46562497 49346576 406458 46567225 49161970 1.13646e+06
773 46473092 49286999 46686616 49385170 332 47472903 49335213 633485 47472903 49335213 801625
774 45978103 48900744 46381771 48918370 339 46977355 49232023 273120 46978059 49277714 1.33803e+06
775 56682590 48811327 56787796 49399428 1284 57682206 48935776 330995 57682546 49188297 1.41803e+06
776 51113666 49360315 51721464 49369541 515 52113477 49408529 1.15986e+06 52113477 49408529 717475
777 55105819 49179272 55255178 49305173 1052 56105435 49303721 427024 56105630 49227486 1.0589e+06
778 55191904 49393704 55566093 49400231 2728 56190425 49406582 2.17105e+06 56190425 49406582 823032
779 43956526 49392410 44699430 49394495 1497 44955047 49405288 2.32761e+06 44955047 49405288 733869
780 45428150 49021591 45993273 49198635 593 46426841 49152525 351873 46428106 49398561 1.36421e+06
781 43758632 49316993 44452559 49352979 2639 44757153 49329871 1.04358e+06 44758443 49365207 1.03792e+06
782 44545954 49011674 44573334 49148939 331 45545910 49388644 354078 45545910 49388644 1.25773e+06
783 51570897 49143523 52057675 49417016 700 52570225 49322786 417615 52570708 49191737 1.10994e+06
784 51616127 49405341 52031066 49417954 8332 52614648 49418219 3.01437e+06 52614648 49418219 715700
785 44251573 49203250 44845688 49215183 647 45250901 49382513 488977 45251384 49251464 971348
786 46894549 49398985 47499397 49404957 526 47893070 49411863 2.70002e+06 47893070 49411863 718777
787 48582014 49362894 49027919 49390242 1578 49581825 49411108 1.27129e+06 49581825 49411108 760154
788 54995144 48915092 55274732 48986599 527 55994955 48963306 317946 55995100 49292062 1.35004e+06
789 54575189 49070388 54982610 49383639 589 55574517 49249651 379338 55575000 49118602 1.20369e+06
790 51018677 49197321 51724882 49402609 1572 52018005 49376584 527435 52018488 49245535 1.02566e+06
791 45900231 49199054 46085097 49305979 575 46899847 49323503 512650 46900042 49247268 1.02781e+06
792 51628521 49288362 52125228 49334082 1201 52628137 49412811 714378 52628332 49336576 864913
793 50486008 49122766 50875465 49229605 379 51485624 49247215 362129 51485819 49170980 1.12528e+06
794 42549726 49260086 42611364 49340260 996 43549537 49308300 603218 43549537 49308300 885973
795 59575192 48530091 60567548 49374479 321 60575148 48907061 270493 60575177 49286294 2.01276e+06
796 54328983 48451332 54476640 49136782 374 55328794 48499546 237355 55328968 49207535 1.90015e+06
797 53641903 49263047 53915826 49403294 420 54641714 49311261 623296 54641714 49311261 869163
798 45233103 48872831 45243158 49403238 389 46230988 49176605 306676 46233059 49249801 1.35372e+06
799 54550211 49268877 55213945 49369700 569 55550022 49317091 611496 55550022 49317091 888964
800 44685723 49413100 44706886 49417740 10738 45679242 49415388 4.65765e+06 45679242 49415388 734389
801 52460406 48881350 52817499 48935077 933 53460217 48929564 297481 53460362 49258320 1.36137e+06
802 53343013 49226932 53515587 49313063 452 54342341 49406195 518866 54342824 49275146 934883
803 48003210 48618709 48558056 48695182 358 49000416 49304252 251772 49003195 49374912 1.69545e+06
804 50957104 48979198 51296694 49205559 452 51956225 49052958 321656 51957060 49356168 1.17598e+06
805 56504634 49143530 56906342 49387605 937 57504445 49191744 382743 57504445 49191744 1.12708e+06
806 47461114 49196020 47596919 49241618 510 48460730 49320469 516084 48460925 49244234 916083
807 48470254 48939936 49352510 49210952 375 49467575 49315440 324015 49470210 49316906 1.26722e+06
808 47611144 48593424 47917540 48847323 348 48609142 48934204 237161 48611129 49349627 1.64131e+06
809 54123618 49218334 54724474 49219476 674 55123429 49266548 475313 55123429 49266548 889664
810 52240721 49239762 53220991 49402628 316 53240532 49287976 502764 53240532 49287976 885181
811 45850566 48842877 46145773 49236600 349 46850007 49401248 273084 46850522 49219847 1.32045e+06
812 49172105 49003143 49984566 49123812 493 50170103 49343923 305070 50172061 49380113 1.15518e+06
813 43291224 48797907 44115820 49403612 1567 44291180 49174877 275243 44291180 49174877 1.38249e+06
814 49121619 48973096 49789708 49253642 319 50121575 49350066 300287 50121575 49350066 1.17544e+06
815 53712870 49310904 53915073 49411743 686 54712681 49359118 723129 54712681 49359118 764089
816 39849411 49188352 39953002 49350841 1192 40849222 49236566 425938 40849222 49236566 932265
817 48797621 49228449 49426197 49231166 649 49796312 49359383 470728 49797432 49276663 893217
818 49773327 49225966 49926088 49229753 494 50772943 49350415 486719 50773138 49274180 919751
819 48819827 48742875 49593384 49084889 312 49818469 48996883 270175 49819783 49119845 1.50109e+06
820 56425670 49393251 57165269 49404759 3030 57424191 49406129 1.94083e+06 57424191 49406129 676729
821 56203260 49169798 56693405 49418930 1942 57202876 49294247 419475 57203071 49218012 915956
822 42994802 48915296 43443829 49179826 525 43993115 49265482 268857 43994758 49292266 1.24772e+06
823 45782163 49030448 46199767 49362751 311 46781491 49209711 321585 46782119 49407418 1.08909e+06
824 48033356 48768905 48243506 49131576 372 49032047 48899839 249821 49033312 49145875 1.39915e+06
825 44728345 49297059 45464589 49390387 503 45721864 49299347 641340 45728156 49345273 797136
826 52721669 49277833 53371455 49412590 442 53720790 49351593 565716 53721480 49326047 825644
827 44446159 49364098 45233220 49417842 438 45445970 49412312 1.20403e+06 45445970 49412312 722800
828 52203700 49171834 52705824 49330265 461 53203511 49220048 414825 53203511 49220048 938078
829 52558550 49227252 53115960 49253854 343 53558361 49275466 527790 53558361 49275466 908441
830 44240844 49173183 44301119 49399622 376 45240655 49221397 444940 45240655 49221397 964511
831 39700413 49343696 40176278 49356174 519 40699534 49417456 917024 40700224 49391910 807737
832 47081534 49231109 48072773 49297915 904 48080862 49410372 522763 48081345 49279323 920106
833 46800315 48759450 46981835 48849995 387 47800271 49136420 247093 47800271 49136420 1.57086e+06
834 47817319 48576233 47882015 49192822 323 48816935 48700682 260877 48817304 49332436 1.81238e+06
835 49406635 48621279 50347735 48909586 511 50405897 49132677 370432 50406620 49377482 1.8951e+06
836 48758975 48762722 49233719 48767901 431 49756860 49066496 278204 49758931 49139692 1.64756e+06
837 50924846 49370910 51750383 49412032 4305 51924657 49419124 1.37865e+06 51924657 49419124 757315
838 41240109 48582635 42154449 49246015 382 42239515 49339129 237077 42240094 49338838 1.68145e+06
839 51274524 48513537 52079528 48579523 607 52273852 48692800 231242 52274509 49269740 1.71478e+06
840 49898994 48717127 50631206 49348937 356 50898246 49048406 248375 50898950 49094097 1.49829e+06
841 54727987 49002605 55179727 49220826 448 55727603 49127054 305444 55727943 49379575 1.15954e+06
842 47082839 49407220 47491427 49414900 19996 48076358 49409508 3.62718e+06 48076358 49409508 705887
843 42075866 48717799 42952717 48728347 388 43075128 49229197 235353 43075822 49094769 1.49097e+06
844 48909342 49355266 48979753 49374810 1345 49902861 49357554 1.05504e+06 49909153 49403480 741590
845 53471741 49390014 53818330 49398147 1457 54470262 49402892 1.92523e+06 54470262 49402892 709327
846 52328902 48934441 53079070 49181289 415 53325369 49267178 289201 53328858 49311411 1.31374e+06
847 49122569 48791632 49146691 49122604 815 50121897 48970895 304994 50122525 49168602 1.40859e+06
848 49349970 48817542 49794256 49011610 372 50349708 49321433 259651 50349926 49194512 1.35957e+06
849 45661471 49272527 45996944 49274591 702 46661282 49320741 577754 46661282 49320741 817055
850 43396206 49155143 43565066 49184189 344 44396017 49203357 390999 44396017 49203357 952994
851 46905611 49263746 46951027 49410532 558 47897330 49359649 551029 47905422 49311960 836952
852 46088835 49228332 46350527 49344264 574 47085027 49331952 483844 47088646 49276546 877431
853 42705545 49152105 43450508 49240911 456 43705356 49200319 373238 43705356 49200319 965999
854 45605592 48681867 46478261 49055261 334 46604713 48755627 234052 46605548 49058837 1.49191e+06
855 51787187 48742355 52524207 49303407 334 52786998 48790569 238024 52787143 49119325 1.43414e+06
856 54290720 48993151 55194195 49290069 371 55290676 49370121 305475 55290676 49370121 1.13242e+06
857 48194845 49267005 48217816 49292526 644 49194656 49315219 548782 49194656 49315219 839044
858 49871477 49149093 50105672 49397375 382 50870168 49280027 390062 50871288 49197307 978988
859 49433242 49045841 49495213 49194441 314 50433053 49094055 330178 50433053 49094055 1.08475e+06
860 50265958 49100217 51217155 49253780 466 51265574 49224666 353270 51265769 49148431 1.0354e+06
861 55478810 49113191 56236767 49347707 666 56478426 49237640 383831 56478621 49161405 1.03202e+06
862 51380990 49402698 52361245 49409199 2192 52379511 49415576 2.7974e+06 52379511 49415576 674888
863 49145654 48603024 49836274 49114371 349 50145392 49106915 234947 50145639 49359227 1.58777e+06
864 51828706 48883020 52363888 49102276 334 52822225 48885308 293262 52828662 49259990 1.25991e+06
865 51820265 48943849 51974355 49120060 426 52820076 48992063 289191 52820221 49320819 1.20536e+06
866 49672759 49285145 49905209 49417605 1234 50671880 49358905 654568 50672570 49333359 841273
867 40748909 48796088 41256410 48929777 362 41748350 49354459 267551 41748865 49173058 1.39589e+06
868 53363766 49382636 54106670 49384721 8536 54362287 49395514 1.52423e+06 54362287 49395514 689651
869 47813988 48948826 48032597 49389390 550 48813944 49325796 317728 48813944 49325796 1.2165e+06
870 49796059 49294983 50419435 49417105 511 50795870 49343197 640158 50795870 49343197 844261
871 53236480 49315562 53918926 49334778 519 54229999 49317850 821635 54236291 49363776 822568
872 62198586 48833050 62467529 49359125 431 63197107 48845928 297470 63198542 49210020 1.35759e+06
873 49271154 49203531 50086043 49249843 1436 50270770 49327980 491709 50270965 49251745 980606
874 52968146 48687396 53423927 48805131 348 53967884 49191287 280660 53968102 49064366 1.62135e+06
875 47942438 48794302 48596630 48983790 649 48942176 49298193 266546 48942394 49171272 1.56899e+06
876 52615427 48674013 53297465 49282515 354 53615165 49177904 240441 53615383 49050983 1.56373e+06
877 55912655 48667365 56501035 49150192 361 56909671 49254278 246972 56912611 49044335 1.6022e+06
878 47391514 49281152 48268365 49291700 401 48391130 49405601 585324 48391325 49329366 822027
879 50641029 49180118 50851286 49252347 916 51640150 49253878 420381 51640840 49228332 956974
880 53293995 49369115 53748696 49384507 5070 54292516 49381993 1.30935e+06 54293806 49417329 712533
881 50883433 49311835 51106206 49372870 919 51883244 49360049 710396 51883244 49360049 934007
882 54939085 49368158 55233190 49382764 1502 55938896 49416372 1.58209e+06 55938896 49416372 718027
883 48289693 49318920 48698281 49326600 673 49289504 49367134 747342 49289504 49367134 767307
884 49408272 49387603 49697760 49417634 3335 50406793 49400481 1.74146e+06 50406793 49400481 730459
885 52417211 49337479 52470828 49390998 305 53416332 49411239 879842 53417022 49385693 739254
886 51641738 49395571 51646753 49407859 2731 52640259 49408449 2.15448e+06 52640259 49408449 662681
887 50044363 49119192 51023057 49196317 840 51035141 49177256 375127 51044174 49167406 1.05667e+06
888 46871305 48851304 47689705 48936136 530 47871261 49228274 263491 47871261 49228274 1.32564e+06
889 49827463 49191789 50509987 49368845 1586 50823655 49295409 507072 50827274 49240003 921464
890 51232035 48732123 51477486 49184949 346 52231846 48780337 251901 52231991 49109093 1.60609e+06
891 49229848 48477788 49669383 48848686 325 50228490 48731796 259472 50229833 49233991 1.92632e+06
892 53138430 49011541 53692459 49052212 467 54137551 49085301 343654 54138386 49388511 1.23146e+06
893 47390959 49058397 47898816 49076028 404 48388844 49362171 381671 48390770 49106611 1.17558e+06
894 52494891 49181107 52499906 49193395 1891 53494507 49305556 450996 53494702 49229321 928161
895 44798721 49375187 45100789 49379037 4935 45797242 49388065 1.45658e+06 45797242 49388065 722547
896 44115758 49418377 44494009 49418685 92769 45047449 49418734 6.4222e+06 45047449 49418734 638401
897 54190420 49179413 55083043 49208602 436 55190231 49227627 420218 55190231 49227627 941039
898 49625870 49022527 49899793 49162774 650 50624991 49096287 331992 50625826 49399497 1.27804e+06
899 54660605 48447197 55124778 48695014 339 55660011 49203691 240597 55660590 49203400 1.92254e+06
900 47692343 48598880 48136629 48792948 443 48691784 49157251 249723 48692328 49355083 1.72092e+06
901 50377325 48874386 50480655 49270545 699 51377136 48922600 294042 51377281 49251356 1.38478e+06
902 50574562 49206560 50739647 49225475 718 51574373 49254774 505499 51574373 49254774 984667
903 54329605 49380216 54958009 49394280 3443 55323124 49382504 1.65092e+06 55328126 49393094 792489
904 59350084 48960188 59786269 49201897 510 60349895 49008402 331250 60350040 49337158 1.33959e+06
905 44645654 49159556 44799955 49349064 1506 45644982 49338819 436474 45645465 49207770 1.03088e+06
906 43790655 49086337 44419234 49209996 460 44790271 49210786 426508 44790466 49134551 1.10791e+06
907 50691824 49214341 51105739 49309084 2266 51691635 49262555 474082 51691635 49262555 929675
908 45427590 49089901 45581988 49306837 581 46427401 49138115 426173 46427401 49138115 1.1062e+06
909 50155007 49326663 50676022 49356407 3019 51154818 49374877 874330 51154818 49374877 855483
910 54821392 49378599 55054567 49381334 1310 55819913 49391477 1.74475e+06 55819913 49391477 778162
911 40774781 49151342 41321804 49224723 440 41773902 49225102 437273 41774397 49275791 1.0498e+06
912 51752947 49241417 52239468 49377628 479 52752563 49365866 565560 52752758 49289631 953005
913 45600197 48714912 45612948 49249722 326 46599449 49046191 255149 46600153 49091882 2.04696e+06
914 45619797 49315325 46449899 49381300 1676 46618918 49389085 1.51603e+06 46619608 49363539 999679
915 44205429 48827963 44924464 49149333 389 45205240 48876177 330202 45205385 49204933 1.67865e+06
916 48538760 49396984 48621400 49397080 1412 49537281 49409862 3.48271e+06 49537281 49409862 1.17073e+06
917 47274129 49272264 47639648 49363208 1827 48273745 49396713 1.03326e+06 48273940 49320478 1.3299e+06
918 52790514 49231068 53487169 49263929 368 53789842 49410331 810168 53790325 49279282 1.26534e+06
919 58142890 48740206 59137973 48973026 365 59142331 49298577 342841 59142846 49117176 2.01206e+06
920 49419133 48805880 49855415 48909057 982 50418871 49309771 345452 50419089 49182850 1.7478e+06
921 48446953 48624134 48850222 49398888 372 49446161 49229864 314875 49446938 49380337 2.03817e+06
922 48350316 49193418 49281901 49206134 876 49349644 49372681 628217 49350127 49241632 1.29721e+06
923 50202621 48973022 50418153 49291694 527 51202237 49097471 420537 51202577 49349992 1.56417e+06
924 52693724 48795974 52976090 49163056 392 53693680 49172944 345362 53693680 49172944 1.90043e+06
925 45232959 49080434 45752774 49203367 1077 46232211 49411713 488197 46232770 49128648 1.39817e+06
926 47068875 49352458 47811779 49354543 2304 48068686 49400672 1.91539e+06 48068686 49400672 1.10811e+06
927 44757672 49386512 45130862 49417663 3895 45756193 49399390 3.02521e+06 45756193 49399390 1.24327e+06
928 49917234 48888590 50543512 49015715 588 50915232 49229370 466231 50917190 49265560 1.91052e+06
929 52807236 48962325 52964102 49287298 598 53806357 49036085 407842 53807192 49339295 1.62055e+06
930 49970630 48638586 50715593 48727392 419 50969892 49149984 345222 50970615 49394789 2.10271e+06
931 48874262 49358796 49697027 49380114 1070 49872783 49371674 1.74151e+06 49874073 49407010 1.06538e+06
932 48948856 49413449 49018257 49417645 17707 49942375 49415737 6.88606e+06 49942375 49415737 884604
933 50551750 49314073 51143994 49344443 902 51550871 49387833 1.06478e+06 51551561 49362287 1.07671e+06
934 55311286 49369296 56125911 49390865 680 56311097 49417510 1.82344e+06 56311097 49417510 988301
935 51725891 48754580 52211402 48997664 1457 52725143 49085859 349720 52725847 49131550 1.865e+06
936 48349805 48982497 48644005 49253061 600 49349057 49313776 429704 49349761 49359467 1.57076e+06
937 56665691 48801314 57062426 48887371 652 57665647 49178284 375055 57665647 49178284 1.83468e+06
938 56486790 49322475 56866694 49382994 5232 57486601 49370689 1.14284e+06 57486601 49370689 1.03929e+06
939 58378492 49390258 58682209 49411176 12188 59377013 49403136 2.55683e+06 59377013 49403136 933049
940 46010610 49402333 46368498 49406381 5147 47009131 49415211 3.9022e+06 47009131 49415211 874389
941 54071322 49400117 54314328 49402547 2229 55069843 49412995 3.64622e+06 55069843 49412995 888700
942 54633915 48744672 55298248 49146184 794 55633356 49303043 365503 55633871 49121642 2.11901e+06
943 42935792 49399132 43368584 49412376 10604 43934313 49412010 3.59266e+06 43934313 49412010 774139
944 44259727 49019955 44933775 49080637 334 45257612 49323729 370585 45259683 49396925 1.37188e+06
945 49635740 49045096 50567401 49299222 571 50635068 49224359 418097 50635551 49093310 1.50425e+06
946 54269924 49324533 54817729 49393386 2210 55269045 49398293 1.07683e+06 55269735 49372747 972816
947 50105692 48992883 50433171 49191423 378 51104213 49005761 365349 51105648 49369853 1.31826e+06
948 48393971 49419137 49015024 49419264 53176 49239440 49419149 9.27868e+06 49239440 49419149 756479
949 43380827 49369615 43489818 49412071 627 44380638 49417829 1.5575e+06 44380638 49417829 946294
950 47448581 49337194 47628606 49397819 973 48447702 49410954 1.35247e+06 48448392 49385408 1.27017e+06
951 47869343 49328751 47892508 49409768 475 48869154 49376965 1.42495e+06 48869154 49376965 1.16958e+06
952 43840431 49079847 44538473 49229842 462 44840047 49204296 526427 44840242 49128061 1.49394e+06
953 38634694 49300172 38890673 49350997 4245 39633215 49313050 1.18062e+06 39634505 49348386 1.24605e+06
954 57610253 49255271 57721955 49338717 2730 58603772 49257559 1.0374e+06 58610064 49303485 1.47329e+06
955 44003537 49368218 44336845 49384637 475 45003348 49416432 1.9038e+06 45003348 49416432 1.07952e+06
956 51711309 49209030 52116095 49317374 791 52710925 49333479 584160 52711120 49257244 1.15671e+06
957 45570298 49164105 45839854 49190749 482 46569914 49288554 529780 46570109 49212319 1.14316e+06
958 47659663 49189682 48658184 49202560 1179 48659474 49237896 565190 48659474 49237896 1.20624e+06
959 50248147 49190318 50400807 49367410 501 51247763 49314767 631754 51247958 49238532 1.19436e+06
960 47031144 49245751 47963787 49258891 1971 48030955 49293965 782962 48030955 49293965 1.13862e+06
961 51392147 48861098 51478609 49111681 901 52389468 49236602 342711 52392103 49238068 1.49509e+06
962 42926323 48991290 43189308 49118973 607 43924965 49245298 383724 43926279 49368260 1.32724e+06
963 47494174 49167863 48173133 49355482 390 48493502 49347126 516084 48493985 49216077 1.09555e+06
964 55346012 48926500 56314287 48939008 476 56345968 49303470 322946 56345968 49303470 1.38254e+06
965 48314471 49236465 48470349 49350903 317 49313799 49415728 592054 49314282 49284679 997345
966 48725430 49082425 48925428 49206806 365 49724758 49261688 403521 49725241 49130639 1.18716e+06
967 50535711 49313141 50959079 49405946 361 51534832 49386901 827832 51535522 49361355 921971
968 49586946 48922578 49984247 49098356 1315 50586067 48996338 347059 50586902 49299548 1.35686e+06
969 48299363 48922665 48860963 49168535 359 49298691 49101928 310061 49299319 49299635 1.33958e+06
970 52361012 49132490 53037990 49143096 479 53360340 49311753 434317 53360823 49180704 1.13654e+06
971 52850030 48492746 53072982 49181327 447 53849986 48869716 248541 53850015 49248949 1.99387e+06
972 49968420 49009387 50867045 49333109 334 50968231 49057601 384782 50968376 49386357 1.26544e+06
973 49344727 49115058 49587721 49271646 322 50344055 49294321 405421 50344538 49163272 1.14796e+06
974 48837113 49137044 49199170 49307534 501 49836234 49210804 446572 49836924 49185258 1.16585e+06
975 41214912 49145863 41752050 49259917 473 42213554 49399871 468074 42214723 49194077 1.1633e+06
976 53354401 48780654 53848767 49188940 374 54353663 49292052 305767 54354357 49157624 1.63439e+06
977 52623476 48525452 52975262 49378769 554 53619943 48858189 274347 53623461 49281655 1.94382e+06
978 57371790 49335464 58050761 49356787 885 58371601 49383678 965535 58371601 49383678 857692
979 55166053 49051375 55277029 49277574 1119 56165864 49099589 381205 56165864 49099589 1.23747e+06
980 51232706 49202539 51876955 49251164 461 52232034 49381802 509236 52232517 49250753 1.06356e+06
981 54925020 48731903 55236507 49090278 371 55924228 49337633 297527 55924976 49108873 1.6973e+06
982 52386953 48837530 53165399 48954096 333 53386764 48885744 304277 53386909 49214500 1.54759e+06
983 49344370 49184379 50210991 49397561 1349 50344181 49232593 511515 50344181 49232593 1.09768e+06
984 42865675 49280643 43513153 49290156 791 43865291 49405092 694993 43865486 49328857 953563
985 47781519 48984344 48287616 49228528 342 48780847 49163607 348726 48781475 49361314 1.38299e+06
986 53070168 48639069 53105118 49093499 745 54069289 48712829 258520 54070153 49395272 1.74422e+06
987 47729390 49335457 48606241 49346005 2948 48729201 49383671 915392 48729201 49383671 833451
988 45084309 49378110 45676553 49408480 4579 46077828 49380398 1.5975e+06 46082830 49390988 752478
989 48559259 48788085 48841648 49384478 391 49558997 49291976 281556 49559215 49165055 1.49916e+06
990 41829161 49381754 42289164 49387915 595 42827682 49394632 1.84382e+06 42827682 49394632 750465
991 41233255 49273258 42111087 49282021 398 42233066 49321472 649253 42233066 49321472 946348
992 46231371 48828949 46986487 49174606 447 47231109 49332840 308436 47231327 49205919 1.58442e+06
993 48915904 49000483 49124810 49086532 442 49915520 49124932 344398 49915860 49377453 1.32904e+06
994 49721113 49391128 50015191 49397045 7770 50719634 49404006 2.05285e+06 50719634 49404006 793488
995 53756996 49239568 53918689 49371065 692 54756612 49364017 623646 54756807 49287782 972970
996 42022742 48805806 42708282 48825665 354 43022004 49317204 286493 43022698 49182776 1.53631e+06
997 46864178 48820492 47494639 49030837 361 47863506 48999755 298928 47864134 49197462 1.48196e+06
998 46667617 49225473 46746390 49374313 592 47667428 49273687 544039 47667428 49273687 1.00012e+06
999 56914400 49168707 57548444 49172523 445 57914211 49216921 434571 57914211 49216921 1.04593e+06
