0 9430 9430 0.129318
1 9895 9895 0.129318
2 9430 9430 0.129318
3 9430 9430 0.129318
4 9895 9895 0.129318
5 9430 9430 0.129318
6 9895 9895 0.129318
7 9430 9430 0.129318
8 9895 9895 0.129318
9 9895 9895 0.129318
10 9895 9895 0.129318
11 6988 6988 0.129318
12 6988 6988 0.129318
13 9895 9895 0.129318
14 9895 9895 0.129318
15 9430 9430 0.129318
16 9895 9895 0.129318
17 9895 9895 0.129318
18 9895 9895 0.129318
19 9430 9430 0.129318
20 9895 9895 0.129318
21 9895 9895 0.129318
22 9430 9430 0.129318
23 9895 9895 0.129318
24 9430 9430 0.129318
25 9895 9895 0.129318
26 9895 9895 0.129318
27 9895 9895 0.129318
28 9895 9895 0.129318
29 9895 9895 0.129318
30 9430 9430 0.129318
31 9430 9430 0.129318
32 9895 9895 0.129318
33 9430 9430 0.129318
34 9430 9430 0.129318
35 7175 7175 0.129318
36 9895 9895 0.129318
37 9895 9895 0.129318
38 9895 9895 0.129318
39 9430 9430 0.129318
40 9895 9895 0.129318
41 9430 9430 0.129318
42 9430 9430 0.129318
43 9895 9895 0.129318
44 9430 9430 0.129318
45 9430 9430 0.129318
46 9895 9895 0.129318
47 9694 9694 0.129318
48 9895 9895 0.129318
49 9895 9895 0.129318
