0 2231 2231 0.0166225
1 2231 2231 0.0166225
2 2231 2231 0.0166225
3 2231 2231 0.0166225
4 2231 2231 0.0166225
5 2231 2231 0.0166225
6 2231 2231 0.0166225
7 2231 2231 0.0166225
8 2231 2231 0.0166225
9 2231 2231 0.0166225
10 1940 1940 0.0166225
11 2231 2231 0.0166225
12 2231 2231 0.0166225
13 2231 2231 0.0166225
14 2231 2231 0.0166225
15 2231 2231 0.0166225
16 2231 2231 0.0166225
17 2231 2231 0.0166225
18 2231 2231 0.0166225
19 2231 2231 0.0166225
20 1940 1940 0.0166225
21 2231 2231 0.0166225
22 2231 2231 0.0166225
23 2231 2231 0.0166225
24 2231 2231 0.0166225
25 2231 2231 0.0166225
26 2231 2231 0.0166225
27 2231 2231 0.0166225
28 2231 2231 0.0166225
29 2231 2231 0.0166225
30 2231 2231 0.0166225
31 2231 2231 0.0166225
32 2231 2231 0.0166225
33 2231 2231 0.0166225
34 2231 2231 0.0166225
35 1940 1940 0.0166225
36 2231 2231 0.0166225
37 2231 2231 0.0166225
38 2231 2231 0.0166225
39 2231 2231 0.0166225
40 2231 2231 0.0166225
41 2231 2231 0.0166225
42 2231 2231 0.0166225
43 2231 2231 0.0166225
44 2231 2231 0.0166225
45 2231 2231 0.0166225
46 2231 2231 0.0166225
47 2235 2231 0.0166225
48 2231 2231 0.0166225
49 2231 2231 0.0166225
