0 7255.66 7255.66 0.00632847
1 7376.18 7376.18 0.00632847
2 7174.32 7174.32 0.00632847
3 7362.75 7362.75 0.00632847
4 7229.93 7229.93 0.00632847
5 7028.05 7028.05 0.00632847
6 7425.43 7425.43 0.00632847
7 6973.82 6973.82 0.00632847
8 7146.42 7146.42 0.00632847
9 7072.74 7072.74 0.00632847
10 7141.51 7141.51 0.00632847
11 7338.89 7338.89 0.00632847
12 7058.17 7058.17 0.00632847
13 7086.12 7086.12 0.00632847
14 7182.74 7182.74 0.00632847
15 7072.7 7072.7 0.00632847
16 7408.53 7408.53 0.00632847
17 7210.4 7210.4 0.00632847
18 7217.95 7217.95 0.00632847
19 7182.27 7182.27 0.00632847
20 7310.98 7310.98 0.00632847
21 7143.43 7143.43 0.00632847
22 7176.31 7176.31 0.00632847
23 7387.99 7387.99 0.00632847
24 7225.48 7225.48 0.00632847
25 7342.21 7342.21 0.00632847
26 7420.75 7420.75 0.00632847
27 7114.5 7114.5 0.00632847
28 7237.98 7237.98 0.00632847
29 7332.74 7332.74 0.00632847
30 7528.61 7528.61 0.00632847
31 7281.72 7281.72 0.00632847
32 7510.04 7510.04 0.00632847
33 7403.98 7403.98 0.00632847
34 7306.41 7306.41 0.00632847
35 7263 7263 0.00632847
36 7334.3 7334.3 0.00632847
37 7512.05 7512.05 0.00632847
38 7296.55 7296.55 0.00632847
39 7005.68 7005.68 0.00632847
40 7072.86 7072.86 0.00632847
41 7301.95 7301.95 0.00632847
42 7390.75 7390.75 0.00632847
43 7247.34 7247.34 0.00632847
44 7035.75 7035.75 0.00632847
45 7439.27 7439.27 0.00632847
46 7340.15 7340.15 0.00632847
47 7072.54 7072.54 0.00632847
48 7400.88 7400.88 0.00632847
49 7512.89 7512.89 0.00632847
