0 7625.4 7625.4 0.0104911
1 7837.1 7837.1 0.0104911
2 7916.61 7916.61 0.0104911
3 8067.04 8067.04 0.0104911
4 7544.37 7544.37 0.0104911
5 7544.37 7544.37 0.0104911
6 7817.63 7817.63 0.0104911
7 8041.01 8041.01 0.0104911
8 7721.89 7696.14 0.0104911
9 7673.23 7673.23 0.0104911
10 7544.37 7544.37 0.0104911
11 7707.29 7707.29 0.0104911
12 8131.88 8097.13 0.0104911
13 7544.37 7544.37 0.0104911
14 8044.79 8032.94 0.0104911
15 7544.37 7544.37 0.0104911
16 8167.92 8167.92 0.0104911
17 8076.19 8071.2 0.0104911
18 7544.37 7544.37 0.0104911
19 8077.44 8070.3 0.0104911
20 7544.37 7544.37 0.0104911
21 7544.37 7544.37 0.0104911
22 7750.29 7750.29 0.0104911
23 8078.62 8078.62 0.0104911
24 8036.34 8036.34 0.0104911
25 7799.14 7776.21 0.0104911
26 8009.86 8007.71 0.0104911
27 7707.29 7707.29 0.0104911
28 8115.54 8108.46 0.0104911
29 7862.97 7862.97 0.0104911
30 8242.94 8242.94 0.0104911
31 8153.92 8144.03 0.0104911
32 7926.48 7926.48 0.0104911
33 8036.2 8036.2 0.0104911
34 8084.08 8084.08 0.0104911
35 8130.84 8103.26 0.0104911
36 7682.36 7682.36 0.0104911
37 8070.64 8070.64 0.0104911
38 7793.93 7753.77 0.0104911
39 8007.45 7987.59 0.0104911
40 8120.46 8120.46 0.0104911
41 7735.8 7735.8 0.0104911
42 7734.11 7734.11 0.0104911
43 8114.34 8109.36 0.0104911
44 8055.21 8055.21 0.0104911
45 7811.13 7811.13 0.0104911
46 7787.13 7787.13 0.0104911
47 7544.37 7544.37 0.0104911
48 8165.35 8165.35 0.0104911
49 7874.3 7868.61 0.0104911
